0	0	0.1	0.2	0.3	0.4	0.5	0.6	0.7	0.8	0.9	1	1.1	1.2	1.3	1.4	1.5
264.1	534.69	533.75	533.55	533.27	532.69	533.1	532.91	532.94	532.84	534.06	534.12	534.27	535.44	536.81	536.986	536.7857143
264.2	533.95	534.4	533.69	533.68	532.67	533.39	532.74	533.91	532.7	534.05	534.81	534.9	535.46	536.92	536.8785714	537.4285714
264.3	533.72	535.07	533.89	533.9	533.21	533.32	533.09	533.97	532.83	533.91	535.11	535.52	535.83	536.79	537.1471429	537.7210714
264.4	535.02	535.48	534.39	534.08	533.93	532.99	533.64	533.44	533.69	534.03	535.18	535.95	536.31	536.89	537.5714286	538.1967857
264.5	536.78	535.35	535.03	534.24	534.34	533.01	533.89	533.19	534.71	534.77	535.29	536.31	536.69	537.25	537.9842857	538.6157143
264.6	537.3	535.16	535.65	534.53	534.47	533.75	533.7	533.58	534.62	535.8	535.86	536.52	537.22	537.43	538.3571429	538.9810714
264.7	537.15	535.4	536.01	535.09	534.6	534.62	533.27	534.19	533.95	536.14	536.89	536.98	537.69	537.92	539.0385714	539.7353571
264.8	537.18	535.81	535.9	535.66	534.79	535	533.37	534.38	533.63	535.71	537.53	537.98	538.11	538.75	540.0614286	540.9307143
264.9	537.78	536.08	535.77	536.19	535.2	535.03	534.33	534.06	534.09	535.21	537.44	538.77	539.04	539.21	540.9614286	541.9939286
265	539.07	536.14	536.01	536.52	535.79	535.12	535.32	533.54	534.75	535.24	537.01	538.98	539.98	540.03	541.8857143	543.0882143
265.1	539.95	536.07	536.41	536.47	536.26	535.38	535.64	533.76	534.85	535.7	536.67	538.81	540.35	541.2	542.5385714	543.8396429
265.2	539.21	536.32	536.63	536.4	536.7	535.91	535.56	534.96	534.4	535.93	536.78	538.36	540.46	541.62	542.4342857	543.6675
265.3	537.94	537.36	536.64	536.62	537.03	536.5	535.64	536.04	533.79	535.67	537	538.07	540.19	541.89	542.2	543.3696429
265.4	537.94	538.46	536.56	536.97	537.07	536.84	535.98	536.25	534.16	535.15	536.92	538.09	539.63	542.01	541.91	543.0228571
265.5	538.71	538.9	536.88	537.15	537.03	537.19	536.64	536.08	535.63	535.17	536.6	538.06	539.29	541.4	541.2	542.1346429
265.6	539.83	539.05	537.96	537.16	537.23	537.56	537.19	536.16	536.77	536.29	536.43	537.92	539.16	540.71	540.5	541.2164286
265.7	540.84	539.27	539.03	537.12	537.52	537.68	537.39	536.62	536.85	537.68	537.1	537.79	539.09	540.33	540.1685714	540.73
265.8	540.44	539.75	539.44	537.5	537.65	537.67	537.68	537.38	536.57	538.24	538.49	538.11	539.1	540.18	540.2	540.6760714
265.9	539.48	540.51	539.52	538.58	537.69	537.82	538.1	537.87	536.69	538.1	539.5	539.24	539.3	540.29	540.6585714	541.145
266	539.71	540.92	539.74	539.6	537.7	538.04	538.32	537.91	537.28	538.02	539.69	540.52	540.07	540.56	541.44	542.0125
266.1	540.57	540.43	540.32	539.97	538.13	538.15	538.3	538.16	538.15	538.34	539.58	541.12	541.36	541.04	542.2271429	542.8642857
266.2	541.19	539.93	541.16	540.03	539.19	538.24	538.4	538.67	538.53	539.06	539.64	541.19	542.35	542.14	543.1085714	543.8292857
266.3	541.68	540.09	541.51	540.26	540.17	538.32	538.55	538.97	538.39	539.68	540.07	541.12	542.72	543.38	543.9514286	544.7846429
266.4	541.57	540.52	540.97	540.91	540.5	538.77	538.65	538.93	538.63	539.68	540.8	541.22	542.71	544.09	544.4628571	545.3621429
266.5	541.43	541.14	540.44	541.76	540.54	539.8	538.81	538.96	539.26	539.59	541.1	541.83	542.59	544.33	544.6671429	545.5603571
266.6	541.97	541.59	540.54	542.04	540.8	540.73	538.94	539.05	539.64	539.96	540.83	542.41	542.86	544.14	544.7214286	545.5842857
266.7	542.46	541.38	540.99	541.49	541.49	541.04	539.4	539.16	539.53	540.42	540.82	542.26	543.55	544	544.8771429	545.7485714
266.8	542.59	541.25	541.63	540.99	542.35	541.07	540.39	539.4	539.5	540.55	541.2	541.89	543.74	544.57	545.1685714	546.0732143
266.9	542.45	541.81	541.96	541.04	542.57	541.35	541.3	539.58	539.54	540.56	541.52	542	543.22	545.15	545.2971429	546.2082143
267	542.43	542.52	541.72	541.48	542.03	542.08	541.58	540.03	539.67	540.57	541.64	542.37	542.92	544.75	544.9157143	545.7178571
267.1	542.84	543.11	541.72	542.07	541.53	542.91	541.6	540.98	540.02	540.6	541.72	542.65	543.15	544.04	544.3785714	545.0032143
267.2	543.17	543.53	542.36	542.3	541.55	543.09	541.91	541.87	540.22	540.89	541.68	542.84	543.55	543.96	544.27	544.8014286
267.3	543.13	543.63	543.14	542.1	541.97	542.57	542.66	542.11	540.63	541.37	541.83	542.82	543.9	544.34	544.5257143	545.05
267.4	543.23	543.86	543.79	542.24	542.49	542.07	543.46	542.13	541.57	541.89	542.48	542.79	543.99	544.84	544.7942857	545.2896429
267.5	543.75	544.34	544.17	542.96	542.63	542.05	543.62	542.48	542.45	542.62	543.26	543.37	543.85	545.16	544.9685714	545.3825
267.6	544.62	544.74	544.3	543.78	542.5	542.45	543.12	543.24	542.65	543.41	543.92	544.44	544.16	545.02	545.1757143	545.5110714
267.7	545.88	544.99	544.63	544.45	542.78	542.88	542.61	544	542.66	543.78	544.53	545.31	545.35	544.98	545.78	546.1317857
267.8	546.82	545	545.16	544.81	543.56	542.95	542.56	544.15	543.04	543.85	545	545.8	546.64	546.01	547.0314286	547.5575
267.9	546.99	545.04	545.6	545.01	544.43	542.93	542.92	543.68	543.81	544.13	545.18	546.17	547.23	547.75	548.4342857	549.1875
268	547.23	545.33	545.87	545.43	545.11	543.34	543.25	543.14	544.55	544.74	545.42	546.44	547.41	548.74	549.2371429	550.1021429
268.1	547.91	545.55	545.88	545.98	545.46	544.17	543.28	543.06	544.69	545.4	545.87	546.72	547.64	548.78	549.5057143	550.3764286
268.2	548.72	545.72	545.93	546.46	545.72	545.08	543.38	543.37	544.24	545.73	546.35	547.12	547.97	548.84	549.84	550.7421429
268.3	549.27	546	546.2	546.75	546.22	545.76	543.92	543.6	543.64	545.59	546.71	547.45	548.41	549.15	550.3714286	551.3732143
268.4	548.96	546.33	546.38	546.75	546.8	546.11	544.8	543.62	543.54	545.17	546.83	547.67	548.71	549.65	550.8742857	551.9789286
268.5	548.22	546.92	546.51	546.81	547.31	546.46	545.75	543.87	543.82	544.93	546.72	547.88	548.74	550.07	551.06	552.1810714
268.6	547.94	547.93	546.69	547.05	547.63	547.03	546.41	544.51	543.93	545.05	546.51	548.07	548.83	549.99	550.8785714	551.9235714
268.7	548.29	548.77	546.87	547.2	547.62	547.62	546.78	545.43	543.97	545.14	546.48	548.07	549.18	549.81	550.6528571	551.5989286
268.8	548.98	549.22	547.46	547.32	547.69	548.17	547.22	546.41	544.39	545.06	546.57	547.99	549.51	550.09	550.6042857	551.4689286
268.9	549.59	549.56	548.52	547.39	547.9	548.51	547.84	547.06	545.11	545.11	546.44	548.01	549.55	550.75	550.6971429	551.5132143
269	549.72	549.77	549.38	547.46	548.03	548.49	548.44	547.46	546.06	545.54	546.26	547.89	549.49	551.08	550.55	551.2667857
269.1	549.55	550.02	549.86	548.03	548.13	548.55	549.04	547.99	547.09	546.36	546.32	547.6	549.38	551.02	550.0957143	550.6282143
269.2	550.06	550.29	550.17	549.13	548.08	548.73	549.39	548.65	547.7	547.37	546.84	547.33	549.05	550.89	549.6014286	549.9364286
269.3	551.15	550.26	550.3	550.02	548.02	548.85	549.35	549.27	548.14	548.2	547.76	547.47	548.59	550.56	549.1471429	549.2914286
269.4	551.89	550.14	550.54	550.54	548.61	548.94	549.41	549.92	548.77	548.78	548.72	548.18	548.31	550.05	548.8	548.7596429
269.5	552.67	550.29	550.84	550.79	549.74	548.76	549.56	550.27	549.46	549.46	549.5	549.14	548.68	549.39	548.7685714	548.6071429
269.6	553.56	550.66	550.84	550.82	550.68	548.59	549.69	550.21	550.09	550.29	550.25	550.08	549.54	549.31	549.3942857	549.2510714
269.7	554.1	551.22	550.78	551.03	551.23	549.2	549.74	550.27	550.81	551.08	551.18	550.95	550.53	549.98	550.4628571	550.4071429
269.8	554.56	551.79	550.96	551.36	551.4	550.38	549.41	550.39	551.17	551.78	552.12	551.96	551.56	550.91	551.7728571	551.8628571
269.9	554.98	551.98	551.36	551.43	551.31	551.35	549.15	550.52	551.06	552.15	552.87	553.06	552.65	552.06	553.2971429	553.6082143
270	554.82	552.08	552	551.44	551.51	551.92	549.79	550.53	551.12	552.05	553.29	553.96	553.88	553.24	554.8042857	555.36
270.1	554.64	552.67	552.54	551.65	551.89	551.99	551.02	550.03	551.21	551.94	553.19	554.47	554.99	554.57	556.3014286	557.1482143
270.2	555.21	553.48	552.64	552.09	552.02	551.78	552.04	549.7	551.35	552.02	552.92	554.4	555.67	555.91	557.3742857	558.4332143
270.3	555.63	554.09	552.71	552.77	552.11	551.99	552.62	550.39	551.31	552.08	552.88	554.01	555.69	556.83	557.6	558.6717857
270.4	555.35	554.7	553.29	553.29	552.35	552.42	552.56	551.68	550.63	551.96	552.85	553.81	555.21	557.04	557.1814286	558.1489286
270.5	555.17	555.19	554.03	553.31	552.82	552.63	552.24	552.75	550.22	551.47	552.7	553.7	554.81	556.51	556.4071429	557.2175
270.6	555.17	555.48	554.62	553.39	553.55	552.8	552.46	553.3	550.99	551.03	552.41	553.46	554.63	555.91	555.61	556.2364286
270.7	555.23	555.96	555.18	553.94	554.02	553.06	552.96	553.1	552.36	551.46	552.1	553.19	554.33	555.61	555.05	555.5214286
270.8	555.7	556.43	555.58	554.62	553.99	553.56	553.25	552.68	553.47	552.69	552.3	553.03	553.93	555.29	554.64	554.9646429
270.9	556.24	556.48	555.89	555.19	554.06	554.33	553.49	552.95	553.99	553.92	553.24	553.21	553.8	554.74	554.3042857	554.4571429
271	556.19	556.52	556.47	555.67	554.58	554.75	553.77	553.52	553.62	554.57	554.39	553.93	554.08	554.45	554.5185714	554.6282143
271.1	556.12	556.84	556.94	555.98	555.22	554.67	554.31	553.89	553.08	554.49	555.16	554.93	554.73	554.8	555.3642857	555.5953571
271.2	556.61	556.99	557.02	556.33	555.75	554.75	555.11	554.19	553.44	554.12	555.39	555.73	555.58	555.56	556.2871429	556.6442857
271.3	557.49	556.99	557.13	556.98	556.15	555.23	555.47	554.48	554.1	554.23	555.25	556.11	556.34	556.35	556.9757143	557.4032143
271.4	558.4	557.2	557.42	557.46	556.37	555.82	555.35	555.07	554.55	554.81	555.27	556.2	556.76	557.02	557.3342857	557.7507143
271.5	559.16	557.49	557.55	557.58	556.77	556.32	555.43	555.89	554.9	555.27	555.72	556.33	556.98	557.43	557.48	557.8314286
271.6	559.76	557.7	557.62	557.74	557.49	556.62	555.86	556.18	555.19	555.56	556.2	556.69	557.29	557.63	557.7742857	558.12
271.7	560.3	558.08	557.9	557.98	557.99	556.77	556.43	556.04	555.82	555.85	556.47	557.14	557.71	558.08	558.3285714	558.7282143
271.8	560.84	558.5	558.24	558.11	558.16	557.23	556.87	556.11	556.69	556.32	556.74	557.41	558.11	558.7	558.8257143	559.2435714
271.9	561.29	558.8	558.5	558.26	558.34	558.01	557.07	556.5	556.89	557.02	557.03	557.65	558.38	559.12	559.1514286	559.5610714
272	561.51	559.3	558.89	558.62	558.53	558.53	557.16	557.04	556.71	557.33	557.49	557.88	558.57	559.39	559.39	559.7942857
272.1	561.27	560.02	559.28	559.02	558.67	558.75	557.69	557.41	556.77	557.17	557.88	558.13	558.79	559.5	559.56	559.9625
272.2	561.17	560.64	559.62	559.31	558.9	558.93	558.54	557.5	557.12	557.17	557.77	558.42	558.93	559.73	559.7428571	560.1557143
272.3	561.23	561.04	560.22	559.68	559.35	559.06	559.08	557.56	557.64	557.57	557.7	558.37	559.04	559.85	559.7428571	560.1167857
272.4	561.4	561.38	560.98	560.06	559.81	559.24	559.35	558.17	557.95	558.15	558.09	558.22	558.99	559.78	559.4757143	559.725
272.5	561.85	561.76	561.5	560.48	560.11	559.56	559.5	559.07	557.92	558.61	558.72	558.55	558.77	559.68	559.2557143	559.3796429
272.6	562.35	562.18	561.73	561.19	560.46	560.1	559.58	559.64	557.95	558.78	559.34	559.24	558.96	559.35	559.2671429	559.3246429
272.7	563.05	562.52	561.94	561.96	560.84	560.61	559.82	559.96	558.66	558.84	559.8	559.95	559.68	559.35	559.6514286	559.6985714
272.8	563.66	562.67	562.29	562.35	561.35	560.91	560.23	560.06	559.62	559.33	560.05	560.62	560.48	560.04	560.45	560.5553571
272.9	564.41	562.67	562.73	562.41	562.19	561.24	560.87	560.11	560.21	560.26	560.35	561.15	561.26	560.97	561.4114286	561.6103571
273	565.15	562.75	563.08	562.52	562.95	561.63	561.41	560.41	560.57	560.92	561.1	561.46	562.06	561.79	562.2814286	562.555
273.1	565.67	563.1	563.16	562.84	563.18	562.27	561.69	560.92	560.61	561.17	561.82	562.01	562.61	562.75	563.1742857	563.5432143
273.2	566.45	563.63	563.12	563.3	563.06	563.21	562.01	561.65	560.62	561.19	562	562.75	563.03	563.67	563.9071429	564.3514286
273.3	567.2	564.21	563.28	563.63	563.09	563.93	562.43	562.23	561.03	561.16	561.98	562.95	563.68	564.11	564.2671429	564.7217857
273.4	567.58	564.7	563.75	563.62	563.39	563.98	563.2	562.48	561.62	561.42	561.96	562.8	564.01	564.63	564.5042857	564.9546429
273.5	567.44	565.29	564.41	563.57	563.88	563.7	564.25	562.78	562.44	562.02	562.09	562.73	563.73	565.13	564.4657143	564.835
273.6	567.1	565.98	565.03	563.84	564.17	563.65	564.89	563.26	563.05	562.76	562.6	562.81	563.5	564.81	564.0557143	564.2557143
273.7	566.85	566.56	565.5	564.44	564.06	563.95	564.75	564.17	563.24	563.34	563.25	563.2	563.55	564.32	563.7142857	563.7475
273.8	567.17	567.22	566.1	565.22	564.02	564.46	564.31	565.29	563.54	563.63	563.81	563.82	563.84	564.3	563.7214286	563.6435714
273.9	568.15	567.78	566.79	565.88	564.4	564.69	564.21	565.83	564.09	563.94	564.18	564.33	564.4	564.5	564.0414286	563.935
274	568.93	568.18	567.35	566.33	565.14	564.49	564.52	565.49	565.16	564.53	564.6	564.66	564.92	564.99	564.6428571	564.5767857
274.1	569.16	568.61	567.97	566.95	566.05	564.49	565.05	564.9	566.35	565.53	565.24	565.13	565.17	565.57	565.3057143	565.2789286
274.2	569.37	568.99	568.46	567.62	566.73	564.99	565.19	564.77	566.76	566.64	566.07	565.89	565.56	565.79	565.9128571	565.9096429
274.3	569.87	569.13	568.83	568.17	567.15	565.88	564.89	565.09	566.19	567.13	566.99	566.73	566.41	565.94	566.7242857	566.8167857
274.4	570.37	569.13	569.27	568.74	567.8	566.91	564.96	565.63	565.46	566.75	567.49	567.53	567.41	566.78	567.8828571	568.1732143
274.5	570.82	569.24	569.68	569.17	568.46	567.58	565.6	565.67	565.32	566.09	567.33	567.93	568.2	567.99	569.0128571	569.5328571
274.6	570.92	569.35	569.81	569.5	568.98	567.99	566.64	565.3	565.65	565.88	566.86	567.8	568.54	568.93	569.65	570.3139286
274.7	570.79	569.68	569.81	569.94	569.51	568.66	567.78	565.46	566.22	566.21	566.63	567.46	568.3	569.33	569.5185714	570.1264286
274.8	571.13	570.39	569.9	570.34	569.87	569.31	568.43	566.24	566.14	566.67	566.85	567.32	567.94	568.95	568.9271429	569.3692857
274.9	571.96	570.99	569.98	570.46	570.17	569.8	568.83	567.43	565.68	566.7	567.23	567.53	567.9	568.37	568.4185714	568.7075
275	572.66	571.32	570.31	570.48	570.6	570.27	569.53	568.67	565.97	566.38	567.43	567.86	568.18	568.32	568.2371429	568.4103571
275.1	573.02	571.69	571.04	570.58	571	570.58	570.15	569.27	566.9	566.51	567.35	568.07	568.54	568.74	568.3757143	568.4917857
275.2	573.32	572.1	571.63	570.63	571.1	570.84	570.61	569.67	568.25	567.39	567.5	568.12	568.72	569.22	568.4557143	568.4671429
275.3	573.93	572.37	571.95	570.98	571.15	571.26	571.03	570.4	569.57	568.65	568.27	568.39	568.76	569.44	568.3885714	568.2185714
275.4	574.71	572.79	572.35	571.7	571.26	571.65	571.28	571	570.11	569.82	569.38	569.16	569.12	569.39	568.6442857	568.3775
275.5	574.97	573.27	572.77	572.27	571.29	571.73	571.51	571.41	570.5	570.43	570.43	570.21	569.98	569.66	569.4442857	569.2117857
275.6	574.96	573.56	573.04	572.6	571.64	571.82	571.92	571.78	571.29	570.72	571.06	571.18	571.09	570.67	570.6457143	570.5289286
275.7	575.43	574.06	573.5	573.04	572.36	571.95	572.29	571.97	571.84	571.28	571.24	571.76	572.05	571.92	571.83	571.8567857
275.8	576.33	574.79	574	573.44	572.91	571.95	572.37	572.17	572.2	571.92	571.52	571.88	572.57	572.99	572.63	572.7428571
275.9	577.73	575.38	574.32	573.69	573.27	572.31	572.5	572.57	572.53	572.32	572.11	571.92	572.62	573.53	572.8942857	572.9892857
276	579.21	575.81	574.89	574.21	573.74	573.02	572.64	572.94	572.65	572.61	572.56	572.32	572.49	573.47	572.86	572.895
276.1	580.04	576.16	575.65	574.77	574.12	573.57	572.61	573	572.82	572.81	572.84	572.79	572.61	573.2	572.89	572.8957143
276.2	580.37	576.54	576.2	575.12	574.34	573.94	572.97	573.19	573.23	572.98	573.12	573.07	573.02	573.03	572.9757143	572.9467857
276.3	580.85	576.91	576.62	575.75	574.94	574.44	573.68	573.34	573.58	573.37	573.31	573.36	573.33	573.27	573.2628571	573.2371429
276.4	581.6	577.18	577	576.51	575.54	574.78	574.22	573.26	573.63	573.87	573.61	573.63	573.58	573.62	573.7057143	573.7321429
276.5	581.81	577.55	577.34	577.03	575.93	574.99	574.62	573.63	573.88	574.16	574.19	573.87	573.91	573.79	573.9542857	573.9632143
276.6	581.23	578.18	577.61	577.46	576.62	575.68	575.14	574.34	574.04	574.36	574.72	574.42	574.17	574.13	574.2671429	574.2560714
276.7	580.48	579.05	577.79	577.84	577.37	576.33	575.43	574.88	573.89	574.56	574.96	575.13	574.6	574.49	574.7614286	574.7907143
276.8	579.91	580.14	578.07	578.13	577.86	576.75	575.64	575.31	574.29	574.55	575.28	575.53	575.39	574.78	575.2457143	575.3025
276.9	579.69	581.25	578.61	578.29	578.3	577.51	576.44	575.85	575.01	574.74	575.51	575.89	576.05	575.53	575.8357143	575.9167857
277	579.89	582.03	579.48	578.41	578.7	578.22	577.13	576.08	575.55	575.34	575.57	576.33	576.43	576.48	576.5328571	576.6739286
277.1	580.4	582.45	580.62	578.63	578.89	578.69	577.58	576.3	575.99	575.91	575.99	576.48	576.97	576.94	577.0042857	577.1632143
277.2	580.85	582.78	581.74	579.11	578.96	579.16	578.39	577.22	576.55	576.28	576.53	576.73	577.39	577.47	577.2928571	577.3957143
277.3	581.38	583.08	582.53	579.98	579.04	579.54	579.07	577.94	576.73	576.6	576.81	577.2	577.56	578.2	577.7257143	577.8342857
277.4	582.43	583.15	583.01	581.14	579.18	579.64	579.53	578.43	576.94	576.87	576.97	577.46	577.91	578.45	577.9457143	578.0382143
277.5	583.72	582.99	583.43	582.27	579.61	579.62	580.03	579.28	578.03	577.17	577.27	577.46	578.19	578.66	577.83	577.7853571
277.6	585.01	582.7	583.8	583.07	580.5	579.66	580.37	579.92	578.76	577.9	577.64	577.62	578.1	578.97	577.78	577.6210714
277.7	586.46	582.49	583.99	583.61	581.67	579.73	580.36	580.37	579.26	578.69	578.15	578.06	578.01	578.89	577.6942857	577.4239286
277.8	588.17	582.54	583.93	584.08	582.8	580.14	580.28	580.9	580.18	579.22	578.93	578.54	578.37	578.52	577.6028571	577.1942857
277.9	589.22	582.93	583.64	584.49	583.63	581.04	580.28	581.2	580.76	580	579.44	579.19	578.97	578.63	578.0128571	577.5807143
278	588.86	583.63	583.38	584.79	584.21	582.21	580.27	581.06	581.21	580.85	580.05	579.69	579.51	579.35	578.8614286	578.5153571
278.1	588.27	584.45	583.43	584.83	584.72	583.35	580.66	580.93	581.78	581.48	581.05	580.15	580	579.92	579.6271429	579.3442857
278.2	588.58	585.33	583.83	584.54	585.19	584.2	581.57	580.89	582.01	581.96	581.82	581.12	580.35	580.37	580.4	580.1957143
278.3	589.59	586.46	584.53	584.27	585.62	584.83	582.75	580.81	581.73	582.15	582.27	582.11	581.1	580.64	581.2857143	581.2210714
278.4	590.55	587.88	585.36	584.33	585.74	585.36	583.9	581.2	581.56	582.07	582.38	582.68	582.28	581.1	582.1457143	582.2082143
278.5	591.02	589.12	586.2	584.74	585.43	585.89	584.78	582.12	581.5	582.04	582.31	582.72	583.09	582.3	582.9257143	583.0828571
278.6	591.14	589.95	587.29	585.48	585.15	586.45	585.46	583.3	581.33	582.01	582.44	582.5	583.2	583.41	583.25	583.4128571
278.7	591.56	590.64	588.73	586.32	585.23	586.64	586	584.46	581.73	581.77	582.76	582.63	582.8	583.78	582.9842857	583.0185714
278.8	592.82	591	590.01	587.13	585.66	586.31	586.6	585.38	582.66	581.77	582.76	583.25	582.72	583.29	582.4514286	582.2846429
278.9	593.98	590.95	590.87	588.21	586.43	586.03	587.3	586.09	583.85	582.47	582.54	583.64	583.44	582.8	582.1871429	581.8471429
279	593.9	591.13	591.51	589.69	587.3	586.13	587.54	586.64	585.03	583.7	582.88	583.47	584.31	583.38	582.5657143	582.1567857
279.1	593.37	591.65	591.72	590.97	588.06	586.58	587.19	587.34	585.99	585.1	583.93	583.47	584.45	584.69	583.1871429	582.735
279.2	593.47	592.21	591.62	591.8	589.14	587.41	586.91	588.18	586.73	586.16	585.41	584.18	584.23	585.36	583.5442857	582.9928571
279.3	593.95	592.81	591.85	592.34	590.67	588.28	587.04	588.44	587.28	586.72	586.73	585.61	584.56	585.14	584.0042857	583.4167857
279.4	594.41	593.44	592.4	592.41	591.96	588.99	587.51	588.05	588.08	587.16	587.34	587.2	585.75	585.12	585.0414286	584.5625
279.5	594.61	593.95	592.91	592.3	592.73	590.1	588.39	587.8	589.08	587.98	587.52	588.05	587.49	585.91	586.4357143	586.1221429
279.6	594.89	594.44	593.45	592.63	593.13	591.69	589.27	587.94	589.35	589.01	587.94	588.1	588.75	587.6	587.9371429	587.8253571
279.7	596.19	595.11	594.03	593.17	593.08	592.95	589.92	588.45	588.9	589.48	588.79	588.13	588.89	589.33	589.0342857	589.0796429
279.8	598.34	595.67	594.54	593.61	593.01	593.63	591.06	589.39	588.68	589.19	589.49	588.68	588.58	589.81	589.1957143	589.2153571
279.9	599.78	595.81	595.14	594.09	593.43	593.88	592.72	590.25	588.85	588.82	589.51	589.4	588.72	589.28	588.8914286	588.7989286
280	600.05	595.94	595.85	594.65	593.94	593.73	593.95	590.85	589.38	588.87	589.25	589.67	589.3	588.95	588.7442857	588.5635714
280.1	600.06	596.31	596.36	595.21	594.29	593.73	594.5	592.05	590.4	589.43	589.23	589.6	589.71	589.28	588.5971429	588.2571429
280.2	600.08	596.84	596.53	595.87	594.74	594.25	594.61	593.77	591.24	590.29	589.67	589.6	589.81	589.71	588.3371429	587.7753571
280.3	600.49	597.58	596.75	596.57	595.29	594.7	594.38	594.94	591.76	590.93	590.53	589.91	589.92	589.88	588.2842857	587.5742857
280.4	601.28	598.36	597.2	597.04	595.91	594.96	594.47	595.35	593.04	591.46	591.33	590.72	590.19	590.15	588.6	587.8128571
280.5	601.51	599.06	597.76	597.25	596.62	595.38	595.07	595.31	594.84	592.59	591.86	591.66	590.88	590.49	589.1885714	588.3560714
280.6	601.46	600.08	598.46	597.58	597.27	595.94	595.45	595.04	595.92	594.22	592.61	592.27	591.91	591	590.1257143	589.3367857
280.7	602.27	601.32	599.12	598.1	597.71	596.63	595.61	595.24	596.18	595.43	593.81	592.86	592.67	592.08	591.3142857	590.6332143
280.8	603.99	602.13	599.79	598.69	598	597.36	596.02	595.9	595.99	595.81	594.86	593.75	593.22	593.04	592.3414286	591.7635714
280.9	606.23	602.56	600.85	599.35	598.44	597.95	596.6	596.17	595.68	595.64	595.35	594.48	593.92	593.58	593.1957143	592.7510714
281	608.63	602.95	602.13	599.95	599.01	598.38	597.36	596.26	596.02	595.48	595.41	594.86	594.41	594.23	593.82	593.4653571
281.1	610.07	603.21	602.95	600.6	599.61	598.76	598.09	596.66	596.74	595.82	595.36	595.04	594.49	594.67	593.9328571	593.5310714
281.2	610.19	603.66	603.43	601.69	600.25	599.31	598.62	597.28	596.88	596.41	595.63	595.12	594.57	594.37	593.66	593.1371429
281.3	610.18	604.4	603.83	602.95	600.8	599.93	599.06	598.12	596.88	596.66	596.19	595.43	594.77	594.12	593.5314286	592.9082143
281.4	610.56	605.06	604.15	603.77	601.43	600.54	599.54	598.82	597.3	596.76	596.62	595.99	595.15	594.32	593.77	593.1067857
281.5	611.12	605.88	604.68	604.3	602.53	601.15	600.19	599.28	597.97	597.24	596.91	596.47	595.77	594.74	594.2271429	593.5560714
281.6	611.63	607.11	605.38	604.73	603.77	601.65	600.85	599.76	598.88	598.06	597.53	596.87	596.29	595.5	594.82	594.1360714
281.7	611.87	608.48	605.96	605.11	604.6	602.28	601.46	600.35	599.55	598.93	598.46	597.64	596.71	596.16	595.4657143	594.7678571
281.8	612.01	609.83	606.67	605.7	605.17	603.38	602.04	601.09	599.93	599.62	599.34	598.77	597.54	596.5	596.1985714	595.5057143
281.9	612.43	611.05	607.75	606.37	605.65	604.58	602.51	601.77	600.47	600.01	600.06	599.77	598.89	597.24	597.3171429	596.7103571
282	613.41	611.85	609.06	606.89	606.09	605.43	603.13	602.38	601.17	600.41	600.53	600.5	600.17	598.78	598.7471429	598.2932143
282.1	615.04	612.3	610.43	607.53	606.72	606.06	604.22	602.94	601.99	601.03	600.86	601.01	600.98	600.44	599.9585714	599.6178571
282.2	616.51	612.71	611.61	608.5	607.35	606.57	605.4	603.38	602.7	601.76	601.31	601.36	601.49	601.47	600.7028571	600.3975
282.3	616.86	613.17	612.39	609.74	607.83	607.08	606.27	603.99	603.3	602.42	601.86	601.71	601.88	601.98	601.08	600.7378571
282.4	617.13	613.66	612.91	611.07	608.41	607.73	606.95	605.06	603.84	602.95	602.34	602.11	602.18	602.38	601.2371429	600.8014286
282.5	617.75	614.17	613.39	612.18	609.27	608.32	607.51	606.23	604.24	603.35	602.75	602.42	602.48	602.71	601.31	600.7739286
282.6	618.34	614.78	613.9	612.95	610.45	608.77	608.08	607.12	604.83	603.63	603.18	602.63	602.66	602.93	601.2957143	600.6560714
282.7	619.58	615.66	614.43	613.55	611.72	609.28	608.74	607.85	605.89	604.07	603.53	602.98	602.67	603.06	601.1642857	600.3821429
282.8	621.02	616.65	614.95	614.1	612.74	610.05	609.3	608.47	607.06	605.02	603.83	603.4	602.8	602.89	600.9414286	599.9814286
282.9	622.16	617.6	615.56	614.64	613.52	611.17	609.71	609.09	607.99	606.27	604.5	603.69	603.21	602.71	600.8828571	599.7657143
283	623.58	618.74	616.46	615.2	614.21	612.36	610.15	609.74	608.76	607.42	605.7	604.1	603.58	602.99	601.1942857	599.9825
283.1	625.44	619.7	617.48	615.73	614.82	613.29	610.82	610.27	609.43	608.35	607.03	605.1	603.86	603.47	601.8171429	600.5746429
283.2	627.47	620.29	618.52	616.37	615.4	614.11	611.9	610.66	610.1	609.11	608.19	606.49	604.55	603.73	602.6171429	601.3846429
283.3	629.25	621.07	619.71	617.34	615.98	614.89	612.99	611.01	610.74	609.85	609.08	607.88	605.86	604.11	603.7285714	602.5703571
283.4	630.73	621.94	620.66	618.4	616.51	615.55	613.83	611.59	611.24	610.63	609.77	609	607.4	605.21	605.1985714	604.1825
283.5	631.84	622.87	621.29	619.5	617.2	616.17	614.72	612.61	611.6	611.21	610.54	609.74	608.81	606.77	606.6728571	605.7953571
283.6	632.61	624.16	622.06	620.69	618.24	616.76	615.59	613.6	611.85	611.46	611.28	610.44	609.73	608.44	608.0085714	607.2678571
283.7	633.77	625.58	622.89	621.63	619.36	617.3	616.29	614.37	612.33	611.53	611.69	611.25	610.36	609.7	609	608.3489286
283.8	635.29	627.03	623.82	622.32	620.5	618.05	616.94	615.35	613.33	611.76	611.76	611.87	611.15	610.32	609.4571429	608.7664286
283.9	636.92	628.54	625.06	623.09	621.68	619.16	617.54	616.3	614.19	612.36	611.73	612.05	611.94	611.01	609.8428571	609.1042857
284	638.83	630.09	626.41	623.89	622.62	620.33	618.09	617.04	614.9	613.15	611.97	611.9	612.33	611.91	610.2028571	609.425
284.1	640.75	631.56	627.8	624.84	623.36	621.5	618.91	617.71	616.01	614	612.63	611.79	612.22	612.54	610.2285714	609.325
284.2	642.24	632.83	629.26	626.03	624.12	622.66	620.11	618.32	617.03	615.06	613.48	612.14	611.86	612.6	610.01	608.9235714
284.3	643.48	634.08	630.74	627.31	624.92	623.62	621.32	618.89	617.8	616.23	614.46	612.93	611.8	612.15	609.82	608.5514286
284.4	644.74	635.33	632.18	628.67	625.87	624.4	622.5	619.79	618.49	617.18	615.63	613.9	612.37	611.68	609.8842857	608.4610714
284.5	646.09	636.54	633.44	630.06	627	625.16	623.64	621.07	619.1	617.83	616.67	615.01	613.34	611.85	610.41	608.91
284.6	648.43	637.99	634.67	631.48	628.23	625.95	624.63	622.33	619.69	618.27	617.41	616.13	614.42	612.75	611.3685714	609.8892857
284.7	651.19	639.67	635.9	632.87	629.57	626.9	625.45	623.51	620.68	618.7	617.89	616.98	615.54	613.84	612.3042857	610.8396429
284.8	653.21	641.34	637.07	634.09	630.89	627.97	626.2	624.63	622.06	619.47	618.26	617.52	616.51	614.94	613.0385714	611.5342857
284.9	655.38	643.11	638.47	635.32	632.23	629.17	627	625.65	623.34	620.67	618.8	617.88	617.14	616	613.62	612.0435714
285	658.16	644.88	640.12	636.54	633.58	630.48	627.92	626.51	624.51	622.04	619.77	618.27	617.52	616.75	614.0485714	612.3689286
285.1	661.67	646.48	641.84	637.68	634.76	631.72	628.93	627.24	625.61	623.29	621.1	618.98	617.83	617.17	614.4485714	612.66
285.2	665.52	648.29	643.7	639.05	635.98	632.99	630.11	628.05	626.69	624.48	622.4	620.15	618.32	617.46	614.9585714	613.0714286
285.3	668.49	650.24	645.55	640.7	637.21	634.29	631.39	628.95	627.57	625.69	623.56	621.51	619.25	617.8	615.7228571	613.7846429
285.4	670.04	652.19	647.18	642.46	638.31	635.43	632.55	629.9	628.27	626.71	624.77	622.66	620.57	618.45	616.79	614.8685714
285.5	671.03	654.59	648.96	644.4	639.65	636.65	633.76	631.06	629.11	627.48	626.02	623.81	621.82	619.61	618.0442857	616.1657143
285.6	672.89	657.16	650.88	646.3	641.31	637.88	635	632.3	629.96	628.14	626.92	625.18	622.87	621	619.3328571	617.51
285.7	675.67	659.69	652.92	647.96	643.12	638.94	636.1	633.37	630.85	628.75	627.57	626.3	624.2	621.99	620.4485714	618.6667857
285.8	679.21	662.43	655.33	649.73	645.13	640.27	637.34	634.52	632.01	629.48	628.07	627.05	625.59	623.14	621.4928571	619.7282143
285.9	682.87	665.17	657.79	651.68	647.08	641.95	638.57	635.72	633.21	630.47	628.5	627.52	626.52	624.76	622.4985714	620.7410714
286	685.91	667.72	660.16	653.8	648.75	643.8	639.58	636.77	634.17	631.47	629.22	627.73	627.04	625.91	623.1042857	621.2978571
286.1	689.29	670.17	662.75	656.2	650.54	645.9	640.9	638.04	635.27	632.38	630.12	628.13	627.17	626.58	623.2657143	621.3075
286.2	693.56	672.47	665.42	658.54	652.54	647.89	642.61	639.25	636.43	633.42	630.97	628.86	627.23	626.8	623.2357143	621.0817857
286.3	698.44	674.62	667.99	660.79	654.73	649.56	644.51	640.21	637.43	634.56	631.96	629.58	627.69	626.53	623.2085714	620.8692857
286.4	703.44	677.07	670.47	663.28	657.1	651.37	646.69	641.55	638.74	635.8	633.12	630.49	628.3	626.66	623.4	620.8692857
286.5	707.78	679.97	672.75	665.88	659.32	653.44	648.71	643.28	639.95	637.07	634.26	631.68	629.03	627.17	623.84	621.1414286
286.6	711.31	683.16	674.85	668.42	661.47	655.68	650.37	645.24	640.83	638.04	635.47	632.79	630.18	627.62	624.3942857	621.5582143
286.7	714.76	686.85	677.29	670.88	663.87	658.01	652.22	647.5	642.19	638.75	636.59	633.91	631.37	628.63	625.1214286	622.1539286
286.8	719.36	690.92	680.18	673.11	666.4	660.11	654.37	649.54	643.97	639.78	637.43	635.08	632.4	629.99	625.9571429	622.8682143
286.9	725.1	695.09	683.41	675.22	668.9	662.15	656.66	651.2	645.98	641.41	638.4	636.02	633.53	630.95	626.6357143	623.3842857
287	730.52	699.44	687.15	677.7	671.32	664.48	658.91	653.1	648.33	643.47	639.83	637.01	634.55	631.99	627.2757143	623.7989286
287.1	734.97	703.77	691.21	680.61	673.52	666.95	660.9	655.34	650.39	645.67	641.53	638.38	635.56	633.09	628.0371429	624.3335714
287.2	738.74	707.93	695.37	683.88	675.66	669.39	662.85	657.64	652.02	647.54	643.46	639.84	636.93	634.03	628.9642857	625.0817857
287.3	742.25	712.07	699.67	687.67	678.19	671.76	665.11	659.82	653.98	649.05	645.42	641.42	638.35	635.41	630.19	626.1857143
287.4	746.34	716.39	703.94	691.75	681.13	673.93	667.52	661.69	656.32	650.83	647	643.27	639.63	637	631.5328571	627.4253571
287.5	751.85	720.87	708.07	695.93	684.45	676.11	669.89	663.55	658.62	653.07	648.49	644.95	641.16	638.1	632.65	628.3860714
287.6	758.36	725.3	712.15	700.2	688.28	678.7	672.22	665.76	660.71	655.37	650.31	646.37	642.88	639.19	633.7457143	629.3039286
287.7	764.53	729.82	716.34	704.4	692.39	681.67	674.36	668.09	662.47	657.32	652.33	647.86	644.35	640.8	635.0928571	630.5367857
287.8	770.77	734.48	720.61	708.46	696.61	685.05	676.61	670.4	664.23	658.93	654.26	649.5	645.66	642.35	636.3728571	631.7042857
287.9	777.34	739.09	724.88	712.46	700.86	688.91	679.26	672.67	666.39	660.54	655.98	651.23	646.95	643.63	637.44	632.6075
288	783.31	743.69	729.3	716.52	704.98	693.07	682.27	674.81	668.66	662.46	657.6	652.97	648.34	644.7	638.44	633.4235714
288.1	789.74	748.72	733.97	720.65	708.95	697.32	685.68	677.13	670.89	664.71	659.33	654.66	649.94	645.68	639.4342857	634.2092857
288.2	797.06	754.22	738.66	724.78	712.86	701.53	689.59	679.84	673.13	667.02	661.39	656.32	651.66	646.97	640.5828571	635.1453571
288.3	803.37	759.91	743.31	729.1	716.81	705.57	693.8	682.89	675.27	669.21	663.66	658.17	653.37	648.62	641.9342857	636.3039286
288.4	808.34	766.16	748.33	733.75	720.81	709.45	698.08	686.34	677.66	671.24	665.87	660.32	655.07	650.44	643.3057143	637.4557143
288.5	813.15	772.74	753.81	738.5	724.83	713.25	702.26	690.3	680.44	673.26	667.92	662.54	657.02	652.09	644.4828571	638.3332143
288.6	818.2	778.95	759.5	743.19	729.05	717.09	706.2	694.57	683.52	675.4	669.78	664.63	659.22	653.82	645.6171429	639.1307143
288.7	823.57	785.46	765.72	748.26	733.7	720.98	709.98	698.88	687.01	677.74	671.66	666.43	661.34	655.9	646.7671429	639.9246429
288.8	830.07	792.4	772.19	753.77	738.5	724.89	713.67	702.99	691.02	680.63	673.62	668.14	663.2	658.05	647.8142857	640.5660714
288.9	837.69	798.7	778.32	759.48	743.22	729.01	717.41	706.84	695.37	684.27	675.93	669.8	664.78	660.01	648.6942857	640.975
289	844.83	804.58	784.74	765.66	748.36	733.65	721.21	710.52	699.68	688.37	678.95	671.6	666.24	661.53	649.4671429	641.2307143
289.1	851.67	810.63	791.54	772.02	753.95	738.5	725	714.1	703.73	692.53	682.53	674.02	667.65	662.89	650.45	641.725
289.2	859.5	816.43	797.74	778.06	759.67	743.25	729.02	717.74	707.48	696.49	686.32	677.06	669.47	664.03	651.7157143	642.5521429
289.3	867.41	822.12	803.63	784.4	765.81	748.49	733.69	721.44	711.04	700.2	690.05	680.41	671.96	665.27	653.4157143	643.8992857
289.4	874.98	828.52	809.72	791.08	772.08	754.14	738.58	725.11	714.52	703.81	693.59	683.83	674.84	667.22	655.7014286	645.9510714
289.5	882.3	835.26	815.53	797.18	778.02	759.87	743.37	729.04	718.07	707.39	697.01	687.15	677.87	669.62	658.1785714	648.2178571
289.6	888.53	842.16	821.29	803.05	784.29	765.97	748.72	733.76	721.69	710.68	700.52	690.36	680.92	672.2	660.5128571	650.2792857
289.7	893.54	849.62	827.68	809.14	790.88	772.14	754.46	738.68	725.21	713.68	703.84	693.7	683.9	674.92	662.8642857	652.3685714
289.8	897.83	857.42	834.25	814.96	796.88	777.96	760.17	743.51	729.07	716.77	706.74	697.06	686.99	677.67	665.2028571	654.4389286
289.9	902.31	865.07	840.57	820.8	802.72	784.17	766.22	748.99	733.86	720.34	709.54	699.96	690.3	680.42	667.1714286	655.9853571
290	906.95	872.74	847.47	827.19	808.79	790.69	772.3	754.8	738.83	724.37	712.68	702.54	693.29	683.55	669.0571429	657.3907143
290.1	911.97	880.51	855.01	833.57	814.62	796.57	778	760.48	743.66	728.7	716.29	705.31	695.75	686.71	670.9114286	658.75
290.2	917.96	887.64	862.37	839.71	820.56	802.37	784.16	766.48	749.3	733.46	720.42	708.46	698.19	689.13	672.31	659.4789286
290.3	924.53	894.14	869.88	846.52	826.96	808.42	790.61	772.46	755.19	738.8	724.98	712.24	700.95	691.29	673.9085714	660.3889286
290.4	931.26	900.18	877.51	853.83	833.16	814.27	796.38	778.04	760.81	744.48	729.86	716.61	704.24	693.76	676.2785714	662.2125
290.5	937.79	905.87	884.66	860.97	839.15	820.3	802.13	784.16	766.76	749.92	735.12	721.24	708.32	696.5	679.0685714	664.4778571
290.6	944.54	911.2	891.54	868.37	845.86	826.69	808.18	790.55	772.64	755.02	740.31	726.1	712.86	700.1	682.5357143	667.5417857
290.7	951.01	916.6	897.99	875.9	852.95	832.69	814.06	796.19	778.08	760.26	745.08	730.98	717.41	704.59	686.7385714	671.545
290.8	956.78	922.62	903.84	883.03	859.9	838.55	820.2	801.9	784.18	766.08	749.9	735.46	721.95	709	690.67	675.1778571
290.9	962.04	928.91	909.27	889.89	867.22	845.15	826.55	807.95	790.54	772.28	755.24	739.83	726.19	713.19	694.2557143	678.3475
291	966.99	935.23	914.73	896.37	874.65	852	832.36	813.87	796.02	778.1	760.97	744.72	730.14	717.26	698.0157143	681.7667857
291.1	971.7	941.64	920.7	902.34	881.81	858.77	838.09	820.1	801.69	783.32	766.7	750.01	734.48	720.82	701.65	685.0225
291.2	975.37	948.25	926.75	907.89	888.83	866	844.58	826.39	807.77	788.53	772.06	755.44	739.4	724.51	705.5185714	688.5375
291.3	978.49	954.7	932.76	913.56	895.45	873.33	851.19	832.01	813.73	794.43	777.09	760.78	744.46	729.11	710.1028571	692.9282143
291.4	981.63	960.88	938.91	919.54	901.54	880.54	857.81	837.63	820.06	800.86	782.59	765.78	749.55	733.81	714.6742857	697.2614286
291.5	985.79	966.85	945.24	925.38	907.12	887.7	864.97	843.98	826.28	807.1	788.72	770.97	754.58	738.47	719.1485714	701.4321429
291.6	991.65	972.44	951.44	931.13	912.73	894.44	872.21	850.36	831.68	812.8	794.78	776.78	759.58	743.46	724.0742857	706.1842857
291.7	997.42	977.54	957.52	937.04	918.6	900.64	879.49	856.85	837.19	818.27	800.38	782.69	765.04	748.33	729.0442857	710.9928571
291.8	1001.8	981.95	963.47	943.09	924.25	906.3	886.79	863.92	843.42	823.9	805.61	788.16	770.82	753.47	733.8585714	715.5625
291.9	1005	986	969.04	949.07	929.76	911.98	893.63	871.09	849.57	829.49	810.87	793.18	776.18	759.12	738.6428571	720.1071429
292	1007.9	990.07	974.14	955.05	935.42	917.78	899.92	878.46	855.93	834.85	816.35	798.1	781.01	764.43	742.9214286	724.04
292.1	1011.6	994.9	978.72	960.95	941.2	923.19	905.65	885.89	862.94	840.46	821.85	803.29	785.63	769.07	746.6971429	727.3310714
292.2	1016	1000.6	982.98	966.45	946.96	928.44	911.4	892.82	870.05	846.82	827.37	808.77	790.45	773.46	750.63	730.7967857
292.3	1019.9	1006.1	987.27	971.55	952.85	933.95	917.11	899.2	877.54	854.09	833.41	814.3	795.69	777.88	754.9514286	734.6853571
292.4	1021.9	1010.5	992.18	976.25	958.66	939.55	922.29	904.99	885.11	861.69	840.38	820.14	801.25	782.7	760.0171429	739.4407143
292.5	1022.1	1014	997.7	980.66	964.08	945.11	927.32	910.79	892.11	868.99	847.84	826.79	807.01	788.18	765.9257143	745.2032143
292.6	1021.6	1017.2	1002.8	985.11	969.18	950.91	932.5	916.4	898.58	876.17	855.11	834.1	813.34	793.94	772.53	751.8182143
292.7	1023	1021	1007.1	990.09	973.98	956.64	937.77	921.33	904.45	883.39	862	841.38	820.46	800.02	779.8728571	759.3757143
292.8	1026.7	1025.2	1010.6	995.44	978.52	961.97	943.19	926.13	910.3	890.5	868.73	848.13	827.76	806.89	787.61	767.4253571
292.9	1030	1029.1	1013.9	1000.4	983.1	967.1	948.91	931.07	915.78	896.79	875.56	854.49	834.52	814.2	795.2828571	775.4460714
293	1031.3	1031.4	1017.5	1004.5	988.12	972.01	954.54	936.08	920.44	901.91	882.12	860.84	840.66	821.08	802.5	783.0132143
293.1	1031.1	1032.1	1021.6	1007.9	993.33	976.65	959.79	941.32	925.02	906.78	887.92	867.3	846.54	827.14	809.0057143	789.7564286
293.2	1030.8	1032.4	1025.2	1011.1	998.07	981.35	964.97	947.01	929.73	911.92	893.19	873.54	852.6	832.67	815	795.8692857
293.3	1033.3	1034.7	1027.7	1014.6	1002.1	986.39	969.97	952.59	934.5	917.02	898.43	879.29	858.9	838.19	820.97	801.9653571
293.4	1038.4	1038.8	1028.6	1018.4	1005.3	991.46	974.7	957.78	939.6	921.61	903.76	884.83	865.1	844.17	827.1771429	808.3696429
293.5	1041.5	1041.7	1029.5	1021.9	1008.3	996.04	979.51	963.04	945.16	925.82	908.8	890.34	871.07	850.59	833.4014286	814.7939286
293.6	1041.1	1042.7	1032.1	1024.4	1011.7	999.91	984.55	968.12	950.58	930.29	913.45	895.69	876.83	857.02	839.5114286	821.1042857
293.7	1039.3	1042.7	1035.7	1025.5	1015.3	1003	989.49	972.95	955.74	935.61	918.06	900.77	882.41	863.16	845.4042857	827.1589286
293.8	1038	1043.3	1038.2	1026.8	1018.8	1005.9	993.93	977.86	961.09	941.79	923.05	905.71	887.82	869	851.0171429	832.8314286
293.9	1038.4	1046.1	1039.3	1029.6	1021.2	1009	997.64	982.89	966.26	947.74	928.72	910.68	893.14	874.63	856.5685714	838.4228571
294	1039.9	1051.8	1039.3	1033	1022.4	1012.5	1000.5	987.71	971.15	952.85	934.64	915.95	898.37	880.26	862.3028571	844.2739286
294.1	1040.6	1055.6	1039.9	1035.3	1024.1	1015.9	1003.2	992.02	976.15	957.67	940.17	921.59	903.51	885.91	868.19	850.3439286
294.2	1039.5	1055.1	1043.1	1036.3	1027.1	1018.3	1006.3	995.56	981.14	962.62	945.3	927.24	908.81	891.22	874.1185714	856.5092857
294.3	1037.8	1053.8	1047.5	1036.4	1030.2	1019.6	1009.6	998.25	985.84	967.89	950.42	932.7	914.28	896.29	880.2114286	862.9189286
294.4	1036.9	1053.2	1049.6	1037.3	1032.4	1021.7	1012.9	1000.8	990.02	973.18	955.72	938.12	919.91	901.43	886.5414286	869.6346429
294.5	1037.4	1053.6	1049	1040.5	1033.3	1024.8	1015.2	1003.7	993.37	978.09	961	943.55	925.64	906.94	893.1442857	876.7057143
294.6	1039.5	1054.3	1048	1044.2	1033.5	1027.7	1016.7	1006.9	995.85	982.4	965.95	948.87	931.35	912.86	899.9328571	884.0525
294.7	1041.9	1054.2	1047.7	1045.8	1034.6	1029.7	1019.1	1010.1	998.23	986.15	970.44	953.84	936.85	918.95	906.5771429	891.2728571
294.8	1041.8	1053.1	1048.5	1045.5	1037.8	1030.6	1022.3	1012.4	1001	989.19	974.61	958.41	941.9	924.74	912.8985714	898.1857143
294.9	1040	1052.3	1049.6	1044.8	1041	1030.8	1025	1014.1	1004	991.4	978.44	962.76	946.47	929.97	918.7214286	904.5753571
295	1038.9	1052.5	1050	1044.9	1042.4	1032.2	1026.9	1016.8	1007.3	993.5	981.64	967.1	950.78	934.63	923.6857143	909.9017857
295.1	1038.7	1053	1049.2	1045.9	1042.2	1035.2	1027.7	1020	1009.5	996.09	984.32	971.2	955.34	938.84	928.3714286	914.9182143
295.2	1037.1	1054	1048.5	1046.8	1041.8	1038	1028	1022.4	1011.3	999.42	986.96	974.72	960.11	943.34	933.4271429	920.4178571
295.3	1033.5	1054.8	1048.7	1046.5	1042.1	1039.2	1029.6	1024.2	1014.4	1003.1	990.05	977.77	964.55	948.43	938.5942857	926.0107143
295.4	1029.5	1054	1049.5	1045.4	1043.1	1039.2	1032.4	1025	1017.5	1005.7	993.73	980.79	968.34	953.69	943.9414286	931.9
295.5	1025.1	1052.2	1050.8	1044.9	1043.9	1039.1	1034.8	1025.4	1019.8	1007.5	997.03	984.27	971.58	958.43	949.0614286	937.6121429
295.6	1021.3	1050.5	1051.7	1045.4	1043.5	1039.6	1035.8	1027.1	1021.5	1010.3	999.31	988.01	974.88	962.3	953.3528571	942.2839286
295.7	1019	1048.9	1050.8	1046.5	1042.5	1040.5	1036	1029.8	1022.3	1013.4	1001.5	990.99	978.67	965.65	957.17	946.38
295.8	1017	1046.1	1049.1	1048	1042.3	1041.1	1036.1	1031.8	1022.8	1015.8	1004.2	993.18	982.26	969.24	961.1285714	950.7221429
295.9	1014.2	1042.6	1048	1048.7	1042.8	1040.6	1036.8	1032.7	1024.6	1017.4	1006.8	995.33	984.94	973.17	964.9942857	954.995
296	1011.9	1039.2	1046.7	1047.7	1043.8	1039.6	1037.7	1033	1026.9	1017.9	1009.1	997.63	986.91	976.56	968.3471429	958.7196429
296.1	1011.4	1035.5	1044.4	1046.2	1045.1	1039.7	1038.1	1033.4	1028.6	1018.4	1010.8	1000.3	988.68	978.81	971.04	961.6932143
296.2	1011.2	1032.2	1041.4	1045.3	1045.7	1040.5	1037.5	1034.3	1029.6	1020.2	1011.7	1003	991.04	980.23	973.3628571	964.2010714
296.3	1009.9	1029.9	1038.2	1044.2	1044.6	1041.4	1036.7	1035.1	1030	1022.6	1013	1004.8	994.29	981.93	976.1414286	967.2582143
296.4	1008.5	1027.9	1034.5	1042.2	1043.3	1042.7	1037	1035.3	1030.6	1024.3	1015.2	1006.2	997.31	985.05	979.79	971.3817857
296.5	1007.1	1025.7	1031.6	1039.6	1042.7	1042.9	1037.8	1034.6	1031.6	1025.3	1017.5	1007.9	999.32	989.01	983.7857143	975.9739286
296.6	1004.3	1023.4	1029.4	1036.5	1041.7	1041.6	1038.8	1034.1	1032.3	1025.8	1019.3	1010.2	1000.9	992.17	987.2257143	979.9332143
296.7	1000	1021.9	1027.3	1033	1039.9	1040.5	1040	1034.7	1032.4	1026.6	1020.3	1012.8	1002.8	994.04	989.8085714	982.845
296.8	995.16	1020.4	1024.7	1030.4	1037.8	1039.9	1039.9	1035.5	1031.7	1027.6	1020.8	1014.6	1005.7	995.6	992.4	985.8035714
296.9	989.63	1018	1022.4	1028.3	1034.8	1039	1038.5	1036.2	1031.4	1028.3	1021.5	1015.4	1008.4	998.18	995.2028571	989.0257143
297	983.86	1015.2	1020.6	1026	1031.5	1037.6	1037.6	1037.2	1032.2	1028.2	1022.4	1015.7	1009.8	1001.6	997.5714286	991.7107143
297.1	978.04	1011.9	1018.9	1023.3	1029.1	1035.8	1037.2	1037	1033	1027.5	1023	1016.4	1010.1	1004.1	999.3571429	993.8
297.2	971.57	1007.6	1016.6	1020.7	1027.1	1032.9	1036.3	1035.7	1033.7	1027.4	1023	1017.4	1010.4	1004.8	1000.442857	995.1107143
297.3	964.88	1002.5	1014.2	1018.7	1024.7	1029.9	1035.4	1034.9	1034.4	1028.6	1023	1018.2	1011.3	1004.8	1001.185714	995.9392857
297.4	960.39	997.15	1011.3	1016.7	1021.9	1027.8	1034.1	1034.5	1033.8	1029.5	1023.9	1018.6	1012.6	1005.3	1002.471429	997.4392857
297.5	958.2	991.04	1007.3	1014.4	1019.1	1025.8	1031.3	1033.8	1032.6	1030	1025.2	1019.3	1013.7	1006.7	1004.5	999.8642857
297.6	956.29	984.86	1002.6	1012.2	1016.6	1023.3	1028.5	1033.2	1032.2	1030.6	1026.2	1020.7	1014.6	1008.4	1006.628571	1002.360714
297.7	953.17	979.62	997.62	1009.5	1014.4	1020.3	1026.6	1032	1031.8	1029.8	1027	1022	1015.9	1009.8	1008.871429	1005.078571
297.8	948.44	975	991.88	1005.7	1012.1	1017.2	1024.6	1029.4	1031.1	1028.5	1026.8	1023.2	1017.5	1011.1	1011.457143	1008.335714
297.9	943.62	970.65	986.15	1001.5	1010.1	1014.4	1022	1026.9	1031	1028.4	1025.6	1023.7	1019.1	1012.8	1013.814286	1011.285714
298	940.1	966.78	981.07	996.75	1007.5	1011.9	1018.9	1025.3	1030.1	1028.7	1024.7	1022.8	1020.3	1014.7	1015.614286	1013.567857
298.1	936.65	963.18	976.19	991.34	1004	1009.7	1015.5	1023.2	1027.6	1028.6	1024.2	1021.5	1019.8	1016.4	1016.885714	1015.346429
298.2	931.11	960.64	971.64	986.02	1000	1007.9	1012.3	1020.5	1025.4	1028.9	1023.9	1020.7	1018.4	1016.8	1017.328571	1016.139286
298.3	924.21	957.72	967.88	981.12	995.58	1005.4	1009.6	1017.2	1024.1	1028.3	1024.2	1020.4	1017.3	1015.6	1017.257143	1016.317857
298.4	917.78	952.94	964.31	976.15	990.49	1002	1007.5	1013.5	1022	1025.8	1024.5	1020.5	1016.7	1014.1	1017.571429	1017.067857
298.5	912.78	947.23	960.71	971.6	985.56	998.39	1005.8	1009.9	1019.3	1023.9	1023.2	1021	1016.8	1013.1	1018.414286	1018.475
298.6	909.63	941.22	957.04	967.95	980.82	994.21	1003.4	1007	1015.7	1022.7	1021.6	1020.7	1017.2	1013	1019.557143	1020.235714
298.7	906.55	935.27	952.48	964.48	975.82	989.45	1000.2	1005	1011.5	1020.6	1020.9	1019.6	1017.5	1013.4	1020.671429	1021.964286
298.8	902.31	929.46	947.02	961.03	971.34	984.9	996.88	1003.4	1007.6	1017.8	1019.7	1019.1	1017.1	1013.9	1021.485714	1023.335714
298.9	897.73	924.36	941.43	957.41	967.78	980.29	992.96	1001.1	1004.6	1014.1	1017.6	1018.8	1017	1014.1	1022.257143	1024.703571
299	892.96	919.58	935.76	952.8	964.36	975.29	988.54	998.13	1002.7	1009.4	1014.4	1017.3	1017.2	1014.5	1022.805714	1025.8775
299.1	888.29	914.79	930.02	947.41	961.05	970.94	984.35	995.17	1001.2	1005	1010.2	1014.8	1016.5	1015.1	1022.594286	1026.1725
299.2	884.15	910.33	924.79	941.92	957.49	967.44	979.85	991.5	998.95	1002.1	1005.9	1011.2	1014.7	1015.3	1021.664286	1025.664286
299.3	878.98	905.79	919.89	936.26	952.85	964.05	974.88	987.44	996.23	1000.3	1002.5	1007.1	1011.7	1014.2	1019.641429	1023.856429
299.4	872.26	901.02	915.18	930.51	947.5	960.86	970.66	983.59	993.58	998.9	1000.4	1003.6	1008.1	1011.8	1016.905714	1021.133214
299.5	865.32	896.3	911.18	925.2	942.04	957.37	967.2	979.19	990.16	996.7	999.09	1001	1004.8	1008.7	1014.535714	1018.896786
299.6	858.48	890.87	907.11	920.23	936.37	952.72	963.81	974.29	986.47	994.23	997.68	999.39	1001.9	1005.7	1012.844286	1017.496071
299.7	852.99	884.67	902.48	915.58	930.62	947.4	960.76	970.22	982.94	991.93	995.81	998.4	999.75	1003	1011.497143	1016.441071
299.8	848.89	878.33	897.76	911.43	925.29	941.94	957.33	966.76	978.61	988.73	993.87	997.14	998.69	1000.4	1010.527143	1015.866071
299.9	844.46	871.86	892.44	907.28	920.29	936.24	952.66	963.39	973.79	985.4	991.65	995.58	998.02	998.86	1010.248571	1016.143214
300	839.27	865.95	886.58	902.82	915.66	930.52	947.33	960.5	969.86	982.2	989.09	993.97	996.94	998.47	1010.124286	1016.547143
300.1	833.8	860.72	880.59	898.13	911.57	925.2	941.82	957.14	966.38	977.92	986.35	991.92	995.8	998.04	1009.87	1021.7
300.2	829.06	855.41	874.47	892.92	907.54	920.19	936.09	952.46	963.02	973.18	982.72	989.57	994.39	997.22	1009.424286	1021.628571
300.3	825.73	850.03	868.75	887.29	903.17	915.57	930.41	947.11	960.32	969.39	978.12	986.77	992.47	996.4	998.29	1000.18
300.4	822.64	844.71	863.43	881.58	898.48	911.57	925.1	941.53	957.03	965.86	973.54	982.81	990.25	995.09	997.89	1000.69
300.5	818.35	839.8	858.11	875.81	893.38	907.66	920.07	935.79	952.31	962.5	969.51	978.15	987.14	993.26	997.36	1001.46
300.6	813.25	835.61	852.87	870.28	887.93	903.35	915.45	930.16	946.91	960.05	966.4	973.7	982.87	990.94	995.93	1000.92
300.7	807.43	831.44	847.69	865	882.33	898.7	911.52	924.89	941.24	956.82	964.22	969.96	978.16	987.44	994.2	1000.96
300.8	801.62	826.68	842.8	859.78	876.77	893.71	907.73	919.84	935.5	952.03	961.85	967.33	973.82	982.82	991.64	1000.46
300.9	797.01	821.67	838.41	854.68	871.45	888.4	903.48	915.21	929.95	946.56	958.28	965.29	970.62	978	987.61	997.22
301	792.52	816.2	833.93	849.55	866.24	882.96	898.87	911.38	924.71	940.79	953.73	962.75	968.4	974.09	982.58	991.07
301.1	787.36	810.57	829.04	844.68	861.18	877.67	894	907.71	919.63	935.1	948.77	959.37	966.4	971.45	977.88	984.31
301.2	781.85	805.53	824.04	840.17	856.21	872.53	888.8	903.5	914.99	929.63	943.68	955.33	964.14	969.47	974.75	980.03
301.3	776.49	800.48	818.67	835.5	851.14	867.43	883.51	898.96	911.28	924.43	938.44	950.91	961.19	967.91	972.4	976.89
301.4	771.5	795.12	813.12	830.5	846.27	862.55	878.49	894.22	907.73	919.31	932.86	946.26	957.6	966.17	970.94	975.71
301.5	767.06	789.82	808	825.46	841.68	857.63	873.51	889.1	903.56	914.64	927.24	941.24	953.61	963.59	970.29	976.99
301.6	763.44	784.68	802.88	820.1	836.84	852.56	868.56	883.98	899.1	911.08	922.3	935.87	949.22	960.37	968.87	977.37
301.7	760.1	779.66	797.6	814.59	831.75	847.7	863.86	879.23	894.49	907.67	918.37	930.63	944.32	956.66	966.57	976.48
301.8	755.98	774.94	792.51	809.43	826.66	843.02	859	874.41	889.42	903.51	914.88	925.98	939.15	952.37	963.6	974.83
301.9	751.13	770.81	787.61	804.31	821.29	838.07	853.92	869.64	884.48	899.17	911.17	921.97	934.08	947.56	960.01	972.46
302	746.65	766.86	782.73	799.16	815.78	832.9	849.06	865.12	880	894.68	907.27	918.1	929.45	942.46	955.73	969
302.1	742.35	762.39	778.04	794.27	810.6	827.75	844.31	860.29	875.34	889.64	903	914.24	925.16	937.31	950.94	964.57
302.2	738.04	757.6	773.82	789.58	805.53	822.33	839.22	855.2	870.77	884.89	898.19	910.47	921.08	932.44	945.59	958.74
302.3	734.29	753.07	769.69	784.85	800.51	816.82	833.95	850.35	866.42	880.7	893.34	906.19	917.53	927.96	940.13	952.3
302.4	730.84	748.5	765.07	780.23	795.81	811.65	828.74	845.53	861.57	876.18	888.82	901.38	913.86	924.23	935.1	945.97
302.5	727.04	743.97	760.26	775.99	791.31	806.65	823.28	840.34	856.47	871.85	884.68	896.7	909.4	921.05	930.77	940.49
302.6	723.21	740	755.66	771.74	786.72	801.76	817.75	834.98	851.62	867.68	880.78	892.35	904.67	917.21	927.82	938.43
302.7	719.69	736.21	750.97	767	782.19	797.24	812.6	829.7	846.74	862.76	876.58	888.26	900.12	912.63	924.73	936.83
302.8	716.18	732.25	746.42	762.16	777.95	792.93	807.68	824.18	841.44	857.65	871.74	884.19	895.82	907.96	920.5	933.04
302.9	712.62	728.42	742.41	757.47	773.59	788.48	802.94	818.64	835.98	852.83	866.76	879.57	891.75	903.46	915.9	928.34
303	708.66	724.82	738.51	752.68	768.75	784.04	798.59	813.55	830.62	847.89	862.1	874.49	887.33	899.25	911.22	923.19
303.1	704.15	721.19	734.55	748.15	763.85	779.81	794.46	808.74	825.04	842.48	857.47	869.76	882.27	894.98	906.76	918.54
303.2	699.75	717.48	730.79	744.12	759.07	775.34	790.14	804.11	819.48	836.91	852.62	865.36	877.37	890.07	902.58	915.09
303.3	695.48	713.42	727.2	740.17	754.2	770.39	785.8	799.95	814.47	831.49	847.46	860.87	873	884.97	897.9	910.83
303.4	691.44	708.95	723.55	736.25	749.71	765.44	781.59	796	809.77	825.84	841.86	856.14	868.8	880.47	892.61	904.75
303.5	688.09	704.59	719.81	732.56	745.66	760.55	777.02	791.81	805.26	820.26	836.12	850.95	864.5	876.43	887.88	899.33
303.6	685.2	700.3	715.69	728.99	741.67	755.63	771.96	787.57	801.27	815.36	830.77	845.47	859.77	872.47	883.87	895.27
303.7	682.71	696.15	711.23	725.35	737.8	751.17	766.94	783.38	797.48	810.78	825.74	840.23	854.57	868.26	880.1	891.94
303.8	680.69	692.61	706.91	721.59	734.19	747.08	761.94	778.7	793.42	806.37	820.74	835.42	849.46	863.44	876.4	889.36
303.9	678.47	689.46	702.62	717.42	730.62	743.07	756.99	773.53	789.28	802.56	815.88	830.73	844.83	858.46	872.1	885.74
304	675.2	686.66	698.48	712.96	727	739.28	752.56	768.44	785.08	798.94	811.41	825.93	840.45	853.96	867.27	880.58
304.1	671.21	684.38	694.94	708.68	723.22	735.72	748.43	763.33	780.29	795	807.55	821.13	835.93	849.86	862.83	875.8
304.2	667.57	681.94	691.71	704.4	718.99	732.17	744.42	758.37	775.02	790.98	804.33	816.68	831.12	845.72	858.98	872.24
304.3	664.87	678.65	688.82	700.29	714.55	728.57	740.71	753.95	769.84	786.8	801.1	812.88	826.22	841.15	855.21	869.27
304.4	662.8	674.94	686.48	696.77	710.3	724.76	737.2	749.77	764.64	781.87	797.08	809.47	821.77	836.1	851.07	866.04
304.5	660.26	671.49	683.95	693.51	706.02	720.48	733.67	745.77	759.67	776.48	792.25	805.71	817.96	831.07	846.23	861.39
304.6	657.16	668.64	680.62	690.58	701.95	716.05	730.09	742.15	755.28	771.23	787.21	801.27	814.23	826.67	840.77	854.87
304.7	654.44	666.2	677.01	688.23	698.47	711.84	726.25	738.68	751.04	765.94	782.17	796.41	810.06	822.74	835.69	848.64
304.8	652.7	663.42	673.66	685.61	695.17	707.55	721.91	735.17	747.07	760.99	777.02	791.48	805.46	818.67	831.39	844.11
304.9	651.87	660.33	670.76	682.24	692.24	703.53	717.52	731.6	743.54	756.59	771.69	786.55	800.69	814.31	827.22	840.13
305	651.22	657.69	668.19	678.72	689.88	700.09	713.33	727.72	740.1	752.29	766.29	781.49	795.91	809.76	822.98	836.2
305.1	649.45	655.82	665.32	675.42	687.17	696.76	709.04	723.35	736.62	748.38	761.42	776.31	791.07	805.11	818.66	832.21
305.2	646.35	654.64	662.23	672.49	683.78	693.83	705.07	718.99	733.06	744.95	757.36	771.32	786.17	800.44	814.18	827.92
305.3	643.36	653.53	659.63	669.85	680.34	691.48	701.67	714.82	729.14	741.53	753.77	766.81	781.26	795.79	809.66	823.53
305.4	641.46	651.54	657.74	666.92	677.06	688.67	698.29	710.51	724.74	738.06	750.23	762.81	776.52	791.09	805.15	819.21
305.5	640.01	648.73	656.42	663.83	674.11	685.27	695.4	706.6	720.41	734.52	746.63	759.02	772.14	786.38	800.72	815.06
305.6	638	646.14	655.06	661.27	671.42	681.91	693.04	703.23	716.27	730.55	743.12	755.26	768.01	781.74	796.24	810.74
305.7	635.05	644.22	652.93	659.38	668.43	678.64	690.13	699.82	711.93	726.12	739.65	751.6	763.99	777.24	791.52	805.8
305.8	631.55	642.4	650.24	657.95	665.35	675.67	686.73	696.96	708.09	721.84	736.03	748	760.16	772.91	786.73	800.55
305.9	628.86	640.09	647.83	656.39	662.83	672.95	683.44	694.6	704.75	717.7	731.9	744.25	756.45	768.82	782.06	795.3
306	627.63	637.1	645.89	654.14	660.93	669.89	680.17	691.58	701.3	713.34	727.11	740.19	752.59	764.98	777.6	790.22
306.1	627.27	633.9	643.89	651.56	659.4	666.82	677.18	688.2	698.5	709.56	722.4	735.7	748.46	761.08	773.55	786.02
306.2	626.36	631.42	641.38	649.28	657.66	664.35	674.43	684.97	696.12	706.26	718.28	731.14	744.08	756.85	769.67	782.49
306.3	624.32	630.02	638.35	647.29	655.32	662.43	671.32	681.68	692.99	702.76	714.51	727.03	739.65	752.4	765.36	778.32
306.4	621.95	629.17	635.29	645.14	652.84	660.8	668.27	678.69	689.65	700.03	711.17	723.3	735.62	748.01	760.75	773.49
306.5	619.72	628	632.96	642.48	650.65	658.88	665.83	675.91	686.47	697.63	707.94	719.76	732.01	744.05	756.28	768.51
306.6	618.05	626.15	631.5	639.4	648.6	656.49	663.9	672.73	683.15	694.37	704.51	716.25	728.45	740.59	752.28	763.97
306.7	616.88	624.06	630.47	636.47	646.31	654.11	662.15	669.71	680.17	691.09	701.61	712.58	724.78	737.18	748.95	760.72
306.8	615.27	622.04	629.21	634.26	643.51	651.97	660.07	667.31	677.35	687.97	699.14	709.13	720.89	733.5	745.82	758.14
306.9	612.98	620.34	627.47	632.76	640.41	649.85	657.66	665.34	674.12	684.6	696.23	706.18	716.96	729.45	742.3	755.15
307	611	618.89	625.54	631.6	637.6	647.42	655.37	663.47	671.13	681.63	692.76	703.28	713.49	725.15	738.2	751.25
307.1	610.03	617.05	623.62	630.32	635.48	644.51	653.26	661.25	668.76	678.79	689.03	699.93	710.39	721.17	733.67	746.17
307.2	610.07	614.81	621.9	628.68	633.92	641.41	651.05	658.84	666.75	675.48	685.46	696.21	707.05	717.66	729.17	740.68
307.3	610.06	612.93	620.29	626.86	632.68	638.72	648.5	656.64	664.76	672.54	682.6	692.5	703.37	714.22	725.17	736.12
307.4	609.02	611.89	618.31	625.01	631.41	636.66	645.49	654.52	662.41	670.21	680.04	689.28	699.6	710.54	721.5	732.46
307.5	607.09	611.57	616.08	623.27	629.87	635.04	642.4	652.22	660.02	668.14	677.08	686.58	696.11	706.76	717.75	728.74
307.6	605.13	611.17	614.26	621.52	628.14	633.75	639.83	649.56	657.9	666.01	673.98	683.83	693.15	703.09	713.92	724.75
307.7	604.08	610	613.16	619.44	626.34	632.52	637.79	646.46	655.75	663.55	671.3	680.77	690.46	699.84	710.15	720.46
307.8	603.69	608.23	612.67	617.22	624.57	631.06	636.11	643.4	653.36	661.21	669.38	677.73	687.55	697.04	706.68	716.32
307.9	602.82	606.58	612.04	615.43	622.71	629.4	634.8	640.93	650.6	659.16	667.58	675.24	684.39	694.25	703.64	713.03
308	601.02	605.63	610.76	614.29	620.53	627.65	633.63	638.9	647.42	656.95	665.16	673.19	681.44	691.18	700.85	710.52
308.1	599.2	605	609.05	613.64	618.34	625.84	632.24	637.16	644.42	654.47	662.52	670.94	678.97	687.96	697.98	708
308.2	598.15	603.93	607.57	612.84	616.55	623.86	630.64	635.85	642.03	651.62	660.2	668.35	676.66	685.02	694.72	704.42
308.3	597.77	602.26	606.69	611.46	615.35	621.62	628.93	634.75	639.98	648.38	658.07	665.78	674.15	682.43	691.38	700.33
308.4	597.6	600.7	605.94	609.79	614.58	619.43	627.06	633.42	638.19	645.44	655.66	663.37	671.52	679.91	688.37	696.83
308.5	596.94	599.72	604.77	608.46	613.61	617.64	624.98	631.88	636.92	643.12	652.58	660.91	668.87	677.34	685.67	694
308.6	595.5	599.16	603.19	607.62	612.15	616.38	622.69	630.19	635.89	641.02	648.92	658.1	666.2	674.58	683.11	691.64
308.7	593.99	598.68	601.79	606.78	610.53	615.48	620.51	628.26	634.6	639.19	645.71	654.77	663.46	671.68	680.42	689.16
308.8	592.7	597.81	600.86	605.56	609.33	614.37	618.7	626.09	633.11	637.99	643.56	651.39	660.43	668.79	677.4	686.01
308.9	591.43	596.44	600.2	604.06	608.51	612.84	617.38	623.76	631.43	637.04	642	648.63	657.14	665.89	674.19	682.49
309	590.6	595.07	599.53	602.79	607.58	611.28	616.35	621.59	629.45	635.77	640.51	646.57	654.05	662.84	671.22	679.6
309.1	590.17	593.81	598.51	601.88	606.33	610.2	615.11	619.74	627.18	634.33	639.31	644.82	651.46	659.7	668.38	677.06
309.2	589.58	592.57	597.16	601.14	604.93	609.36	613.52	618.35	624.84	632.67	638.39	643.32	649.31	656.71	665.38	674.05
309.3	589.2	591.72	595.84	600.3	603.76	608.35	612.03	617.2	622.65	630.6	637.27	642.07	647.51	654.07	662.26	670.45
309.4	589.14	591.21	594.59	599.16	602.87	607.11	611.05	615.85	620.76	628.27	635.8	640.79	645.99	651.9	659.18	666.46
309.5	588.86	590.56	593.39	597.83	602.03	605.8	610.18	614.21	619.29	625.91	633.81	639.25	644.48	650.1	656.49	662.88
309.6	588.5	590.09	592.56	596.53	601.04	604.72	609.11	612.79	618.03	623.7	631.4	637.4	642.78	648.39	654.38	660.37
309.7	587.72	589.95	592.03	595.29	599.81	603.82	607.89	611.9	616.57	621.75	628.81	635.29	640.91	646.49	652.5	658.51
309.8	586.23	589.65	591.33	594.12	598.48	602.88	606.68	610.98	614.9	620.21	626.35	632.95	638.96	644.45	650.4	656.35
309.9	584.82	589.22	590.81	593.33	597.2	601.75	605.67	609.86	613.57	618.85	624.21	630.52	636.91	642.49	648.12	653.75
310	583.64	588.38	590.63	592.78	595.97	600.46	604.75	608.69	612.74	617.29	622.38	628.19	634.66	640.65	645.99	651.33
310.1	582.39	587.01	590.32	592.03	594.83	599.14	603.71	607.57	611.76	615.59	620.92	626.09	632.28	638.68	644.18	649.68
310.2	581.91	585.7	589.81	591.48	594.08	597.86	602.45	606.6	610.61	614.35	619.56	624.33	629.97	636.43	642.51	648.59
310.3	582.26	584.54	588.92	591.29	593.52	596.64	601.11	605.65	609.51	613.57	618.03	622.83	627.91	634.02	640.55	647.08
310.4	582.44	583.38	587.58	590.94	592.71	595.53	599.79	604.51	608.46	612.51	616.25	621.31	626.18	631.69	638.16	644.63
310.5	582.23	582.84	586.32	590.36	592.14	594.82	598.5	603.13	607.53	611.36	614.97	619.57	624.59	629.68	635.64	641.6
310.6	581.82	582.97	585.2	589.42	591.94	594.24	597.3	601.77	606.54	610.34	614.31	617.98	622.9	627.93	633.34	638.75
310.7	581.08	582.97	584.09	588.1	591.55	593.37	596.21	600.44	605.29	609.36	613.48	616.92	621.16	626.22	631.35	636.48
310.8	580.19	582.71	583.54	586.88	590.9	592.79	595.55	599.14	603.81	608.45	612.35	615.98	619.75	624.44	629.55	634.66
310.9	579.69	582.34	583.56	585.8	589.92	592.59	594.95	597.95	602.43	607.4	611.1	614.83	618.61	622.81	627.76	632.71
311	579.4	581.66	583.45	584.73	588.62	592.15	594.01	596.9	601.08	606.04	610.1	613.55	617.36	621.41	626	630.59
311.1	578.91	580.88	583.16	584.17	587.43	591.43	593.44	596.28	599.77	604.48	609.28	612.41	616.02	619.99	624.39	628.79
311.2	578.27	580.44	582.8	584.1	586.38	590.41	593.23	595.65	598.61	603.09	608.24	611.44	614.79	618.54	622.78	627.02
311.3	577.87	580.05	582.13	583.91	585.35	589.13	592.73	594.64	597.59	601.72	606.69	610.38	613.7	617.22	621.14	625.06
311.4	577.5	579.47	581.43	583.6	584.77	587.98	591.94	594.08	597.01	600.39	604.79	608.92	612.58	616.05	619.68	623.31
311.5	576.87	578.93	581.02	583.23	584.63	586.97	590.91	593.88	596.34	599.26	603.19	607.04	611.17	614.85	618.44	622.03
311.6	576.29	578.61	580.56	582.57	584.37	585.95	589.63	593.29	595.26	598.27	601.86	605.24	609.33	613.44	617.21	620.98
311.7	575.58	578.2	579.94	581.94	584.04	585.34	588.52	592.45	594.74	597.74	600.77	603.79	607.36	611.65	615.76	619.87
311.8	574.69	577.58	579.5	581.56	583.66	585.14	587.55	591.4	594.52	597.01	599.74	602.59	605.77	609.58	613.99	618.4
311.9	574.03	576.97	579.22	581.02	583.01	584.81	586.53	590.13	593.84	595.86	598.77	601.46	604.47	607.8	611.91	616.02
312	573.81	576.22	578.79	580.39	582.45	584.48	585.9	589.06	592.95	595.39	598.29	600.36	603.25	606.39	609.9	613.41
312.1	573.78	575.43	578.18	580.04	582.09	584.09	585.65	588.13	591.9	595.16	597.61	599.61	602.06	605.11	608.33	611.55
312.2	573.66	574.89	577.51	579.8	581.47	583.45	585.26	587.09	590.64	594.36	596.49	599.05	601.04	603.83	607.03	610.23
312.3	573.29	574.58	576.73	579.35	580.85	582.97	584.92	586.45	589.61	593.44	595.91	598.27	600.38	602.62	605.69	608.76
312.4	572.81	574.38	576.06	578.74	580.6	582.59	584.52	586.15	588.71	592.41	595.67	597.57	599.83	601.73	604.33	606.93
312.5	572.72	574.16	575.59	578.02	580.37	581.89	583.89	585.7	587.65	591.14	595.04	597.09	599.25	601.2	603.2	605.2
312.6	573.03	573.77	575.2	577.23	579.89	581.31	583.48	585.36	586.99	590.15	594.01	596.38	598.7	600.83	602.5	604.17
312.7	573.38	573.39	574.9	576.67	579.28	581.16	583.08	584.94	586.64	589.29	592.68	595.28	597.88	600.39	602.21	604.03
312.8	573.27	573.33	574.61	576.25	578.51	580.92	582.31	584.34	586.14	588.18	591.25	593.93	596.65	599.55	602.02	604.49
312.9	572.46	573.51	574.21	575.77	577.74	580.44	581.8	584	585.81	587.51	590.26	592.48	595.22	598.18	601.35	604.52
313	571.49	573.68	573.9	575.38	577.29	579.82	581.72	583.55	585.37	587.13	589.52	591.3	593.73	596.59	599.91	603.23
313.1	570.83	573.5	573.85	575.04	576.88	578.98	581.46	582.72	584.79	586.58	588.53	590.46	592.4	595.02	598.1	601.18
313.2	570.23	572.77	573.92	574.64	576.31	578.25	580.98	582.3	584.51	586.24	587.82	589.59	591.43	593.57	596.35	599.13
313.3	569.64	571.95	573.97	574.39	575.86	577.92	580.34	582.29	584.01	585.79	587.37	588.82	590.6	592.46	594.79	597.12
313.4	569.07	571.37	573.74	574.34	575.47	577.48	579.45	582	583.13	585.25	586.97	588.33	589.78	591.57	593.54	595.51
313.5	568.41	570.79	573.04	574.3	575.08	576.82	578.78	581.51	582.82	585.03	586.72	587.92	589.27	590.75	592.56	594.37
313.6	568.35	570.19	572.31	574.26	574.89	576.32	578.55	580.86	582.86	584.45	586.24	587.52	588.9	590.19	591.71	593.23
313.7	569.18	569.6	571.79	573.99	574.8	575.9	578.06	579.92	582.52	583.54	585.7	586.98	588.42	589.85	591.07	592.29
313.8	570.07	568.97	571.23	573.3	574.66	575.53	577.31	579.34	582.05	583.35	585.4	586.29	587.81	589.42	590.75	592.08
313.9	570.67	568.9	570.63	572.65	574.55	575.38	576.79	579.19	581.36	583.43	584.75	585.72	587.02	588.74	590.43	592.12
314	570.84	569.57	570.04	572.18	574.24	575.25	576.33	578.62	580.38	583.03	583.78	585.07	586.21	587.86	589.76	591.66
314.1	570.22	570.3	569.43	571.63	573.58	575.01	575.98	577.79	579.91	582.58	583.51	584.12	585.44	586.89	588.8	590.71
314.2	569.35	570.78	569.36	571.05	572.99	574.84	575.87	577.25	579.83	581.86	583.67	583.43	584.5	585.91	587.7	589.49
314.3	568.74	570.85	569.95	570.46	572.57	574.5	575.67	576.77	579.15	580.85	583.51	583.28	583.55	584.91	586.55	588.19
314.4	568.07	570.25	570.57	569.86	572.03	573.85	575.33	576.44	578.26	580.5	583.04	583.17	583.07	583.85	585.38	586.91
314.5	567.45	569.49	570.96	569.78	571.45	573.33	575.13	576.35	577.71	580.46	582.04	582.78	582.86	583.05	584.23	585.41
314.6	567.2	568.95	570.91	570.3	570.88	572.95	574.76	576.07	577.2	579.65	580.86	582.02	582.48	582.62	583.23	583.84
314.7	566.91	568.37	570.27	570.84	570.27	572.42	574.13	575.65	576.91	578.72	580.54	581.01	581.85	582.21	582.51	582.81
314.8	566.61	567.83	569.57	571.14	570.18	571.86	573.68	575.42	576.83	578.18	580.74	580.44	581.04	581.62	581.97	582.32
314.9	566.58	567.52	569.09	570.97	570.65	571.29	573.33	575.03	576.45	577.64	580.16	580.53	580.39	580.93	581.38	581.83
315	566.72	567.13	568.58	570.29	571.11	570.68	572.8	574.42	575.95	577.37	579.11	580.39	580.31	580.34	580.71	581.08
315.1	566.7	566.83	568.11	569.64	571.31	570.58	572.26	574.03	575.71	577.29	578.23	579.61	580.4	580.13	580.19	580.25
315.2	566.21	566.83	567.75	569.22	571.03	570.99	571.7	573.71	575.3	576.8	577.65	578.65	579.97	580.26	579.98	579.7
315.3	565.74	567.01	567.3	568.78	570.32	571.37	571.07	573.18	574.71	576.25	577.61	577.9	579.11	580.15	580.06	579.97
315.4	565.57	567	567.01	568.36	569.72	571.47	570.96	572.67	574.38	576.01	577.67	577.56	578.26	579.53	580.13	580.73
315.5	565.69	566.57	567.06	567.95	569.35	571.08	571.32	572.1	574.09	575.57	577.15	577.45	577.66	578.68	579.83	580.98
315.6	565.86	566.22	567.28	567.44	568.99	570.36	571.62	571.45	573.56	575	576.37	577.03	577.36	577.92	579.12	580.32
315.7	565.51	566.14	567.29	567.18	568.6	569.8	571.62	571.34	573.07	574.74	575.92	576.21	576.94	577.41	578.28	579.15
315.8	564.39	566.24	566.91	567.29	568.13	569.49	571.13	571.64	572.5	574.47	575.49	575.48	576.12	576.9	577.59	578.28
