0	0	0.1	0.2	0.3	0.4	0.5	0.6	0.7	0.8	0.9	1	1.1	1.2	1.3	1.4	1.5	1.6
256.8	0	105.05	107.83	109.31	110.6	111.4	112.1	112.61	113.07	113.44	113.78	114.07	114.33	114.57	114.79	114.99	115.24
256.9	0	105.02	107.8	109.28	110.58	111.37	112.07	112.58	113.04	113.41	113.75	114.04	114.3	114.54	114.76	114.96	115.21
257	0	104.99	107.77	109.25	110.55	111.34	112.04	112.55	113.01	113.38	113.72	114.01	114.27	114.51	114.73	114.93	115.18
257.1	0	104.97	107.74	109.22	110.52	111.31	112.01	112.52	112.98	113.35	113.69	113.98	114.25	114.48	114.7	114.9	115.149
257.2	0	104.94	107.71	109.19	110.49	111.28	111.98	112.49	112.95	113.32	113.66	113.95	114.22	114.45	114.67	114.87	115.119
257.3	0	104.91	107.68	109.16	110.46	111.25	111.95	112.46	112.92	113.29	113.63	113.92	114.19	114.42	114.64	114.84	115.089
257.4	0	104.88	107.66	109.13	110.43	111.22	111.92	112.43	112.89	113.26	113.6	113.89	114.16	114.39	114.61	114.81	115.059
257.5	0	104.85	107.63	109.1	110.4	111.19	111.89	112.4	112.86	113.23	113.57	113.86	114.13	114.36	114.58	114.78	115.029
257.6	0	104.82	107.6	109.07	110.37	111.16	111.86	112.37	112.83	113.2	113.54	113.83	114.1	114.33	114.55	114.75	114.999
257.7	0	104.8	107.57	109.04	110.34	111.13	111.83	112.34	112.8	113.17	113.51	113.8	114.07	114.3	114.52	114.72	114.969
257.8	0	104.77	107.54	109.01	110.31	111.1	111.8	112.31	112.77	113.14	113.48	113.77	114.04	114.27	114.49	114.69	114.939
257.9	0	104.74	107.51	108.98	110.28	111.07	111.77	112.28	112.74	113.11	113.45	113.74	114	114.24	114.46	114.66	114.91
258	0	104.71	107.48	108.95	110.25	111.04	111.74	112.25	112.71	113.08	113.42	113.71	113.97	114.21	114.43	114.63	114.88
258.1	0	104.68	107.45	108.92	110.22	111.01	111.71	112.22	112.68	113.05	113.39	113.67	113.94	114.18	114.4	114.6	114.854
258.2	0	104.65	107.42	108.89	110.19	110.98	111.68	112.19	112.65	113.02	113.36	113.64	113.91	114.15	114.37	114.57	114.824
258.3	0	104.62	107.39	108.86	110.15	110.94	111.65	112.16	112.62	112.99	113.32	113.61	113.88	114.12	114.34	114.54	114.794
258.4	0	104.59	107.36	108.83	110.12	110.91	111.62	112.13	112.59	112.95	113.29	113.58	113.85	114.09	114.31	114.51	114.764
258.5	0	104.56	107.33	108.8	110.09	110.88	111.58	112.09	112.55	112.92	113.26	113.55	113.82	114.06	114.28	114.48	114.734
258.6	0	104.53	107.3	108.77	110.06	110.85	111.55	112.06	112.52	112.89	113.23	113.52	113.79	114.03	114.25	114.45	114.704
258.7	0	104.5	107.27	108.74	110.03	110.82	111.52	112.03	112.49	112.86	113.2	113.49	113.76	113.99	114.21	114.42	114.667
258.8	0	104.47	107.24	108.7	110	110.79	111.49	112	112.46	112.83	113.17	113.46	113.72	113.96	114.18	114.38	114.63
258.9	0	104.44	107.21	108.67	109.97	110.76	111.46	111.97	112.43	112.8	113.13	113.42	113.69	113.93	114.15	114.35	114.604
259	0	104.41	107.18	108.64	109.94	110.72	111.43	111.93	112.39	112.76	113.1	113.39	113.66	113.9	114.12	114.32	114.574
259.1	0	104.38	107.15	108.61	109.9	110.69	111.39	111.9	112.36	112.73	113.07	113.36	113.63	113.87	114.09	114.29	114.544
259.2	0	104.35	107.11	108.58	109.87	110.66	111.36	111.87	112.33	112.7	113.04	113.33	113.6	113.83	114.06	114.26	114.512
259.3	0	104.32	107.08	108.55	109.84	110.63	111.33	111.84	112.3	112.67	113.01	113.29	113.56	113.8	114.02	114.23	114.482
259.4	0	104.29	107.05	108.51	109.81	110.59	111.3	111.8	112.26	112.63	112.97	113.26	113.53	113.77	113.99	114.19	114.444
259.5	0	104.26	107.02	108.48	109.78	110.56	111.26	111.77	112.23	112.6	112.94	113.23	113.5	113.74	113.96	114.16	114.414
259.6	0	104.23	106.99	108.45	109.74	110.53	111.23	111.74	112.2	112.57	112.91	113.2	113.47	113.71	113.93	114.13	114.384
259.7	0	104.2	106.96	108.42	109.71	110.5	111.2	111.71	112.17	112.54	112.88	113.16	113.44	113.67	113.89	114.1	114.351
259.8	0	104.16	106.92	108.38	109.68	110.46	111.17	111.67	112.13	112.5	112.84	113.13	113.4	113.64	113.86	114.07	114.322
259.9	0	104.13	106.89	108.35	109.65	110.43	111.13	111.64	112.1	112.47	112.81	113.1	113.37	113.61	113.83	114.03	114.284
260	0	104.1	106.86	108.32	109.61	110.4	111.1	111.61	112.07	112.44	112.78	113.07	113.34	113.58	113.8	114	114.254
260.1	0	104.07	106.83	108.28	109.58	110.36	111.07	111.57	112.03	112.4	112.74	113.03	113.3	113.54	113.76	113.97	114.222
260.2	0	104.04	106.8	108.25	109.55	110.33	111.03	111.54	112	112.37	112.71	113	113.27	113.51	113.73	113.93	114.184
260.3	0	104.01	106.76	108.22	109.51	110.3	111	111.51	111.97	112.34	112.68	112.97	113.24	113.48	113.7	113.9	114.154
260.4	0	103.98	106.73	108.18	109.48	110.26	110.97	111.47	111.93	112.3	112.64	112.93	113.2	113.44	113.67	113.87	114.127
260.5	0	103.95	106.7	108.15	109.45	110.23	110.93	111.44	111.9	112.27	112.61	112.9	113.17	113.41	113.63	113.84	114.092
260.6	0	103.91	106.67	108.12	109.41	110.2	110.9	111.41	111.87	112.24	112.58	112.87	113.14	113.38	113.6	113.8	114.054
260.7	0	103.88	106.63	108.08	109.38	110.16	110.87	111.37	111.83	112.2	112.54	112.83	113.1	113.34	113.57	113.77	114.027
260.8	0	103.85	106.6	108.05	109.35	110.13	110.83	111.34	111.8	112.17	112.51	112.8	113.07	113.31	113.53	113.74	113.992
260.9	0	103.82	106.57	108.02	109.31	110.09	110.8	111.3	111.76	112.13	112.48	112.76	113.04	113.28	113.5	113.7	113.958
261	0	103.79	106.54	107.98	109.28	110.06	110.76	111.27	111.73	112.1	112.44	112.73	113	113.24	113.47	113.67	113.927
261.1	0	103.76	106.5	107.95	109.25	110.03	110.73	111.24	111.7	112.07	112.41	112.7	112.97	113.21	113.43	113.64	113.892
261.2	0	103.72	106.47	107.91	109.21	109.99	110.69	111.2	111.66	112.03	112.37	112.66	112.94	113.18	113.4	113.6	113.858
261.3	0	103.69	106.44	107.88	109.18	109.96	110.66	111.17	111.63	112	112.34	112.63	112.9	113.14	113.37	113.57	113.827
261.4	0	103.66	106.4	107.85	109.14	109.92	110.63	111.13	111.59	111.96	112.31	112.59	112.87	113.11	113.33	113.53	113.788
261.5	0	103.63	106.37	107.81	109.11	109.89	110.59	111.1	111.56	111.93	112.27	112.56	112.83	113.07	113.3	113.5	113.757
261.6	0	103.59	106.34	107.78	109.07	109.85	110.56	111.06	111.53	111.9	112.24	112.53	112.8	113.04	113.26	113.47	113.722
261.7	0	103.56	106.3	107.74	109.04	109.82	110.52	111.03	111.49	111.86	112.2	112.49	112.76	113.01	113.23	113.43	113.689
261.8	0	103.53	106.27	107.71	109.01	109.78	110.49	110.99	111.46	111.83	112.17	112.46	112.73	112.97	113.2	113.4	113.657
261.9	0	103.5	106.24	107.67	108.97	109.75	110.45	110.96	111.42	111.79	112.13	112.42	112.7	112.94	113.16	113.36	113.618
262	0	103.46	106.2	107.64	108.94	109.71	110.42	110.92	111.39	111.76	112.1	112.39	112.66	112.9	113.13	113.33	113.587
262.1	0	103.43	106.17	107.6	108.9	109.68	110.38	110.89	111.35	111.72	112.06	112.35	112.63	112.87	113.09	113.3	113.556
262.2	0	103.4	106.13	107.57	108.87	109.64	110.35	110.85	111.32	111.69	112.03	112.32	112.59	112.83	113.06	113.26	113.517
262.3	0	103.36	106.1	107.53	108.83	109.61	110.31	110.82	111.28	111.65	111.99	112.28	112.56	112.8	113.02	113.23	113.486
262.4	0	103.32	106.07	107.5	108.8	109.57	110.28	110.78	111.25	111.62	111.96	112.25	112.52	112.76	112.99	113.19	113.447
262.5	0	103.29	106.03	107.46	108.76	109.54	110.24	110.75	111.21	111.58	111.92	112.21	112.49	112.73	112.95	113.16	113.416
262.6	0	103.25	106	107.43	108.73	109.5	110.21	110.71	111.18	111.55	111.89	112.18	112.45	112.69	112.92	113.12	113.377
262.7	0	103.21	105.96	107.39	108.69	109.46	110.17	110.67	111.14	111.51	111.85	112.14	112.42	112.66	112.88	113.09	113.346
262.8	0	103.17	105.93	107.36	108.65	109.43	110.13	110.64	111.1	111.47	111.82	112.11	112.38	112.62	112.85	113.05	113.307
262.9	0	103.14	105.9	107.32	108.62	109.39	110.1	110.6	111.07	111.44	111.78	112.07	112.34	112.59	112.81	113.02	113.277
263	0	103.1	105.86	107.29	108.58	109.36	110.06	110.57	111.03	111.4	111.75	112.04	112.31	112.55	112.78	112.98	113.237
263.1	0	103.06	105.83	107.25	108.55	109.32	110.03	110.53	111	111.37	111.71	112	112.27	112.52	112.74	112.95	113.207
263.2	0	103.03	105.79	107.21	108.51	109.28	109.99	110.5	110.96	111.33	111.67	111.96	112.24	112.48	112.71	112.91	113.171
263.3	0	102.99	105.76	107.18	108.48	109.25	109.95	110.46	110.92	111.29	111.64	111.93	112.2	112.45	112.67	112.88	113.137
263.4	0	102.95	105.72	107.14	108.44	109.21	109.92	110.42	110.89	111.26	111.6	111.89	112.17	112.41	112.64	112.84	113.101
263.5	0	102.91	105.69	107.11	108.4	109.18	109.88	110.39	110.85	111.22	111.57	111.86	112.13	112.38	112.6	112.81	113.067
263.6	0	102.87	105.65	107.07	108.37	109.14	109.85	110.35	110.82	111.19	111.53	111.82	112.1	112.34	112.57	112.77	113.031
263.7	0	102.84	105.62	107.03	108.33	109.1	109.81	110.31	110.78	111.15	111.49	111.78	112.06	112.3	112.53	112.74	112.999
263.8	0	102.8	105.58	107	108.29	109.07	109.77	110.28	110.74	111.11	111.46	111.75	112.02	112.27	112.5	112.7	112.962
263.9	0	102.76	105.54	106.96	108.26	109.03	109.74	110.24	110.71	111.08	111.42	111.71	111.99	112.23	112.46	112.66	112.921
264	0	102.72	105.51	106.92	108.22	108.99	109.7	110.2	110.67	111.04	111.38	111.68	111.95	112.19	112.42	112.63	112.885
264.1	0	102.68	105.47	106.89	108.18	108.96	109.66	110.17	110.63	111	111.35	111.64	111.91	112.16	112.39	112.59	112.852
264.2	0	102.64	105.44	106.85	108.15	108.92	109.63	110.13	110.6	110.97	111.31	111.6	111.88	112.12	112.35	112.56	112.819
264.3	0	102.61	105.4	106.81	108.11	108.88	109.59	110.09	110.56	110.93	111.27	111.57	111.84	112.09	112.31	112.52	112.777
264.4	0	102.57	105.36	106.78	108.07	108.84	109.55	110.06	110.52	110.89	111.24	111.53	111.81	112.05	112.28	112.48	112.741
264.5	0	102.53	105.33	106.74	108.04	108.81	109.51	110.02	110.48	110.85	111.2	111.49	111.77	112.01	112.24	112.45	112.709
264.6	0	102.49	105.29	106.7	108	108.77	109.48	109.98	110.45	110.82	111.16	111.45	111.73	111.98	112.2	112.41	112.671
264.7	0	102.45	105.26	106.67	107.96	108.73	109.44	109.94	110.41	110.78	111.13	111.42	111.69	111.94	112.17	112.38	112.64
264.8	0	102.41	105.22	106.63	107.93	108.69	109.4	109.9	110.37	110.74	111.09	111.38	111.66	111.9	112.13	112.34	112.599
264.9	0	102.37	105.18	106.59	107.89	108.66	109.36	109.87	110.33	110.7	111.05	111.34	111.62	111.86	112.09	112.3	112.559
265	0	102.34	105.15	106.55	107.85	108.62	109.33	109.83	110.3	110.67	111.01	111.31	111.58	111.83	112.06	112.27	112.53
265.1	0	102.3	105.11	106.52	107.81	108.58	109.29	109.79	110.26	110.63	110.98	111.27	111.55	111.79	112.02	112.23	112.489
265.2	0	102.26	105.07	106.48	107.78	108.54	109.25	109.75	110.22	110.59	110.94	111.23	111.51	111.75	111.98	112.19	112.449
265.3	0	102.22	105.04	106.44	107.74	108.5	109.21	109.71	110.18	110.55	110.9	111.19	111.47	111.72	111.95	112.15	112.416
265.4	0	102.18	105	106.4	107.7	108.47	109.17	109.68	110.14	110.51	110.86	111.15	111.43	111.68	111.91	112.12	112.384
265.5	0	102.14	104.96	106.37	107.66	108.43	109.14	109.64	110.11	110.48	110.82	111.12	111.4	111.64	111.87	112.08	112.339
265.6	0	102.1	104.92	106.33	107.62	108.39	109.1	109.6	110.07	110.44	110.79	111.08	111.36	111.6	111.83	112.04	112.299
265.7	0	102.06	104.89	106.29	107.59	108.35	109.06	109.56	110.03	110.4	110.75	111.04	111.32	111.57	111.8	112	112.266
265.8	0	102.02	104.85	106.25	107.55	108.31	109.02	109.52	109.99	110.36	110.71	111	111.28	111.53	111.76	111.97	112.234
265.9	0	101.98	104.81	106.21	107.51	108.27	108.98	109.48	109.95	110.32	110.67	110.96	111.24	111.49	111.72	111.93	112.194
266	0	101.94	104.78	106.17	107.47	108.23	108.94	109.44	109.91	110.28	110.63	110.92	111.2	111.45	111.68	111.89	112.154
266.1	0	101.9	104.74	106.13	107.43	108.19	108.9	109.41	109.87	110.24	110.59	110.89	111.17	111.41	111.64	111.85	112.109
266.2	0	101.86	104.7	106.1	107.39	108.16	108.86	109.37	109.84	110.21	110.55	110.85	111.13	111.38	111.61	111.82	112.084
266.3	0	101.82	104.66	106.06	107.36	108.12	108.82	109.33	109.8	110.17	110.52	110.81	111.09	111.34	111.57	111.78	112.044
266.4	0	101.78	104.62	106.02	107.32	108.08	108.79	109.29	109.76	110.13	110.48	110.77	111.05	111.3	111.53	111.74	112.004
266.5	0	101.74	104.59	105.98	107.28	108.04	108.75	109.25	109.72	110.09	110.44	110.73	111.01	111.26	111.49	111.7	111.964
266.6	0	101.7	104.55	105.94	107.24	108	108.71	109.21	109.68	110.05	110.4	110.69	110.97	111.22	111.45	111.66	111.924
266.7	0	101.66	104.51	105.9	107.2	107.96	108.67	109.17	109.64	110.01	110.36	110.65	110.93	111.18	111.42	111.63	111.897
266.8	0	101.62	104.47	105.86	107.16	107.92	108.63	109.13	109.6	109.97	110.32	110.61	110.89	111.14	111.38	111.59	111.857
266.9	0	101.58	104.43	105.82	107.12	107.88	108.59	109.09	109.56	109.93	110.28	110.57	110.86	111.1	111.34	111.55	111.816
267	0	101.54	104.4	105.78	107.08	107.84	108.55	109.05	109.52	109.89	110.24	110.54	110.82	111.07	111.3	111.51	111.774
267.1	0	101.5	104.36	105.74	107.04	107.8	108.51	109.01	109.48	109.85	110.2	110.5	110.78	111.03	111.26	111.47	111.734
267.2	0	101.46	104.32	105.7	107	107.76	108.47	108.97	109.44	109.81	110.16	110.46	110.74	110.99	111.22	111.43	111.694
267.3	0	101.42	104.28	105.66	106.96	107.72	108.43	108.93	109.4	109.77	110.12	110.42	110.7	110.95	111.18	111.39	111.654
267.4	0	101.38	104.24	105.62	106.92	107.68	108.39	108.89	109.36	109.73	110.08	110.38	110.66	110.91	111.14	111.35	111.614
267.5	0	101.33	104.2	105.58	106.88	107.64	108.35	108.85	109.32	109.69	110.04	110.34	110.62	110.87	111.1	111.32	111.582
267.6	0	101.29	104.16	105.54	106.84	107.6	108.31	108.81	109.28	109.65	110.01	110.3	110.58	110.83	111.06	111.28	111.542
267.7	0	101.25	104.12	105.5	106.8	107.55	108.27	108.77	109.24	109.61	109.97	110.26	110.54	110.79	111.03	111.24	111.507
267.8	0	101.21	104.09	105.46	106.76	107.51	108.22	108.73	109.2	109.57	109.92	110.22	110.5	110.75	110.99	111.2	111.467
267.9	0	101.17	104.05	105.42	106.72	107.47	108.18	108.69	109.16	109.53	109.88	110.18	110.46	110.71	110.95	111.16	111.427
268	0	101.13	104.01	105.38	106.68	107.43	108.14	108.65	109.12	109.49	109.84	110.14	110.42	110.67	110.91	111.12	111.387
268.1	0	101.08	103.97	105.34	106.64	107.39	108.1	108.61	109.08	109.45	109.8	110.1	110.38	110.63	110.87	111.08	111.347
268.2	0	101.04	103.93	105.3	106.59	107.35	108.06	108.57	109.04	109.41	109.76	110.06	110.34	110.59	110.83	111.04	111.307
268.3	0	101	103.89	105.26	106.55	107.31	108.02	108.52	109	109.37	109.72	110.02	110.3	110.55	110.79	111	111.267
268.4	0	100.96	103.85	105.22	106.51	107.27	107.98	108.48	108.96	109.33	109.68	109.98	110.26	110.51	110.75	110.96	111.227
268.5	0	100.91	103.81	105.18	106.47	107.23	107.94	108.44	108.92	109.29	109.64	109.93	110.22	110.47	110.71	110.92	111.191
268.6	0	100.87	103.77	105.13	106.43	107.18	107.9	108.4	108.88	109.25	109.6	109.89	110.18	110.43	110.67	110.88	111.151
268.7	0	100.83	103.73	105.09	106.39	107.14	107.85	108.36	108.83	109.21	109.56	109.85	110.14	110.39	110.62	110.84	111.106
268.8	0	100.79	103.69	105.05	106.35	107.1	107.81	108.32	108.79	109.16	109.52	109.81	110.1	110.35	110.58	110.8	111.066
268.9	0	100.74	103.65	105.01	106.31	107.06	107.77	108.28	108.75	109.12	109.48	109.77	110.06	110.31	110.54	110.76	111.026
269	0	100.7	103.6	104.97	106.26	107.02	107.73	108.23	108.71	109.08	109.43	109.73	110.01	110.27	110.5	110.72	110.987
269.1	0	100.66	103.56	104.93	106.22	106.98	107.69	108.19	108.67	109.04	109.39	109.69	109.97	110.22	110.46	110.68	110.945
269.2	0	100.61	103.52	104.88	106.18	106.93	107.65	108.15	108.63	109	109.35	109.65	109.93	110.18	110.42	110.64	110.905
269.3	0	100.57	103.48	104.84	106.14	106.89	107.6	108.11	108.58	108.95	109.31	109.61	109.89	110.14	110.38	110.6	110.865
269.4	0	100.52	103.44	104.8	106.1	106.85	107.56	108.06	108.54	108.91	109.27	109.56	109.85	110.1	110.34	110.55	110.821
269.5	0	100.48	103.4	104.76	106.05	106.81	107.52	108.02	108.5	108.87	109.22	109.52	109.81	110.06	110.3	110.51	110.781
269.6	0	100.44	103.35	104.72	106.01	106.76	107.48	107.98	108.46	108.83	109.18	109.48	109.77	110.02	110.26	110.47	110.741
269.7	0	100.39	103.31	104.67	105.97	106.72	107.43	107.94	108.41	108.79	109.14	109.44	109.72	109.98	110.22	110.43	110.702
269.8	0	100.35	103.27	104.63	105.93	106.68	107.39	107.89	108.37	108.74	109.1	109.4	109.68	109.93	110.17	110.39	110.655
269.9	0	100.3	103.22	104.59	105.88	106.63	107.35	107.85	108.33	108.7	109.06	109.35	109.64	109.89	110.13	110.35	110.619
270	0	100.26	103.18	104.54	105.84	106.59	107.3	107.81	108.28	108.66	109.01	109.31	109.6	109.85	110.09	110.31	110.579
270.1	0	100.21	103.13	104.5	105.8	106.55	107.26	107.76	108.24	108.61	108.97	109.27	109.56	109.81	110.05	110.27	110.539
270.2	0	100.17	103.09	104.46	105.75	106.5	107.22	107.72	108.2	108.57	108.93	109.23	109.51	109.77	110.01	110.22	110.492
270.3	0	100.12	103.05	104.41	105.71	106.46	107.17	107.68	108.15	108.53	108.88	109.18	109.47	109.72	109.96	110.18	110.449
270.4	0	100.08	103	104.37	105.67	106.42	107.13	107.63	108.11	108.48	108.84	109.14	109.43	109.68	109.92	110.14	110.409
270.5	0	100.03	102.96	104.33	105.62	106.37	107.09	107.59	108.07	108.44	108.8	109.1	109.39	109.64	109.88	110.1	110.369
270.6	0	99.988	102.91	104.28	105.58	106.33	107.04	107.54	108.02	108.4	108.75	109.05	109.34	109.6	109.84	110.06	110.334
270.7	0	99.943	102.87	104.24	105.54	106.28	107	107.5	107.98	108.35	108.71	109.01	109.3	109.55	109.8	110.01	110.284
270.8	0	99.897	102.82	104.2	105.49	106.24	106.95	107.46	107.94	108.31	108.67	108.97	109.26	109.51	109.75	109.97	110.239
270.9	0	99.852	102.78	104.15	105.45	106.2	106.91	107.41	107.89	108.26	108.62	108.92	109.21	109.47	109.71	109.93	110.204
271	0	99.806	102.73	104.11	105.4	106.15	106.87	107.37	107.85	108.22	108.58	108.88	109.17	109.42	109.67	109.89	110.162
271.1	0	99.761	102.69	104.06	105.36	106.11	106.82	107.32	107.8	108.18	108.54	108.84	109.13	109.38	109.62	109.84	110.109
271.2	0	99.715	102.64	104.02	105.32	106.06	106.78	107.28	107.76	108.13	108.49	108.79	109.08	109.34	109.58	109.8	110.074
271.3	0	99.669	102.6	103.97	105.27	106.02	106.73	107.23	107.71	108.09	108.45	108.75	109.04	109.29	109.54	109.76	110.032
271.4	0	99.623	102.55	103.93	105.23	105.97	106.69	107.19	107.67	108.04	108.4	108.7	109	109.25	109.49	109.71	109.983
271.5	0	99.577	102.5	103.88	105.18	105.93	106.64	107.14	107.62	108	108.36	108.66	108.95	109.21	109.45	109.67	109.944
271.6	0	99.531	102.46	103.84	105.14	105.88	106.6	107.1	107.58	107.95	108.31	108.62	108.91	109.16	109.41	109.63	109.902
271.7	0	99.484	102.41	103.79	105.09	105.84	106.55	107.05	107.53	107.91	108.27	108.57	108.86	109.12	109.36	109.58	109.854
271.8	0	99.437	102.37	103.75	105.05	105.79	106.51	107.01	107.49	107.86	108.22	108.53	108.82	109.08	109.32	109.54	109.814
271.9	0	99.391	102.32	103.7	105	105.75	106.46	106.96	107.44	107.82	108.18	108.48	108.77	109.03	109.28	109.5	109.777
272	0	99.344	102.27	103.66	104.96	105.7	106.42	106.92	107.4	107.77	108.13	108.44	108.73	108.99	109.23	109.45	109.724
272.1	0	99.297	102.23	103.61	104.91	105.65	106.37	106.87	107.35	107.73	108.09	108.39	108.68	108.94	109.19	109.41	109.687
272.2	0	99.25	102.18	103.57	104.86	105.61	106.32	106.83	107.31	107.68	108.04	108.35	108.64	108.9	109.14	109.36	109.634
272.3	0	99.202	102.13	103.52	104.82	105.56	106.28	106.78	107.26	107.64	108	108.3	108.59	108.85	109.1	109.32	109.597
272.4	0	99.155	102.09	103.47	104.77	105.51	106.23	106.73	107.22	107.59	107.95	108.26	108.55	108.81	109.05	109.28	109.552
272.5	0	99.107	102.04	103.43	104.73	105.47	106.19	106.69	107.17	107.55	107.91	108.21	108.5	108.76	109.01	109.23	109.507
272.6	0	99.059	101.99	103.38	104.68	105.42	106.14	106.64	107.12	107.5	107.86	108.16	108.46	108.72	108.96	109.19	109.466
272.7	0	99.011	101.94	103.33	104.63	105.37	106.09	106.6	107.08	107.45	107.82	108.12	108.41	108.67	108.92	109.14	109.417
272.8	0	98.963	101.9	103.29	104.59	105.33	106.05	106.55	107.03	107.41	107.77	108.07	108.37	108.63	108.87	109.1	109.376
272.9	0	98.914	101.85	103.24	104.54	105.28	106	106.5	106.99	107.36	107.72	108.03	108.32	108.58	108.83	109.05	109.327
273	0	98.866	101.8	103.19	104.49	105.23	105.95	106.45	106.94	107.31	107.68	107.98	108.28	108.53	108.78	109.01	109.284
273.1	0	98.817	101.75	103.15	104.44	105.19	105.9	106.41	106.89	107.27	107.63	107.93	108.23	108.49	108.74	108.96	109.241
273.2	0	98.769	101.7	103.1	104.4	105.14	105.86	106.36	106.84	107.22	107.58	107.89	108.18	108.44	108.69	108.92	109.195
273.3	0	98.72	101.65	103.05	104.35	105.09	105.81	106.31	106.8	107.17	107.54	107.84	108.14	108.4	108.65	108.87	109.151
273.4	0	98.671	101.6	103	104.3	105.04	105.76	106.26	106.75	107.13	107.49	107.79	108.09	108.35	108.6	108.83	109.109
273.5	0	98.622	101.56	102.96	104.25	104.99	105.71	106.22	106.7	107.08	107.44	107.75	108.04	108.3	108.55	108.78	109.055
273.6	0	98.572	101.51	102.91	104.21	104.95	105.67	106.17	106.65	107.03	107.4	107.7	108	108.26	108.51	108.73	109.011
273.7	0	98.523	101.46	102.86	104.16	104.9	105.62	106.12	106.61	106.98	107.35	107.65	107.95	108.21	108.46	108.69	108.969
273.8	0	98.473	101.41	102.81	104.11	104.85	105.57	106.07	106.56	106.94	107.3	107.61	107.9	108.16	108.42	108.64	108.92
273.9	0	98.424	101.36	102.76	104.06	104.8	105.52	106.02	106.51	106.89	107.25	107.56	107.86	108.12	108.37	108.6	108.879
274	0	98.374	101.31	102.71	104.01	104.75	105.47	105.97	106.46	106.84	107.21	107.51	107.81	108.07	108.32	108.55	108.829
274.1	0	98.324	101.26	102.66	103.96	104.7	105.42	105.93	106.41	106.79	107.16	107.46	107.76	108.02	108.28	108.5	108.784
274.2	0	98.273	101.21	102.62	103.92	104.65	105.37	105.88	106.36	106.74	107.11	107.42	107.71	107.98	108.23	108.46	108.74
274.3	0	98.223	101.16	102.57	103.87	104.6	105.33	105.83	106.32	106.7	107.06	107.37	107.67	107.93	108.18	108.41	108.689
274.4	0	98.172	101.11	102.52	103.82	104.56	105.28	105.78	106.27	106.65	107.01	107.32	107.62	107.88	108.13	108.36	108.639
274.5	0	98.122	101.06	102.47	103.77	104.51	105.23	105.73	106.22	106.6	106.97	107.27	107.57	107.83	108.09	108.32	108.602
274.6	0	98.071	101.01	102.42	103.72	104.46	105.18	105.68	106.17	106.55	106.92	107.22	107.52	107.79	108.04	108.27	108.554
274.7	0	98.02	100.96	102.37	103.67	104.41	105.13	105.63	106.12	106.5	106.87	107.17	107.47	107.74	107.99	108.22	108.504
274.8	0	97.969	100.91	102.32	103.62	104.36	105.08	105.58	106.07	106.45	106.82	107.13	107.43	107.69	107.94	108.17	108.449
274.9	0	97.918	100.86	102.27	103.57	104.31	105.03	105.53	106.02	106.4	106.77	107.08	107.38	107.64	107.9	108.13	108.412
275	0	97.866	100.8	102.22	103.52	104.26	104.98	105.48	105.97	106.35	106.72	107.03	107.33	107.59	107.85	108.08	108.362
275.1	0	97.815	100.75	102.17	103.47	104.2	104.93	105.43	105.92	106.3	106.67	106.98	107.28	107.54	107.8	108.03	108.312
275.2	0	97.763	100.7	102.12	103.42	104.15	104.88	105.38	105.87	106.25	106.62	106.93	107.23	107.5	107.75	107.98	108.264
275.3	0	97.711	100.65	102.07	103.37	104.1	104.83	105.33	105.82	106.2	106.57	106.88	107.18	107.45	107.7	107.93	108.214
275.4	0	97.659	100.6	102.01	103.31	104.05	104.78	105.28	105.77	106.15	106.52	106.83	107.13	107.4	107.65	107.88	108.164
275.5	0	97.607	100.55	101.96	103.26	104	104.72	105.23	105.72	106.1	106.47	106.78	107.08	107.35	107.61	107.84	108.127
275.6	0	97.555	100.49	101.91	103.21	103.95	104.67	105.17	105.66	106.05	106.42	106.73	107.03	107.3	107.56	107.79	108.077
275.7	0	97.502	100.44	101.86	103.16	103.9	104.62	105.12	105.61	106	106.37	106.68	106.98	107.25	107.51	107.74	108.027
275.8	0	97.45	100.39	101.81	103.1	103.85	104.57	105.07	105.56	105.95	106.32	106.63	106.93	107.2	107.46	107.69	107.977
275.9	0	97.397	100.34	101.76	103.05	103.79	104.52	105.02	105.51	105.89	106.27	106.58	106.88	107.15	107.41	107.64	107.927
276	0	97.344	100.28	101.71	103	103.74	104.47	104.97	105.46	105.84	106.22	106.53	106.83	107.1	107.36	107.59	107.877
276.1	0	97.291	100.23	101.65	102.94	103.69	104.41	104.92	105.41	105.79	106.17	106.48	106.78	107.05	107.31	107.54	107.827
276.2	0	97.238	100.18	101.6	102.89	103.64	104.36	104.86	105.36	105.74	106.12	106.43	106.73	107	107.26	107.49	107.777
276.3	0	97.184	100.12	101.55	102.84	103.58	104.31	104.81	105.3	105.69	106.06	106.38	106.68	106.95	107.21	107.44	107.727
276.4	0	97.13	100.07	101.49	102.78	103.53	104.26	104.76	105.25	105.64	106.01	106.32	106.63	106.9	107.16	107.39	107.681
276.5	0	97.077	100.01	101.44	102.73	103.48	104.2	104.71	105.2	105.58	105.96	106.27	106.58	106.85	107.11	107.34	107.631
276.6	0	97.023	99.961	101.39	102.68	103.42	104.15	104.65	105.15	105.53	105.91	106.22	106.53	106.8	107.06	107.29	107.581
276.7	0	96.968	99.906	101.33	102.62	103.37	104.1	104.6	105.09	105.48	105.86	106.17	106.48	106.75	107.01	107.24	107.531
276.8	0	96.914	99.851	101.28	102.57	103.32	104.05	104.55	105.04	105.43	105.8	106.12	106.43	106.7	106.96	107.19	107.481
276.9	0	96.859	99.796	101.23	102.51	103.26	103.99	104.49	104.99	105.37	105.75	106.07	106.37	106.64	106.91	107.14	107.43
277	0	96.805	99.741	101.17	102.46	103.21	103.94	104.44	104.93	105.32	105.7	106.01	106.32	106.59	106.85	107.09	107.379
277.1	0	96.75	99.686	101.12	102.4	103.16	103.88	104.39	104.88	105.27	105.65	105.96	106.27	106.54	106.8	107.04	107.329
277.2	0	96.694	99.631	101.06	102.35	103.1	103.83	104.33	104.83	105.21	105.59	105.91	106.22	106.49	106.75	106.99	107.279
277.3	0	96.639	99.575	101.01	102.29	103.05	103.78	104.28	104.77	105.16	105.54	105.86	106.17	106.44	106.7	106.94	107.229
277.4	0	96.583	99.519	100.95	102.23	102.99	103.72	104.22	104.72	105.11	105.49	105.8	106.11	106.39	106.65	106.88	107.176
277.5	0	96.527	99.463	100.9	102.18	102.94	103.67	104.17	104.67	105.05	105.43	105.75	106.06	106.33	106.6	106.83	107.124
277.6	0	96.471	99.407	100.84	102.12	102.88	103.61	104.12	104.61	105	105.38	105.7	106.01	106.28	106.54	106.78	107.069
277.7	0	96.414	99.35	100.79	102.07	102.83	103.56	104.06	104.56	104.94	105.33	105.64	105.95	106.23	106.49	106.73	107.024
277.8	0	96.357	99.293	100.73	102.01	102.77	103.5	104.01	104.5	104.89	105.27	105.59	105.9	106.17	106.44	106.68	106.972
277.9	0	96.3	99.237	100.68	101.95	102.71	103.45	103.95	104.45	104.84	105.22	105.53	105.85	106.12	106.39	106.63	106.926
278	0	96.243	99.179	100.62	101.89	102.66	103.39	103.89	104.39	104.78	105.16	105.48	105.79	106.07	106.33	106.57	106.864
278.1	0	96.185	99.122	100.56	101.84	102.6	103.33	103.84	104.34	104.73	105.11	105.43	105.74	106.01	106.28	106.52	106.812
278.2	0	96.128	99.064	100.51	101.78	102.54	103.28	103.78	104.28	104.67	105.05	105.37	105.69	105.96	106.23	106.47	106.766
278.3	0	96.07	99.007	100.45	101.72	102.49	103.22	103.73	104.23	104.62	105	105.32	105.63	105.91	106.17	106.41	106.704
278.4	0	96.011	98.948	100.39	101.66	102.43	103.16	103.67	104.17	104.56	104.94	105.26	105.58	105.85	106.12	106.36	106.656
278.5	0	95.953	98.89	100.34	101.61	102.37	103.1	103.61	104.11	104.5	104.89	105.21	105.52	105.8	106.07	106.31	106.607
278.6	0	95.894	98.831	100.28	101.55	102.32	103.05	103.56	104.06	104.45	104.83	105.15	105.47	105.74	106.01	106.25	106.546
278.7	0	95.835	98.773	100.22	101.49	102.26	102.99	103.5	104	104.39	104.78	105.1	105.41	105.69	105.96	106.2	106.497
278.8	0	95.776	98.713	100.16	101.43	102.2	102.93	103.44	103.94	104.34	104.72	105.04	105.36	105.63	105.9	106.15	106.444
278.9	0	95.717	98.654	100.11	101.37	102.14	102.87	103.39	103.89	104.28	104.67	104.98	105.3	105.58	105.85	106.09	106.391
279	0	95.657	98.594	100.05	101.31	102.08	102.81	103.33	103.83	104.22	104.61	104.93	105.25	105.52	105.79	106.04	106.334
279.1	0	95.598	98.534	99.988	101.25	102.03	102.76	103.27	103.77	104.16	104.55	104.87	105.19	105.47	105.74	105.98	106.281
279.2	0	95.537	98.474	99.929	101.19	101.97	102.7	103.21	103.72	104.11	104.49	104.82	105.13	105.41	105.68	105.93	106.225
279.3	0	95.477	98.414	99.87	101.13	101.91	102.64	103.15	103.66	104.05	104.44	104.76	105.08	105.36	105.63	105.88	106.179
279.4	0	95.417	98.353	99.81	101.07	101.85	102.58	103.09	103.6	103.99	104.38	104.7	105.02	105.3	105.57	105.82	106.119
279.5	0	95.356	98.292	99.75	101.01	101.79	102.52	103.03	103.54	103.93	104.32	104.65	104.97	105.25	105.52	105.76	106.061
279.6	0	95.295	98.231	99.69	100.95	101.73	102.46	102.98	103.48	103.88	104.27	104.59	104.91	105.19	105.46	105.71	106.009
279.7	0	95.233	98.169	99.63	100.89	101.67	102.4	102.92	103.42	103.82	104.21	104.53	104.85	105.13	105.41	105.65	105.954
279.8	0	95.172	98.108	99.569	100.83	101.61	102.34	102.86	103.36	103.76	104.15	104.47	104.8	105.08	105.35	105.6	105.903
279.9	0	95.11	98.046	99.508	100.77	101.55	102.28	102.8	103.3	103.7	104.09	104.42	104.74	105.02	105.29	105.54	105.839
280	0	95.048	97.984	99.447	100.7	101.49	102.22	102.74	103.24	103.64	104.03	104.36	104.68	104.96	105.24	105.49	105.792
280.1	0	94.986	97.921	99.386	100.64	101.43	102.16	102.68	103.18	103.58	103.97	104.3	104.62	104.9	105.18	105.43	105.732
280.2	0	94.923	97.859	99.324	100.58	101.37	102.1	102.62	103.12	103.52	103.91	104.24	104.56	104.85	105.12	105.37	105.674
280.3	0	94.861	97.796	99.262	100.52	101.3	102.03	102.55	103.06	103.46	103.85	104.18	104.51	104.79	105.07	105.32	105.626
280.4	0	94.798	97.732	99.2	100.45	101.24	101.97	102.49	103	103.4	103.8	104.12	104.45	104.73	105.01	105.26	105.566
280.5	0	94.734	97.669	99.138	100.39	101.18	101.91	102.43	102.94	103.34	103.74	104.06	104.39	104.67	104.95	105.2	105.506
280.6	0	94.671	97.605	99.075	100.33	101.12	101.85	102.37	102.88	103.28	103.68	104	104.33	104.62	104.89	105.14	105.448
280.7	0	94.607	97.541	99.012	100.26	101.06	101.79	102.31	102.82	103.22	103.62	103.94	104.27	104.56	104.83	105.09	105.396
280.8	0	94.543	97.477	98.949	100.2	100.99	101.72	102.25	102.76	103.16	103.55	103.88	104.21	104.5	104.78	105.03	105.341
280.9	0	94.478	97.413	98.885	100.14	100.93	101.66	102.19	102.69	103.1	103.49	103.82	104.15	104.44	104.72	104.97	105.281
281	0	94.414	97.348	98.821	100.07	100.87	101.6	102.12	102.63	103.04	103.43	103.76	104.09	104.38	104.66	104.91	105.221
281.1	0	94.349	97.283	98.757	100.01	100.8	101.53	102.06	102.57	102.97	103.37	103.7	104.03	104.32	104.6	104.85	105.161
281.2	0	94.284	97.218	98.693	99.941	100.74	101.47	102	102.51	102.91	103.31	103.64	103.97	104.26	104.54	104.79	105.101
281.3	0	94.218	97.152	98.628	99.875	100.67	101.41	101.93	102.44	102.85	103.25	103.58	103.91	104.2	104.48	104.74	105.049
281.4	0	94.152	97.086	98.563	99.81	100.61	101.34	101.87	102.38	102.79	103.19	103.52	103.85	104.14	104.42	104.68	104.989
281.5	0	94.086	97.02	98.498	99.743	100.55	101.28	101.81	102.32	102.72	103.12	103.46	103.79	104.08	104.36	104.62	104.929
281.6	0	94.019	96.953	98.432	99.677	100.48	101.21	101.74	102.25	102.66	103.06	103.4	103.73	104.02	104.3	104.56	104.869
281.7	0	93.953	96.886	98.366	99.61	100.41	101.15	101.68	102.19	102.6	103	103.33	103.67	103.96	104.24	104.5	104.813
281.8	0	93.886	96.819	98.3	99.543	100.35	101.08	101.61	102.13	102.54	102.94	103.27	103.61	103.9	104.18	104.44	104.753
281.9	0	93.818	96.752	98.234	99.475	100.28	101.01	101.55	102.06	102.47	102.87	103.21	103.54	103.84	104.12	104.38	104.694
282	0	93.751	96.684	98.167	99.408	100.22	100.95	101.48	102	102.41	102.81	103.15	103.48	103.78	104.06	104.32	104.634
282.1	0	93.683	96.616	98.1	99.34	100.15	100.88	101.42	101.93	102.34	102.75	103.08	103.42	103.71	104	104.26	104.576
282.2	0	93.614	96.547	98.032	99.271	100.08	100.81	101.35	101.87	102.28	102.68	103.02	103.36	103.65	103.94	104.2	104.516
282.3	0	93.546	96.478	97.965	99.203	100.02	100.75	101.29	101.8	102.21	102.62	102.96	103.29	103.59	103.88	104.14	104.457
282.4	0	93.477	96.409	97.897	99.134	99.947	100.68	101.22	101.74	102.15	102.55	102.89	103.23	103.53	103.82	104.08	104.401
282.5	0	93.407	96.34	97.828	99.064	99.879	100.61	101.15	101.67	102.08	102.49	102.83	103.17	103.46	103.75	104.01	104.326
282.6	0	93.337	96.27	97.759	98.995	99.811	100.54	101.09	101.6	102.02	102.42	102.77	103.1	103.4	103.69	103.95	104.267
282.7	0	93.267	96.199	97.69	98.925	99.742	100.48	101.02	101.54	101.95	102.36	102.7	103.04	103.34	103.63	103.89	104.211
282.8	0	93.197	96.129	97.621	98.854	99.673	100.41	100.95	101.47	101.89	102.29	102.64	102.97	103.27	103.57	103.83	104.15
282.9	0	93.126	96.057	97.551	98.784	99.604	100.34	100.88	101.4	101.82	102.23	102.57	102.91	103.21	103.5	103.77	104.089
283	0	93.055	95.986	97.481	98.713	99.534	100.27	100.82	101.33	101.75	102.16	102.51	102.84	103.15	103.44	103.7	104.022
283.1	0	92.983	95.914	97.41	98.641	99.464	100.2	100.75	101.27	101.69	102.1	102.44	102.78	103.08	103.38	103.64	103.964
283.2	0	92.911	95.842	97.339	98.57	99.394	100.13	100.68	101.2	101.62	102.03	102.37	102.71	103.02	103.31	103.58	103.904
283.3	0	92.838	95.769	97.268	98.498	99.323	100.06	100.61	101.13	101.55	101.96	102.31	102.65	102.95	103.25	103.51	103.834
283.4	0	92.766	95.696	97.196	98.425	99.252	99.987	100.54	101.06	101.48	101.89	102.24	102.58	102.89	103.19	103.45	103.779
283.5	0	92.692	95.623	97.124	98.353	99.181	99.916	100.47	100.99	101.42	101.83	102.17	102.52	102.82	103.12	103.39	103.716
283.6	0	92.619	95.549	97.052	98.28	99.109	99.844	100.4	100.92	101.35	101.76	102.11	102.45	102.76	103.06	103.32	103.649
283.7	0	92.545	95.474	96.979	98.206	99.037	99.772	100.33	100.85	101.28	101.69	102.04	102.38	102.69	102.99	103.26	103.587
283.8	0	92.47	95.4	96.906	98.132	98.965	99.7	100.26	100.78	101.21	101.62	101.97	102.32	102.62	102.92	103.19	103.516
283.9	0	92.395	95.325	96.832	98.058	98.892	99.628	100.19	100.71	101.14	101.55	101.9	102.25	102.56	102.86	103.13	103.4
284	0	92.32	95.249	96.758	97.984	98.819	99.555	100.11	100.64	101.07	101.48	101.83	102.18	102.49	102.79	103.06	103.33
284.1	0	92.244	95.174	96.684	97.909	98.745	99.481	100.04	100.57	101	101.41	101.77	102.11	102.42	102.73	103	103.27
284.2	0	92.168	95.097	96.609	97.833	98.671	99.408	99.969	100.5	100.93	101.34	101.7	102.04	102.36	102.66	102.93	103.2
284.3	0	92.092	95.021	96.533	97.758	98.597	99.334	99.896	100.42	100.86	101.27	101.63	101.98	102.29	102.59	102.87	103.14
284.4	0	92.015	94.944	96.458	97.681	98.522	99.259	99.823	100.35	100.78	101.2	101.56	101.91	102.22	102.52	102.8	103.07
284.5	0	91.937	94.866	96.382	97.605	98.447	99.184	99.75	100.28	100.71	101.13	101.49	101.84	102.15	102.46	102.73	103
284.6	0	91.859	94.788	96.305	97.528	98.372	99.109	99.676	100.21	100.64	101.06	101.42	101.77	102.08	102.39	102.67	102.94
284.7	0	91.781	94.71	96.228	97.451	98.296	99.034	99.601	100.13	100.57	100.99	101.35	101.7	102.01	102.32	102.6	102.87
284.8	0	91.702	94.631	96.151	97.373	98.22	98.958	99.527	100.06	100.5	100.92	101.28	101.63	101.94	102.25	102.53	102.81
284.9	0	91.623	94.552	96.073	97.295	98.143	98.881	99.452	99.984	100.42	100.84	101.2	101.56	101.87	102.18	102.46	102.74
285	0	91.543	94.472	95.995	97.216	98.066	98.805	99.376	99.909	100.35	100.77	101.13	101.49	101.8	102.12	102.39	102.67
285.1	0	91.463	94.392	95.916	97.137	97.989	98.727	99.3	99.834	100.28	100.7	101.06	101.42	101.73	102.05	102.33	102.6
285.2	0	91.382	94.311	95.837	97.057	97.911	98.65	99.224	99.759	100.2	100.63	100.99	101.34	101.66	101.98	102.26	102.54
285.3	0	91.301	94.23	95.757	96.977	97.832	98.572	99.147	99.683	100.13	100.55	100.92	101.27	101.59	101.91	102.19	102.47
285.4	0	91.219	94.148	95.677	96.896	97.753	98.493	99.07	99.607	100.05	100.48	100.84	101.2	101.52	101.84	102.12	102.4
285.5	0	91.137	94.066	95.596	96.815	97.674	98.415	98.993	99.53	99.976	100.4	100.77	101.13	101.45	101.77	102.05	102.33
285.6	0	91.054	93.983	95.515	96.733	97.594	98.335	98.915	99.453	99.9	100.33	100.7	101.05	101.38	101.69	101.98	102.26
285.7	0	90.971	93.899	95.433	96.651	97.514	98.256	98.837	99.375	99.824	100.25	100.62	100.98	101.31	101.62	101.91	102.19
285.8	0	90.887	93.815	95.351	96.569	97.433	98.176	98.758	99.297	99.748	100.18	100.55	100.91	101.23	101.55	101.84	102.12
285.9	0	90.802	93.731	95.268	96.486	97.352	98.095	98.679	99.219	99.671	100.1	100.47	100.83	101.16	101.48	101.77	102.05
286	0	90.717	93.645	95.184	96.402	97.27	98.014	98.599	99.14	99.593	100.03	100.4	100.76	101.09	101.41	101.7	101.98
286.1	0	90.631	93.559	95.1	96.318	97.188	97.933	98.519	99.061	99.515	99.949	100.32	100.69	101.01	101.33	101.62	101.91
286.2	0	90.545	93.473	95.016	96.233	97.106	97.851	98.438	98.981	99.437	99.872	100.25	100.61	100.94	101.26	101.55	101.84
286.3	0	90.458	93.386	94.93	96.148	97.022	97.768	98.357	98.901	99.358	99.794	100.17	100.54	100.86	101.19	101.48	101.77
286.4	0	90.37	93.298	94.845	96.062	96.939	97.685	98.276	98.821	99.279	99.716	100.09	100.46	100.79	101.11	101.41	101.7
286.5	0	90.282	93.21	94.758	95.976	96.854	97.602	98.194	98.74	99.2	99.637	100.02	100.38	100.71	101.04	101.33	101.62
286.6	0	90.193	93.121	94.671	95.889	96.77	97.518	98.112	98.658	99.12	99.559	99.938	100.31	100.64	100.97	101.26	101.55
286.7	0	90.104	93.031	94.584	95.801	96.684	97.434	98.029	98.576	99.039	99.479	99.86	100.23	100.56	100.89	101.19	101.48
286.8	0	90.013	92.941	94.495	95.713	96.598	97.349	97.946	98.494	98.958	99.399	99.781	100.15	100.49	100.82	101.11	101.4
286.9	0	89.922	92.85	94.407	95.625	96.512	97.263	97.862	98.411	98.877	99.319	99.702	100.07	100.41	100.74	101.04	101.33
287	0	89.83	92.758	94.317	95.535	96.425	97.177	97.777	98.328	98.795	99.238	99.623	99.996	100.33	100.66	100.96	101.26
287.1	0	89.738	92.666	94.227	95.445	96.337	97.091	97.693	98.244	98.713	99.157	99.543	99.917	100.26	100.59	100.89	101.18
287.2	0	89.644	92.573	94.136	95.355	96.249	97.003	97.607	98.16	98.63	99.076	99.462	99.837	100.18	100.51	100.81	101.11
287.3	0	89.55	92.479	94.045	95.264	96.161	96.916	97.521	98.075	98.547	98.994	99.382	99.758	100.1	100.43	100.73	101.03
287.4	0	89.455	92.385	93.953	95.172	96.071	96.827	97.435	97.989	98.463	98.911	99.3	99.677	100.02	100.35	100.66	100.96
287.5	0	89.36	92.29	93.86	95.08	95.981	96.738	97.348	97.903	98.379	98.828	99.219	99.597	99.941	100.28	100.58	100.88
287.6	0	89.263	92.194	93.766	94.987	95.891	96.649	97.26	97.817	98.294	98.745	99.137	99.515	99.861	100.2	100.5	100.8
287.7	0	89.165	92.097	93.672	94.893	95.8	96.559	97.172	97.73	98.209	98.661	99.054	99.434	99.78	100.12	100.42	100.73
287.8	0	89.067	92	93.577	94.799	95.708	96.468	97.083	97.643	98.123	98.577	98.971	99.351	99.7	100.04	100.35	100.65
287.9	0	88.968	91.901	93.481	94.704	95.615	96.376	96.993	97.554	98.037	98.492	98.887	99.269	99.618	99.958	100.27	100.57
288	0	88.867	91.802	93.384	94.608	95.522	96.284	96.903	97.466	97.95	98.407	98.803	99.186	99.537	99.878	100.19	100.49
288.1	0	88.766	91.701	93.286	94.511	95.428	96.191	96.813	97.377	97.863	98.321	98.719	99.102	99.455	99.797	100.11	100.41
288.2	0	88.663	91.6	93.188	94.413	95.334	96.098	96.721	97.287	97.775	98.235	98.634	99.018	99.372	99.716	100.03	100.34
288.3	0	88.559	91.497	93.088	94.315	95.238	96.004	96.629	97.196	97.686	98.148	98.548	98.934	99.289	99.634	99.948	100.26
288.4	0	88.453	91.394	92.988	94.216	95.142	95.909	96.537	97.105	97.597	98.06	98.462	98.849	99.205	99.552	99.867	100.18
288.5	0	88.347	91.289	92.886	94.115	95.045	95.813	96.443	97.013	97.507	97.972	98.376	98.764	99.121	99.469	99.786	100.1
288.6	0	88.239	91.183	92.784	94.014	94.947	95.717	96.349	96.921	97.417	97.884	98.289	98.678	99.036	99.386	99.704	100.02
288.7	0	88.129	91.076	92.68	93.912	94.848	95.62	96.254	96.828	97.326	97.794	98.201	98.592	98.951	99.302	99.622	99.934
288.8	0	88.018	90.968	92.575	93.808	94.749	95.522	96.159	96.734	97.234	97.704	98.113	98.505	98.866	99.218	99.539	99.853
288.9	0	87.905	90.858	92.47	93.704	94.648	95.424	96.063	96.64	97.142	97.614	98.024	98.418	98.78	99.134	99.456	99.771
289	0	87.791	90.747	92.362	93.598	94.547	95.324	95.966	96.545	97.049	97.523	97.935	98.33	98.693	99.049	99.372	99.689
289.1	0	87.674	90.634	92.254	93.492	94.444	95.224	95.868	96.449	96.955	97.431	97.845	98.242	98.606	98.963	99.288	99.606
289.2	0	87.556	90.519	92.144	93.384	94.34	95.123	95.77	96.352	96.861	97.338	97.755	98.153	98.519	98.877	99.203	99.522
289.3	0	87.435	90.403	92.033	93.275	94.236	95.02	95.671	96.255	96.765	97.245	97.663	98.064	98.431	98.79	99.118	99.438
289.4	0	87.312	90.285	91.92	93.164	94.13	94.917	95.571	96.157	96.67	97.151	97.572	97.974	98.342	98.703	99.032	99.354
289.5	0	87.187	90.164	91.806	93.052	94.023	94.813	95.47	96.058	96.573	97.056	97.479	97.883	98.253	98.615	98.946	99.269
289.6	0	87.059	90.042	91.69	92.939	93.914	94.707	95.368	95.958	96.476	96.961	97.386	97.792	98.164	98.527	98.859	99.184
289.7	0	86.928	89.917	91.572	92.824	93.804	94.601	95.265	95.858	96.377	96.864	97.292	97.7	98.073	98.438	98.772	99.098
289.8	0	86.794	89.79	91.452	92.707	93.693	94.493	95.161	95.756	96.278	96.767	97.197	97.608	97.983	98.349	98.684	99.011
289.9	0	86.658	89.661	91.33	92.588	93.581	94.384	95.056	95.654	96.179	96.67	97.102	97.515	97.891	98.259	98.596	98.924
290	0	86.517	89.528	91.205	92.468	93.467	94.274	94.949	95.551	96.078	96.571	97.006	97.421	97.799	98.169	98.507	98.837
290.1	0	86.374	89.393	91.079	92.346	93.351	94.162	94.842	95.446	95.977	96.472	96.909	97.326	97.706	98.078	98.418	98.749
290.2	0	86.226	89.255	90.95	92.222	93.234	94.049	94.733	95.341	95.874	96.371	96.811	97.231	97.613	97.986	98.328	98.661
290.3	0	86.075	89.113	90.818	92.095	93.114	93.934	94.623	95.234	95.771	96.27	96.713	97.135	97.519	97.894	98.237	98.572
290.4	0	85.919	88.967	90.683	91.966	92.993	93.818	94.512	95.127	95.666	96.168	96.613	97.038	97.424	97.801	98.146	98.482
290.5	0	85.758	88.818	90.545	91.834	92.87	93.7	94.399	95.018	95.561	96.065	96.513	96.94	97.329	97.707	98.054	98.392
290.6	0	85.593	88.665	90.404	91.7	92.745	93.58	94.285	94.907	95.454	95.961	96.412	96.842	97.233	97.613	97.962	98.301
290.7	0	85.422	88.507	90.259	91.563	92.617	93.458	94.169	94.795	95.346	95.856	96.31	96.743	97.136	97.518	97.869	98.21
290.8	0	85.247	88.345	90.111	91.423	92.487	93.334	94.051	94.682	95.237	95.751	96.207	96.643	97.038	97.422	97.775	98.118
290.9	0	85.065	88.178	89.958	91.279	92.354	93.208	93.932	94.568	95.127	95.644	96.104	96.541	96.939	97.325	97.681	98.025
291	0	84.878	88.006	89.801	91.132	92.218	93.08	93.81	94.451	95.015	95.535	95.999	96.439	96.84	97.228	97.586	97.932
291.1	0	84.684	87.829	89.64	90.981	92.079	92.949	93.687	94.333	94.902	95.426	95.893	96.337	96.74	97.13	97.49	97.839
291.2	0	84.483	87.646	89.474	90.826	91.937	92.815	93.561	94.213	94.788	95.315	95.786	96.233	96.639	97.031	97.393	97.744
291.3	0	84.276	87.457	89.303	90.667	91.792	92.679	93.433	94.091	94.671	95.204	95.678	96.128	96.537	96.932	97.296	97.649
291.4	0	84.062	87.262	89.126	90.504	91.643	92.54	93.302	93.967	94.553	95.09	95.568	96.022	96.434	96.831	97.198	97.553
291.5	0	83.84	87.06	88.944	90.335	91.49	92.397	93.169	93.841	94.434	94.975	95.458	95.914	96.33	96.73	97.099	97.456
291.6	0	83.611	86.852	88.757	90.162	91.333	92.251	93.033	93.713	94.312	94.859	95.346	95.806	96.224	96.628	97	97.359
291.7	0	83.373	86.636	88.563	89.983	91.171	92.101	92.894	93.582	94.188	94.741	95.232	95.697	96.118	96.525	96.899	97.261
291.8	0	83.127	86.413	88.362	89.799	91.005	91.948	92.752	93.448	94.062	94.621	95.117	95.586	96.011	96.42	96.798	97.162
291.9	0	82.872	86.183	88.155	89.609	90.834	91.79	92.607	93.312	93.934	94.499	95	95.473	95.903	96.315	96.696	97.062
292	0	82.608	85.944	87.942	89.413	90.658	91.628	92.457	93.173	93.803	94.375	94.882	95.36	95.793	96.209	96.593	96.962
292.1	0	82.335	85.697	87.721	89.211	90.477	91.461	92.304	93.03	93.67	94.249	94.762	95.245	95.682	96.102	96.488	96.86
292.2	0	82.053	85.442	87.492	89.002	90.289	91.29	92.147	92.884	93.534	94.12	94.64	95.128	95.569	95.994	96.383	96.758
292.3	0	81.761	85.177	87.256	88.786	90.096	91.113	91.986	92.735	93.394	93.989	94.515	95.009	95.456	95.884	96.277	96.654
292.4	0	81.459	84.904	87.011	88.563	89.897	90.931	91.82	92.581	93.252	93.855	94.389	94.889	95.34	95.773	96.17	96.55
292.5	0	81.147	84.621	86.759	88.332	89.691	90.743	91.649	92.424	93.106	93.719	94.26	94.767	95.223	95.661	96.062	96.444
292.6	0	80.825	84.329	86.498	88.094	89.478	90.549	91.473	92.262	92.957	93.579	94.129	94.642	95.104	95.547	95.952	96.338
292.7	0	80.493	84.028	86.228	87.848	89.258	90.349	91.292	92.096	92.803	93.436	93.995	94.515	94.983	95.432	95.841	96.231
292.8	0	80.151	83.716	85.949	87.593	89.031	90.142	91.105	91.925	92.646	93.29	93.858	94.386	94.86	95.315	95.729	96.122
292.9	0	79.798	83.395	85.661	87.331	88.797	89.929	90.913	91.749	92.485	93.14	93.718	94.255	94.735	95.196	95.615	96.012
293	0	79.435	83.063	85.364	87.059	88.554	89.709	90.714	91.568	92.319	92.987	93.575	94.121	94.608	95.075	95.5	95.901
293.1	0	79.061	82.721	85.058	86.779	88.304	89.481	90.509	91.381	92.148	92.829	93.428	93.984	94.479	94.953	95.383	95.788
293.2	0	78.676	82.369	84.742	86.49	88.046	89.247	90.297	91.189	91.973	92.667	93.278	93.843	94.347	94.828	95.265	95.674
293.3	0	78.281	82.007	84.416	86.192	87.779	89.004	90.078	90.991	91.792	92.501	93.124	93.7	94.212	94.701	95.144	95.558
293.4	0	77.876	81.635	84.081	85.885	87.504	88.753	89.853	90.786	91.606	92.329	92.965	93.553	94.074	94.571	95.022	95.441
293.5	0	77.445	81.252	83.735	85.568	87.219	88.495	89.62	90.575	91.414	92.153	92.803	93.403	93.933	94.439	94.897	95.322
293.6	0	76.961	80.858	83.38	85.242	86.927	88.228	89.379	90.358	91.217	91.972	92.636	93.249	93.789	94.304	94.77	95.201
293.7	0	76.467	80.455	83.014	84.906	86.625	87.953	89.131	90.133	91.013	91.786	92.465	93.091	93.642	94.166	94.641	95.078
293.8	0	75.962	80.041	82.639	84.56	86.314	87.669	88.875	89.902	90.803	91.593	92.289	92.928	93.491	94.025	94.509	94.953
293.9	0	75.447	79.616	82.253	84.205	85.994	87.377	88.611	89.663	90.587	91.395	92.107	92.761	93.336	93.881	94.375	94.826
294	0	74.921	79.181	81.857	83.839	85.664	87.076	88.339	89.417	90.364	91.191	91.921	92.59	93.177	93.734	94.237	94.696
294.1	0	74.386	78.735	81.451	83.464	85.325	86.766	88.059	89.163	90.134	90.981	91.728	92.414	93.015	93.582	94.097	94.564
294.2	0	73.841	78.279	81.034	83.079	84.977	86.448	87.77	88.901	89.896	90.764	91.53	92.232	92.847	93.427	93.953	94.429
294.3	0	73.287	77.812	80.607	82.683	84.618	86.12	87.473	88.631	89.652	90.54	91.326	92.046	92.676	93.268	93.806	94.292
294.4	0	72.725	77.326	80.17	82.278	84.25	85.783	87.167	88.353	89.4	90.31	91.116	91.854	92.499	93.105	93.655	94.151
294.5	0	72.153	76.819	79.723	81.863	83.873	85.437	86.853	88.066	89.14	90.073	90.899	91.655	92.318	92.937	93.5	94.007
294.6	0	71.574	76.303	79.265	81.438	83.485	85.081	86.529	87.771	88.873	89.828	90.676	91.451	92.131	92.764	93.342	93.86
294.7	0	70.987	75.778	78.797	81.003	83.088	84.716	86.197	87.468	88.597	89.576	90.446	91.241	91.939	92.587	93.179	93.709
294.8	0	70.393	75.244	78.32	80.559	82.681	84.342	85.856	87.156	88.313	89.316	90.209	91.025	91.741	92.405	93.012	93.554
294.9	0	69.792	74.701	77.833	80.105	82.264	83.958	85.506	86.835	88.022	89.049	89.965	90.801	91.538	92.217	92.84	93.396
295	0	69.185	74.15	77.331	79.642	81.837	83.564	85.146	86.506	87.721	88.774	89.713	90.571	91.329	92.025	92.664	93.233
295.1	0	68.572	73.592	76.812	79.17	81.401	83.161	84.777	86.167	87.413	88.491	89.455	90.335	91.113	91.826	92.482	93.065
295.2	0	67.955	73.027	76.286	78.69	80.956	82.748	84.399	85.82	87.096	88.2	89.189	90.091	90.891	91.622	92.296	92.893
295.3	0	67.333	72.454	75.751	78.2	80.501	82.326	84.012	85.464	86.77	87.901	88.915	89.84	90.663	91.412	92.104	92.717
295.4	0	66.708	71.876	75.209	77.703	80.038	81.895	83.616	85.098	86.436	87.594	88.634	89.582	90.428	91.196	91.906	92.535
295.5	0	66.079	71.291	74.66	77.196	79.565	81.455	83.21	84.723	86.093	87.279	88.345	89.316	90.186	90.973	91.703	92.348
295.6	0	65.447	70.701	74.105	76.682	79.085	81.005	82.795	84.34	85.741	86.956	88.049	89.044	89.937	90.744	91.494	92.156
295.7	0	64.814	70.107	73.543	76.16	78.596	80.548	82.372	83.947	85.38	86.624	87.744	88.763	89.682	90.509	91.278	91.958
295.8	0	64.178	69.508	72.975	75.63	78.1	80.082	81.94	83.546	85.011	86.284	87.432	88.475	89.419	90.267	91.057	91.754
295.9	0	63.542	68.904	72.402	75.094	77.597	79.607	81.5	83.136	84.632	85.935	87.111	88.179	89.149	90.018	90.829	91.544
296	0	62.904	68.297	71.824	74.552	77.078	79.125	81.051	82.717	84.245	85.577	86.783	87.876	88.872	89.762	90.595	91.329
296.1	0	62.265	67.687	71.241	74.003	76.553	78.636	80.594	82.29	83.85	85.212	86.446	87.564	88.587	89.499	90.354	91.107
296.2	0	61.627	67.074	70.654	73.449	76.021	78.139	80.129	81.854	83.446	84.837	86.101	87.245	88.295	89.229	90.106	90.879
296.3	0	60.988	66.459	70.063	72.889	75.483	77.635	79.656	81.411	83.034	84.455	85.748	86.918	87.996	88.951	89.852	90.644
296.4	0	60.35	65.841	69.469	72.324	74.94	77.124	79.176	80.959	82.613	84.064	85.387	86.583	87.688	88.667	89.59	90.403
296.5	0	59.712	65.221	68.872	71.755	74.391	76.606	78.689	80.5	82.185	83.664	85.017	86.239	87.374	88.375	89.322	90.155
296.6	0	59.075	64.599	68.271	71.182	73.837	76.082	78.195	80.033	81.748	83.257	84.64	85.888	87.051	88.075	89.046	89.9
296.7	0	58.438	63.976	67.669	70.604	73.279	75.553	77.695	79.559	81.304	82.842	84.254	85.529	86.721	87.769	88.764	89.638
296.8	0	57.803	63.352	67.063	70.023	72.716	75.018	77.185	79.078	80.853	82.418	83.861	85.162	86.382	87.454	88.474	89.37
296.9	0	57.168	62.726	66.456	69.439	72.148	74.479	76.668	78.591	80.394	81.987	83.459	84.786	86.036	87.133	88.177	89.094
297	0	56.534	62.101	65.847	68.852	71.578	73.935	76.146	78.097	79.928	81.549	83.05	84.403	85.682	86.803	87.873	88.811
297.1	0	55.901	61.474	65.237	68.263	71.003	73.386	75.618	77.598	79.455	81.103	82.633	84.012	85.321	86.467	87.561	88.522
297.2	0	55.268	60.847	64.625	67.671	70.425	72.833	75.086	77.091	78.976	80.65	82.209	83.614	84.951	86.122	87.242	88.225
297.3	0	54.637	60.219	64.012	67.077	69.845	72.277	74.549	76.578	78.491	80.191	81.778	83.207	84.574	85.77	86.915	87.921
297.4	0	54.005	59.592	63.398	66.482	69.261	71.716	74.007	76.061	78	79.725	81.339	82.794	84.189	85.41	86.582	87.61
297.5	0	53.375	58.964	62.783	65.884	68.676	71.153	73.462	75.539	77.503	79.252	80.894	82.373	83.797	85.043	86.24	87.291
297.6	0	52.746	58.336	62.167	65.285	68.088	70.586	72.913	75.013	76.998	78.774	80.442	81.945	83.398	84.669	85.891	86.966
297.7	0	52.118	57.708	61.551	64.685	67.498	70.017	72.36	74.483	76.488	78.289	79.984	81.511	82.991	84.287	85.535	86.633
297.8	0	51.446	57.08	60.933	64.084	66.907	69.446	71.804	73.948	75.973	77.8	79.519	81.069	82.577	83.898	85.172	86.293
297.9	0	50.694	56.452	60.315	63.481	66.314	68.872	71.246	73.41	75.454	77.304	79.049	80.622	82.156	83.502	84.801	85.946
298	0	49.95	55.825	59.696	62.876	65.72	68.296	70.684	72.869	74.931	76.804	78.573	80.168	81.728	83.099	84.422	85.591
298.1	0	49.215	55.197	59.077	62.271	65.124	67.719	70.121	72.325	74.405	76.298	78.092	79.708	81.294	82.69	84.037	85.23
298.2	0	48.487	54.571	58.457	61.664	64.527	67.14	69.555	71.778	73.875	75.789	77.606	79.243	80.853	82.273	83.645	84.861
298.3	0	47.767	53.945	57.837	61.057	63.929	66.559	68.987	71.228	73.342	75.276	77.112	78.772	80.407	81.851	83.245	84.486
298.4	0	47.054	53.319	57.216	60.448	63.33	65.976	68.417	70.676	72.805	74.759	76.614	78.296	79.954	81.422	82.839	84.103
298.5	0	46.35	52.694	56.596	59.839	62.731	65.392	67.845	70.122	72.266	74.239	76.112	77.816	79.496	80.988	82.427	83.714
298.6	0	45.653	52.07	55.975	59.229	62.13	64.807	67.271	69.565	71.725	73.716	75.607	77.331	79.033	80.547	82.008	83.319
298.7	0	44.963	51.434	55.355	58.619	61.528	64.221	66.696	69.007	71.181	73.189	75.098	76.842	78.565	80.101	81.583	82.917
298.8	0	44.281	50.781	54.735	58.007	60.925	63.633	66.119	68.446	70.634	72.66	74.585	76.349	78.092	79.65	81.153	82.508
298.9	0	43.605	50.131	54.115	57.396	60.321	63.044	65.54	67.884	70.086	72.128	74.069	75.852	77.614	79.194	80.716	82.094
299	0	42.937	49.484	53.496	56.784	59.717	62.454	64.96	67.32	69.535	71.594	73.55	75.352	77.13	78.733	80.275	81.674
299.1	0	42.276	48.84	52.878	56.172	59.113	61.863	64.379	66.754	68.983	71.058	73.028	74.848	76.642	78.267	79.828	81.249
299.2	0	41.623	48.199	52.26	55.56	58.507	61.272	63.796	66.186	68.429	70.519	72.504	74.342	76.151	77.798	79.376	80.818
299.3	0	40.976	47.561	51.641	54.948	57.902	60.68	63.213	65.617	67.873	69.978	71.977	73.832	75.656	77.323	78.919	80.381
299.4	0	40.336	46.925	51.014	54.336	57.295	60.087	62.628	65.046	67.315	69.436	71.447	73.32	75.158	76.845	78.458	79.94
299.5	0	39.703	46.294	50.388	53.724	56.689	59.493	62.042	64.474	66.755	68.892	70.916	72.805	74.657	76.362	77.993	79.494
299.6	0	39.077	45.665	49.763	53.112	56.082	58.899	61.456	63.901	66.194	68.345	70.382	72.288	74.154	75.877	77.523	79.043
299.7	0	38.457	45.04	49.14	52.501	55.476	58.305	60.868	63.326	65.631	67.798	69.847	71.768	73.648	75.388	77.048	78.588
299.8	0	37.845	44.418	48.519	51.891	54.869	57.71	60.28	62.75	65.067	67.248	69.309	71.246	73.14	74.897	76.569	78.129
299.9	0	37.238	43.8	47.9	51.276	54.263	57.114	59.691	62.173	64.501	66.697	68.77	70.723	72.629	74.402	76.087	77.665
300	0	36.639	43.185	47.284	50.661	53.657	56.519	59.102	61.595	63.933	66.144	68.229	70.197	72.116	73.905	75.602	77.198
300.1	0	36.046	42.574	46.669	50.047	53.051	55.922	58.512	61.017	63.364	65.589	67.687	69.669	71.601	73.405	75.115	76.727
300.2	0	35.459	41.967	46.057	49.435	52.446	55.326	57.922	60.437	62.794	65.033	67.143	69.139	71.083	72.903	74.625	76.253
300.3	0	34.88	41.364	45.447	48.824	51.842	54.73	57.332	59.857	62.223	64.475	66.597	68.608	70.564	72.399	74.133	75.776
300.4	0	34.307	40.764	44.841	48.216	51.238	54.134	56.741	59.276	61.651	63.916	66.05	68.074	70.042	71.892	73.638	75.296
300.5	0	33.74	40.17	44.237	47.61	50.635	53.538	56.15	58.695	61.078	63.356	65.501	67.539	69.517	71.383	73.142	74.813
300.6	0	33.181	39.579	43.637	47.006	50.033	52.943	55.559	58.114	60.504	62.794	64.951	67.002	68.991	70.872	72.643	74.328
300.7	0	32.629	38.993	43.039	46.404	49.433	52.348	54.969	57.532	59.929	62.232	64.4	66.464	68.463	70.359	72.142	73.84
300.8	0	32.083	38.412	42.446	45.805	48.835	51.754	54.378	56.95	59.355	61.668	63.847	65.924	67.932	69.843	71.639	73.349
300.9	0	31.546	37.835	41.856	45.209	48.239	51.156	53.789	56.368	58.779	61.104	63.294	65.382	67.4	69.326	71.134	72.856
301	0	31.015	37.264	41.27	44.617	47.645	50.559	53.2	55.787	58.204	60.539	62.739	64.84	66.865	68.807	70.628	72.361
301.1	0	30.492	36.698	40.688	44.027	47.054	49.964	52.612	55.205	57.628	59.973	62.183	64.296	66.329	68.285	70.119	71.864
301.2	0	29.977	36.138	40.11	43.441	46.465	49.371	52.025	54.625	57.053	59.407	61.627	63.751	65.792	67.762	69.609	71.365
301.3	0	29.469	35.583	39.537	42.858	45.88	48.78	51.44	54.045	56.478	58.841	61.07	63.205	65.253	67.237	69.097	70.864
301.4	0	28.969	35.035	38.969	42.28	45.297	48.192	50.856	53.467	55.903	58.275	60.512	62.658	64.713	66.71	68.584	70.361
301.5	0	28.477	34.492	38.406	41.705	44.718	47.606	50.273	52.89	55.329	57.708	59.954	62.111	64.172	66.181	68.069	69.856
301.6	0	27.992	33.956	37.848	41.135	44.142	47.023	49.693	52.313	54.756	57.142	59.396	61.562	63.63	65.651	67.552	69.35
301.7	0	27.515	33.426	37.295	40.569	43.57	46.444	49.115	51.739	54.184	56.576	58.837	61.014	63.088	65.12	67.034	68.842
301.8	0	27.046	32.903	36.748	40.008	43.002	45.868	48.539	51.163	53.613	56.011	58.278	60.465	62.545	64.588	66.515	68.333
301.9	0	26.584	32.387	36.206	39.451	42.438	45.295	47.966	50.588	53.043	55.447	57.72	59.916	62.003	64.054	65.994	67.823
302	0	26.129	31.877	35.67	38.899	41.877	44.727	47.396	50.015	52.475	54.884	57.161	59.367	61.46	63.521	65.473	67.312
302.1	0	25.616	31.373	35.14	38.352	41.322	44.162	46.829	49.445	51.908	54.321	56.603	58.818	60.918	62.986	64.95	66.799
302.2	0	25.014	30.877	34.616	37.811	40.77	43.601	46.265	48.877	51.343	53.76	56.046	58.269	60.375	62.452	64.426	66.286
302.3	0	24.43	30.387	34.098	37.274	40.223	43.044	45.705	48.312	50.779	53.2	55.489	57.72	59.833	61.917	63.901	65.771
302.4	0	23.865	29.904	33.586	36.744	39.681	42.492	45.148	47.75	50.217	52.642	54.933	57.171	59.29	61.382	63.375	65.255
302.5	0	23.316	29.427	33.08	36.218	39.144	41.944	44.594	47.19	49.658	52.085	54.378	56.623	58.748	60.847	62.849	64.739
302.6	0	22.784	28.957	32.581	35.699	38.612	41.4	44.045	46.634	49.101	51.529	53.824	56.075	58.206	60.312	62.322	64.221
302.7	0	22.268	28.494	32.088	35.185	38.085	40.861	43.5	46.081	48.547	50.973	53.271	55.527	57.664	59.777	61.795	63.703
302.8	0	21.767	28.038	31.601	34.676	37.563	40.327	42.958	45.532	47.996	50.419	52.72	54.981	57.122	59.242	61.268	63.184
302.9	0	21.281	27.588	31.121	34.174	37.046	39.797	42.421	44.986	47.447	49.868	52.171	54.435	56.581	58.707	60.74	62.665
303	0	20.809	27.145	30.647	33.678	36.535	39.273	41.888	44.444	46.902	49.319	51.623	53.89	56.041	58.172	60.213	62.145
303.1	0	20.351	26.708	30.179	33.187	36.029	38.753	41.359	43.906	46.36	48.773	51.078	53.347	55.501	57.638	59.685	61.625
303.2	0	19.907	26.278	29.718	32.703	35.528	38.238	40.835	43.371	45.822	48.23	50.534	52.806	54.962	57.104	59.158	61.105
303.3	0	19.474	25.855	29.263	32.225	35.034	37.729	40.316	42.841	45.287	47.69	49.993	52.266	54.424	56.57	58.631	60.584
303.4	0	19.055	25.417	28.814	31.753	34.544	37.225	39.801	42.315	44.756	47.153	49.455	51.728	53.888	56.037	58.104	60.063
303.5	0	18.647	24.986	28.372	31.287	34.061	36.726	39.292	41.794	44.229	46.62	48.919	51.19	53.353	55.505	57.577	59.543
303.6	0	18.251	24.564	27.936	30.828	33.583	36.233	38.787	41.277	43.706	46.091	48.386	50.655	52.82	54.973	57.051	59.022
303.7	0	17.866	24.149	27.507	30.375	33.111	35.745	38.287	40.766	43.187	45.565	47.857	50.122	52.288	54.443	56.526	58.501
303.8	0	17.492	23.741	27.084	29.928	32.645	35.263	37.793	40.258	42.673	45.044	47.331	49.591	51.759	53.915	56.002	57.981
303.9	0	17.129	23.341	26.668	29.488	32.185	34.786	37.304	39.756	42.162	44.526	46.808	49.064	51.232	53.388	55.478	57.461
304	0	16.776	22.949	26.259	29.054	31.731	34.315	36.82	39.259	41.657	44.013	46.289	48.539	50.707	52.862	54.955	56.942
304.1	0	16.432	22.564	25.856	28.627	31.283	33.85	36.341	38.766	41.155	43.504	45.774	48.018	50.185	52.339	54.434	56.423
304.2	0	16.099	22.186	25.454	28.207	30.841	33.391	35.868	38.279	40.659	42.998	45.262	47.499	49.665	51.817	53.915	55.905
304.3	0	15.775	21.815	25.06	27.793	30.405	32.937	35.4	37.797	40.167	42.498	44.755	46.984	49.147	51.297	53.397	55.388
304.4	0	15.459	21.452	24.672	27.386	29.976	32.489	34.937	37.32	39.68	42.001	44.251	46.472	48.633	50.779	52.881	54.872
304.5	0	15.153	21.095	24.292	26.986	29.553	32.047	34.48	36.848	39.197	41.509	43.752	45.964	48.121	50.263	52.367	54.357
304.6	0	14.855	20.746	23.918	26.592	29.136	31.611	34.029	36.381	38.719	41.021	43.257	45.46	47.613	49.75	51.855	53.843
304.7	0	14.566	20.404	23.55	26.205	28.726	31.181	33.583	35.92	38.246	40.538	42.766	44.959	47.108	49.241	51.345	53.332
304.8	0	14.284	20.069	23.19	25.825	28.322	30.757	33.143	35.465	37.779	40.059	42.279	44.462	46.606	48.734	50.836	52.821
304.9	0	14.011	19.74	22.836	25.45	27.925	30.34	32.709	35.014	37.316	39.585	41.797	43.97	46.108	48.23	50.331	52.313
305	0	13.745	19.419	22.489	25.081	27.535	29.929	32.28	34.57	36.858	39.115	41.319	43.481	45.613	47.729	49.828	51.807
305.1	0	13.486	19.104	22.148	24.719	27.151	29.524	31.857	34.131	36.406	38.651	40.845	42.997	45.122	47.232	49.327	51.304
305.2	0	13.234	18.796	21.813	24.364	26.774	29.125	31.441	33.698	35.959	38.19	40.376	42.517	44.636	46.739	48.83	50.804
305.3	0	12.99	18.495	21.485	24.014	26.403	28.733	31.03	33.271	35.517	37.735	39.912	42.042	44.153	46.249	48.336	50.306
305.4	0	12.752	18.2	21.163	23.671	26.038	28.348	30.626	32.849	35.081	37.285	39.452	41.571	43.674	45.763	47.846	49.812
305.5	0	12.521	17.911	20.848	23.334	25.68	27.968	30.227	32.434	34.651	36.84	38.997	41.105	43.2	45.281	47.359	49.321
305.6	0	12.296	17.629	20.538	23.003	25.328	27.595	29.835	32.024	34.226	36.4	38.546	40.644	42.73	44.803	46.875	48.833
305.7	0	12.078	17.353	20.235	22.679	24.982	27.229	29.449	31.621	33.808	35.965	38.101	40.187	42.264	44.329	46.395	48.349
305.8	0	11.865	17.083	19.938	22.36	24.642	26.869	29.07	31.223	33.394	35.535	37.66	39.735	41.803	43.859	45.918	47.869
305.9	0	11.658	16.819	19.647	22.047	24.308	26.515	28.696	30.832	32.987	35.111	37.224	39.288	41.347	43.393	45.445	47.392
306	0	11.457	16.561	19.362	21.74	23.98	26.168	28.329	30.446	32.586	34.693	36.793	38.846	40.895	42.931	44.976	46.919
306.1	0	11.261	16.309	19.082	21.438	23.659	25.826	27.968	30.067	32.19	34.28	36.368	38.409	40.447	42.474	44.511	46.45
306.2	0	11.071	16.063	18.809	21.142	23.343	25.491	27.614	29.694	31.8	33.873	35.947	37.977	40.005	42.021	44.05	45.984
306.3	0	10.886	15.823	18.541	20.852	23.034	25.161	27.265	29.327	31.416	33.471	35.532	37.549	39.567	41.572	43.593	45.523
306.4	0	10.707	15.588	18.278	20.568	22.73	24.837	26.923	28.966	31.038	33.076	35.122	37.127	39.134	41.129	43.139	45.065
306.5	0	10.532	15.358	18.021	20.289	22.431	24.52	26.586	28.61	30.666	32.686	34.718	36.71	38.706	40.689	42.69	44.611
306.6	0	10.362	15.134	17.77	20.015	22.139	24.207	26.256	28.261	30.3	32.302	34.319	36.298	38.283	40.255	42.246	44.161
306.7	0	10.197	14.915	17.524	19.747	21.851	23.901	25.932	27.918	29.94	31.924	33.926	35.892	37.865	39.825	41.805	43.715
306.8	0	10.036	14.701	17.283	19.484	21.569	23.6	25.613	27.58	29.585	31.551	33.538	35.49	37.452	39.4	41.369	43.273
306.9	0	9.8799	14.492	17.048	19.227	21.293	23.305	25.299	27.248	29.236	31.185	33.156	35.094	37.043	38.98	40.937	42.835
307	0	9.7279	14.288	16.818	18.974	21.022	23.015	24.991	26.922	28.892	30.824	32.779	34.703	36.64	38.564	40.51	42.401
307.1	0	9.5802	14.089	16.592	18.728	20.756	22.731	24.689	26.602	28.555	30.469	32.408	34.317	36.242	38.154	40.087	41.971
307.2	0	9.4364	13.894	16.372	18.486	20.495	22.451	24.392	26.288	28.223	30.119	32.043	33.937	35.849	37.748	39.669	41.546
307.3	0	9.2965	13.704	16.157	18.25	20.24	22.178	24.101	25.979	27.897	29.775	31.684	33.562	35.46	37.347	39.255	41.124
307.4	0	9.1604	13.518	15.947	18.018	19.989	21.909	23.814	25.676	27.576	29.437	31.33	33.192	35.077	36.951	38.847	40.707
307.5	0	9.0278	13.337	15.741	17.792	19.744	21.646	23.533	25.378	27.261	29.105	30.981	32.828	34.7	36.56	38.442	40.294
307.6	0	8.8987	13.16	15.54	17.571	19.504	21.387	23.257	25.086	26.951	28.778	30.639	32.47	34.327	36.174	38.043	39.885
307.7	0	8.773	12.986	15.344	17.354	19.268	21.134	22.986	24.799	26.647	28.457	30.302	32.116	33.959	35.793	37.648	39.481
307.8	0	8.6506	12.817	15.152	17.143	19.038	20.886	22.72	24.517	26.349	28.141	29.97	31.769	33.597	35.417	37.259	39.082
307.9	0	8.5314	12.652	14.964	16.936	18.812	20.642	22.459	24.24	26.055	27.831	29.644	31.426	33.24	35.046	36.874	38.687
308	0	8.4153	12.491	14.78	16.733	18.591	20.404	22.203	23.968	25.767	27.526	29.323	31.089	32.888	34.68	36.494	38.296
308.1	0	8.3022	12.333	14.601	16.535	18.375	20.17	21.952	23.701	25.483	27.226	29.008	30.758	32.542	34.32	36.119	37.911
308.2	0	8.1921	12.179	14.426	16.341	18.163	19.941	21.707	23.439	25.205	26.931	28.697	30.431	32.201	33.964	35.749	37.529
308.3	0	8.0849	12.029	14.254	16.152	17.956	19.717	21.465	23.182	24.931	26.642	28.392	30.11	31.864	33.614	35.384	37.153
308.4	0	7.9805	11.882	14.087	15.966	17.753	19.497	21.229	22.93	24.662	26.357	28.092	29.794	31.533	33.269	35.024	36.782
308.5	0	7.8788	11.739	13.923	15.785	17.555	19.282	20.997	22.682	24.399	26.078	27.797	29.484	31.208	32.928	34.669	36.415
308.6	0	7.7798	11.599	13.762	15.607	17.361	19.071	20.77	22.44	24.14	25.803	27.508	29.178	30.887	32.593	34.319	36.053
308.7	0	7.6833	11.462	13.606	15.433	17.171	18.865	20.548	22.202	23.885	25.534	27.223	28.878	30.571	32.264	33.974	35.696
308.8	0	7.5893	11.328	13.452	15.264	16.984	18.663	20.33	21.968	23.636	25.269	26.943	28.582	30.261	31.939	33.634	35.344
308.9	0	7.4976	11.198	13.303	15.097	16.802	18.465	20.116	21.739	23.391	25.01	26.667	28.292	29.955	31.619	33.299	34.997
309	0	7.4083	11.07	13.156	14.935	16.624	18.271	19.907	21.515	23.15	24.755	26.397	28.006	29.655	31.304	32.969	34.654
309.1	0	7.3212	10.945	13.013	14.776	16.449	18.081	19.702	21.295	22.915	24.504	26.132	27.726	29.36	30.994	32.644	34.317
309.2	0	7.2363	10.823	12.873	14.62	16.279	17.895	19.501	21.08	22.683	24.258	25.871	27.45	29.069	30.689	32.324	33.985
309.3	0	7.1535	10.704	12.735	14.468	16.112	17.713	19.304	20.868	22.456	24.017	25.614	27.179	28.784	30.389	32.009	33.657
309.4	0	7.0727	10.587	12.601	14.319	15.948	17.535	19.112	20.661	22.234	23.78	25.362	26.913	28.503	30.094	31.699	33.334
309.5	0	6.9939	10.473	12.47	14.173	15.788	17.36	18.923	20.458	22.015	23.548	25.115	26.652	28.227	29.803	31.393	33.016
309.6	0	6.917	10.362	12.341	14.03	15.631	17.189	18.738	20.259	21.801	23.32	24.872	26.395	27.956	29.517	31.092	32.703
309.7	0	6.8419	10.253	12.216	13.891	15.478	17.022	18.556	20.064	21.591	23.096	24.633	26.143	27.69	29.236	30.796	32.395
309.8	0	6.7687	10.146	12.093	13.754	15.328	16.858	18.379	19.872	21.386	22.876	24.399	25.895	27.428	28.96	30.504	32.091
309.9	0	6.6972	10.042	11.972	13.62	15.181	16.697	18.204	19.685	21.184	22.661	24.169	25.652	27.171	28.689	30.218	31.792
310	0	6.6275	9.9396	11.854	13.489	15.037	16.539	18.034	19.501	20.986	22.45	23.944	25.414	26.919	28.422	29.936	31.497
310.1	0	6.5594	9.8397	11.739	13.361	14.896	16.385	17.866	19.321	20.792	22.242	23.723	25.18	26.671	28.16	29.659	31.207
310.2	0	6.4929	9.742	11.626	13.235	14.757	16.234	17.702	19.144	20.601	22.039	23.505	24.95	26.428	27.902	29.386	30.922
310.3	0	6.4279	9.6464	11.515	13.112	14.622	16.086	17.541	18.971	20.414	21.84	23.292	24.724	26.19	27.649	29.118	30.641
310.4	0	6.3644	9.5529	11.407	12.991	14.489	15.94	17.384	18.801	20.231	21.644	23.083	24.503	25.955	27.401	28.855	30.365
310.5	0	6.3023	9.4613	11.301	12.873	14.359	15.798	17.229	18.635	20.052	21.452	22.878	24.285	25.725	27.157	28.596	30.093
310.6	0	6.2417	9.3717	11.197	12.758	14.232	15.658	17.077	18.471	19.876	21.264	22.677	24.072	25.498	26.917	28.342	29.826
310.7	0	6.1823	9.284	11.095	12.644	14.107	15.522	16.929	18.311	19.703	21.079	22.479	23.862	25.276	26.681	28.093	29.563
310.8	0	6.1243	9.1981	10.996	12.533	13.984	15.388	16.783	18.154	19.533	20.897	22.285	23.656	25.057	26.45	27.848	29.304
310.9	0	6.0676	9.1141	10.899	12.424	13.864	15.256	16.64	17.999	19.367	20.719	22.095	23.453	24.843	26.223	27.607	29.05
311	0	6.0121	9.0318	10.803	12.318	13.746	15.127	16.499	17.848	19.204	20.544	21.908	23.254	24.631	25.999	27.371	28.8
311.1	0	5.9578	8.9512	10.71	12.213	13.631	15	16.362	17.7	19.044	20.373	21.724	23.059	24.424	25.78	27.139	28.554
311.2	0	5.9047	8.8723	10.618	12.111	13.518	14.876	16.227	17.554	18.887	20.205	21.544	22.867	24.22	25.565	26.911	28.312
311.3	0	5.8528	8.795	10.528	12.01	13.406	14.755	16.094	17.411	18.733	20.039	21.367	22.679	24.02	25.353	26.687	28.075
311.4	0	5.8019	8.7193	10.44	11.912	13.297	14.635	15.964	17.271	18.582	19.877	21.193	22.494	23.823	25.145	26.468	27.842
311.5	0	5.7521	8.6451	10.354	11.815	13.191	14.518	15.836	17.133	18.433	19.718	21.022	22.312	23.629	24.941	26.252	27.613
311.6	0	5.7033	8.5723	10.269	11.72	13.086	14.403	15.711	16.998	18.288	19.562	20.855	22.134	23.439	24.74	26.04	27.388
311.7	0	5.6556	8.5011	10.186	11.627	12.983	14.29	15.588	16.865	18.145	19.409	20.69	21.959	23.253	24.543	25.832	27.167
311.8	0	5.6087	8.4312	10.105	11.536	12.882	14.18	15.468	16.735	18.004	19.258	20.529	21.787	23.069	24.349	25.628	26.95
311.9	0	5.5629	8.3627	10.025	11.446	12.783	14.071	15.349	16.607	17.867	19.111	20.37	21.618	22.889	24.159	25.427	26.737
312	0	5.5179	8.2955	9.9462	11.359	12.686	13.965	15.233	16.482	17.731	18.966	20.215	21.452	22.712	23.972	25.23	26.528
312.1	0	5.4738	8.2296	9.8692	11.272	12.59	13.86	15.119	16.358	17.598	18.823	20.062	21.289	22.538	23.788	25.036	26.322
312.2	0	5.4306	8.165	9.7937	11.188	12.497	13.757	15.007	16.237	17.468	18.683	19.912	21.128	22.367	23.607	24.846	26.12
312.3	0	5.3882	8.1016	9.7196	11.104	12.405	13.657	14.897	16.118	17.339	18.546	19.764	20.971	22.2	23.429	24.658	25.922
312.4	0	5.3466	8.0394	9.6469	11.023	12.315	13.558	14.789	16.002	17.213	18.411	19.619	20.816	22.035	23.255	24.474	25.726
312.5	0	5.3058	7.9784	9.5755	10.942	12.226	13.46	14.683	15.887	17.09	18.278	19.477	20.665	21.873	23.083	24.293	25.534
312.6	0	5.2658	7.9185	9.5054	10.864	12.139	13.365	14.579	15.774	16.968	18.148	19.337	20.515	21.714	22.914	24.114	25.345
312.7	0	5.2265	7.8597	9.4365	10.786	12.053	13.271	14.477	15.664	16.848	18.019	19.2	20.369	21.557	22.748	23.939	25.159
312.8	0	5.188	7.802	9.3689	10.71	11.969	13.179	14.376	15.555	16.731	17.893	19.065	20.225	21.403	22.585	23.767	24.976
312.9	0	5.1502	7.7453	9.3024	10.635	11.887	13.089	14.278	15.448	16.616	17.77	18.932	20.083	21.252	22.425	23.597	24.796
313	0	5.1131	7.6896	9.2371	10.561	11.806	13	14.181	15.343	16.502	17.648	18.802	19.944	21.103	22.267	23.43	24.619
313.1	0	5.0767	7.635	9.1729	10.489	11.726	12.913	14.085	15.24	16.391	17.528	18.674	19.807	20.957	22.112	23.266	24.445
313.2	0	5.041	7.5813	9.1098	10.418	11.647	12.827	13.992	15.139	16.281	17.411	18.547	19.672	20.813	21.959	23.105	24.274
313.3	0	5.0059	7.5285	9.0477	10.348	11.57	12.742	13.9	15.039	16.173	17.295	18.423	19.54	20.672	21.809	22.946	24.105
313.4	0	4.9715	7.4766	8.9867	10.279	11.494	12.659	13.809	14.942	16.068	17.181	18.301	19.41	20.533	21.661	22.789	23.94
313.5	0	4.9377	7.4256	8.9267	10.212	11.419	12.577	13.72	14.845	15.963	17.07	18.182	19.282	20.396	21.516	22.636	23.777
313.6	0	4.9044	7.3755	8.8676	10.145	11.346	12.497	13.633	14.751	15.861	16.96	18.064	19.156	20.262	21.373	22.485	23.616
313.7	0	4.8718	7.3262	8.8095	10.08	11.273	12.418	13.547	14.657	15.76	16.851	17.948	19.032	20.13	21.233	22.336	23.458
313.8	0	4.8397	7.2777	8.7524	10.015	11.202	12.34	13.462	14.566	15.661	16.745	17.833	18.911	20	21.095	22.189	23.303
313.9	0	4.8081	7.2299	8.6962	9.952	11.132	12.263	13.378	14.475	15.564	16.64	17.721	18.791	19.872	20.959	22.045	23.15
314	0	4.7771	7.183	8.6408	9.8896	11.063	12.187	13.296	14.387	15.468	16.537	17.61	18.673	19.746	20.825	21.904	23
314.1	0	4.7466	7.1368	8.5864	9.8283	10.995	12.113	13.215	14.299	15.373	16.436	17.502	18.557	19.623	20.694	21.764	22.852
314.2	0	4.7166	7.0914	8.5328	9.7679	10.928	12.04	13.135	14.213	15.28	16.336	17.394	18.443	19.501	20.564	21.627	22.706
314.3	0	4.6871	7.0467	8.48	9.7084	10.862	11.968	13.057	14.128	15.188	16.237	17.289	18.331	19.381	20.437	21.492	22.563
314.4	0	4.6581	7.0027	8.4281	9.6498	10.797	11.896	12.979	14.044	15.098	16.14	17.185	18.22	19.263	20.312	21.359	22.422
314.5	0	4.6296	6.9594	8.377	9.5922	10.733	11.826	12.903	13.962	15.009	16.045	17.083	18.111	19.148	20.188	21.229	22.283
314.6	0	4.6016	6.9168	8.3266	9.5354	10.67	11.757	12.828	13.88	14.921	15.951	16.982	18.004	19.034	20.067	21.1	22.146
314.7	0	4.574	6.8748	8.2771	9.4795	10.608	11.689	12.754	13.8	14.834	15.858	16.883	17.898	18.921	19.948	20.973	22.012
314.8	0	4.5468	6.8335	8.2283	9.4245	10.547	11.622	12.681	13.721	14.749	15.767	16.785	17.794	18.811	19.83	20.848	21.879
314.9	0	4.5201	6.7928	8.1802	9.3703	10.487	11.556	12.609	13.644	14.665	15.677	16.689	17.692	18.702	19.714	20.725	21.749
315	0	4.4938	6.7528	8.1329	9.3169	10.427	11.491	12.538	13.567	14.582	15.588	16.594	17.591	18.594	19.6	20.604	21.621
315.1	0	4.468	6.7133	8.0863	9.2642	10.369	11.427	12.468	13.492	14.501	15.501	16.501	17.492	18.489	19.488	20.485	21.494
315.2	0	4.4425	6.6744	8.0404	9.2124	10.311	11.363	12.399	13.417	14.421	15.415	16.409	17.394	18.385	19.377	20.368	21.37
315.3	0	4.4175	6.6361	7.9952	9.1613	10.254	11.301	12.331	13.344	14.341	15.33	16.318	17.297	18.282	19.268	20.252	21.247
315.4	0	4.3928	6.5984	7.9507	9.111	10.198	11.239	12.264	13.271	14.263	15.247	16.229	17.202	18.181	19.161	20.138	21.126
315.5	0	4.3686	6.5612	7.9068	9.0613	10.142	11.179	12.198	13.2	14.187	15.164	16.141	17.108	18.081	19.055	20.026	21.007
315.6	0	4.3447	6.5246	7.8636	9.0124	10.088	11.119	12.132	13.129	14.111	15.083	16.054	17.016	17.982	18.95	19.916	20.89
315.7	0	4.3211	6.4885	7.821	8.9641	10.034	11.06	12.068	13.06	14.036	15.003	15.968	16.925	17.885	18.847	19.807	20.774
315.8	0	4.2979	6.4529	7.779	8.9165	9.981	11.002	12.005	12.991	13.962	14.924	15.884	16.835	17.79	18.746	19.699	20.66
315.9	0	4.2751	6.4178	7.7376	8.8696	9.9287	10.944	11.942	12.924	13.89	14.846	15.801	16.746	17.696	18.646	19.594	20.548
316	0	4.2526	6.3832	7.6968	8.8233	9.8771	10.888	11.881	12.857	13.818	14.77	15.718	16.659	17.603	18.547	19.489	20.438
316.1	0	4.2304	6.3491	7.6565	8.7776	9.8262	10.832	11.82	12.791	13.748	14.694	15.638	16.573	17.511	18.45	19.387	20.329
316.2	0	4.2085	6.3155	7.6167	8.7325	9.776	10.777	11.76	12.727	13.678	14.619	15.558	16.488	17.421	18.354	19.285	20.221
316.3	0	4.187	6.2824	7.5775	8.688	9.7266	10.723	11.701	12.663	13.609	14.546	15.479	16.404	17.332	18.26	19.186	20.116
316.4	0	4.1657	6.2497	7.5388	8.644	9.6777	10.669	11.642	12.6	13.541	14.473	15.401	16.322	17.244	18.167	19.087	20.012
316.5	0	4.1447	6.2174	7.5005	8.6007	9.6296	10.616	11.585	12.537	13.474	14.401	15.325	16.24	17.157	18.075	18.99	19.909
316.6	0	4.1241	6.1856	7.4628	8.5579	9.582	10.564	11.528	12.476	13.408	14.331	15.249	16.16	17.072	17.985	18.894	19.808
316.7	0	4.1037	6.1542	7.4256	8.5156	9.5351	10.513	11.472	12.415	13.343	14.261	15.174	16.08	16.988	17.895	18.8	19.708
316.8	0	4.0836	6.1233	7.3889	8.4739	9.4888	10.462	11.416	12.356	13.278	14.192	15.101	16.002	16.904	17.807	18.707	19.609
316.9	0	4.0638	6.0927	7.3526	8.4328	9.4432	10.412	11.362	12.297	13.215	14.124	15.028	15.925	16.822	17.72	18.615	19.512
317	0	4.0442	6.0626	7.3168	8.3921	9.398	10.362	11.308	12.239	13.152	14.057	14.956	15.849	16.742	17.634	18.524	19.417
317.1	0	4.0249	6.0328	7.2815	8.352	9.3535	10.314	11.255	12.181	13.09	13.99	14.885	15.773	16.662	17.55	18.435	19.322
317.2	0	4.0059	6.0034	7.2466	8.3123	9.3095	10.265	11.202	12.124	13.029	13.925	14.815	15.699	16.583	17.466	18.347	19.229
317.3	0	3.9871	5.9744	7.2122	8.2732	9.266	10.218	11.15	12.068	12.969	13.86	14.746	15.626	16.505	17.384	18.259	19.137
317.4	0	3.9686	5.9458	7.1782	8.2345	9.2231	10.171	11.099	12.013	12.909	13.797	14.678	15.553	16.428	17.303	18.173	19.046
317.5	0	3.9503	5.9175	7.1446	8.1963	9.1807	10.124	11.049	11.958	12.85	13.734	14.611	15.482	16.353	17.222	18.089	18.957
317.6	0	3.9322	5.8896	7.1114	8.1586	9.1388	10.078	10.999	11.904	12.792	13.672	14.544	15.411	16.278	17.143	18.005	18.868
317.7	0	3.9144	5.862	7.0787	8.1214	9.0974	10.033	10.949	11.851	12.735	13.61	14.479	15.342	16.204	17.065	17.922	18.781
317.8	0	3.8968	5.8347	7.0463	8.0846	9.0564	9.9881	10.9	11.798	12.678	13.55	14.414	15.273	16.131	16.988	17.841	18.695
317.9	0	3.8794	5.8078	7.0143	8.0482	9.016	9.9438	10.852	11.746	12.622	13.49	14.35	15.205	16.059	16.912	17.76	18.61
318	0	3.8622	5.7812	6.9827	8.0122	8.976	9.9	10.804	11.695	12.567	13.431	14.287	15.138	15.988	16.836	17.68	18.526
318.1	0	3.8453	5.7549	6.9515	7.9767	8.9365	9.8566	10.757	11.644	12.512	13.372	14.224	15.071	15.918	16.762	17.602	18.443
318.2	0	3.8285	5.729	6.9206	7.9416	8.8974	9.8138	10.71	11.593	12.458	13.314	14.163	15.006	15.848	16.689	17.524	18.361
318.3	0	3.812	5.7033	6.8901	7.9069	8.8588	9.7714	10.664	11.544	12.405	13.257	14.102	14.941	15.78	16.616	17.448	18.28
318.4	0	3.7956	5.6779	6.8599	7.8727	8.8206	9.7296	10.619	11.494	12.352	13.201	14.041	14.877	15.712	16.544	17.372	18.2
318.5	0	3.7794	5.6528	6.8301	7.8388	8.7828	9.6881	10.574	11.446	12.3	13.145	13.982	14.814	15.645	16.473	17.297	18.121
318.6	0	3.7634	5.6281	6.8006	7.8052	8.7454	9.6472	10.529	11.397	12.248	13.09	13.923	14.751	15.578	16.403	17.223	18.043
318.7	0	3.7476	5.6035	6.7715	7.7721	8.7085	9.6066	10.485	11.35	12.197	13.035	13.865	14.689	15.513	16.334	17.15	17.966
318.8	0	3.732	5.5793	6.7426	7.7393	8.672	9.5665	10.441	11.303	12.146	12.981	13.807	14.628	15.448	16.265	17.078	17.89
318.9	0	3.7166	5.5553	6.7141	7.7069	8.6359	9.5269	10.398	11.256	12.096	12.927	13.75	14.568	15.384	16.198	17.006	17.815
319	0	3.7013	5.5316	6.6859	7.6748	8.6001	9.4877	10.355	11.21	12.047	12.875	13.694	14.508	15.32	16.131	16.935	17.74
319.1	0	3.6862	5.5082	6.6579	7.6431	8.5648	9.4488	10.313	11.164	11.998	12.822	13.638	14.449	15.258	16.064	16.865	17.666
319.2	0	3.6713	5.485	6.6303	7.6117	8.5298	9.4104	10.271	11.119	11.949	12.77	13.583	14.39	15.196	15.999	16.796	17.593
319.3	0	3.6565	5.462	6.6029	7.5806	8.4952	9.3724	10.23	11.074	11.901	12.719	13.528	14.332	15.134	15.934	16.728	17.521
319.4	0	3.6419	5.4393	6.5759	7.5498	8.461	9.3348	10.189	11.03	11.854	12.668	13.474	14.275	15.074	15.87	16.66	17.45
319.5	0	3.6275	5.4168	6.5491	7.5194	8.4271	9.2976	10.148	10.986	11.806	12.618	13.421	14.218	15.013	15.806	16.593	17.379
319.6	0	3.6132	5.3946	6.5225	7.4893	8.3936	9.2607	10.108	10.943	11.76	12.569	13.368	14.162	14.954	15.743	16.527	17.31
319.7	0	3.5991	5.3726	6.4963	7.4595	8.3604	9.2242	10.068	10.9	11.714	12.519	13.315	14.106	14.895	15.681	16.461	17.24
319.8	0	3.5851	5.3508	6.4703	7.4299	8.3275	9.1881	10.029	10.857	11.668	12.471	13.263	14.051	14.837	15.62	16.397	17.172
319.9	0	3.5713	5.3292	6.4446	7.4007	8.295	9.1523	9.9896	10.815	11.623	12.422	13.212	13.997	14.779	15.559	16.332	17.104
320	0	3.5576	5.3078	6.4191	7.3718	8.2628	9.1169	9.951	10.773	11.578	12.374	13.161	13.943	14.722	15.499	16.269	17.038
320.1	0	3.544	5.2866	6.3939	7.3432	8.2308	9.0818	9.9128	10.732	11.534	12.327	13.111	13.89	14.666	15.439	16.206	16.971
320.2	0	3.5306	5.2657	6.3689	7.3148	8.1992	9.047	9.8749	10.691	11.49	12.28	13.061	13.837	14.61	15.38	16.144	16.906
320.3	0	3.5173	5.2449	6.3442	7.2867	8.1679	9.0126	9.8373	10.651	11.446	12.234	13.012	13.785	14.554	15.321	16.082	16.841
320.4	0	3.5042	5.2244	6.3197	7.2588	8.1368	8.9784	9.8001	10.611	11.403	12.188	12.963	13.733	14.499	15.263	16.021	16.776
320.5	0	3.4912	5.204	6.2954	7.2312	8.106	8.9446	9.7632	10.571	11.36	12.142	12.914	13.681	14.445	15.206	15.961	16.713
320.6	0	3.4783	5.1839	6.2713	7.2039	8.0755	8.911	9.7267	10.531	11.318	12.097	12.866	13.631	14.391	15.149	15.901	16.65
320.7	0	3.4656	5.1639	6.2475	7.1767	8.0453	8.8778	9.6905	10.492	11.276	12.052	12.819	13.58	14.338	15.093	15.841	16.587
320.8	0	3.453	5.1441	6.2238	7.1498	8.0153	8.8448	9.6546	10.453	11.234	12.008	12.772	13.53	14.285	15.037	15.783	16.526
320.9	0	3.4405	5.1245	6.2003	7.1232	7.9855	8.8121	9.619	10.415	11.193	11.964	12.725	13.481	14.233	14.982	15.724	16.464
321	0	3.4282	5.105	6.1771	7.0967	7.956	8.7797	9.5838	10.377	11.152	11.92	12.679	13.432	14.181	14.927	15.667	16.404
321.1	0	3.4159	5.0858	6.154	7.0705	7.9268	8.7476	9.5488	10.339	11.112	11.877	12.633	13.383	14.129	14.872	15.61	16.344
321.2	0	3.4038	5.0667	6.1311	7.0445	7.8978	8.7158	9.5141	10.302	11.071	11.834	12.587	13.335	14.078	14.819	15.553	16.284
321.3	0	3.3918	5.0477	6.1084	7.0187	7.869	8.6842	9.4797	10.264	11.031	11.792	12.542	13.287	14.027	14.765	15.497	16.225
321.4	0	3.3799	5.0289	6.0859	6.9931	7.8405	8.6529	9.4456	10.228	10.992	11.749	12.497	13.239	13.977	14.712	15.441	16.167
321.5	0	3.3681	5.0103	6.0636	6.9677	7.8122	8.6218	9.4118	10.191	10.953	11.708	12.453	13.192	13.927	14.66	15.386	16.109
321.6	0	3.3565	4.9919	6.0414	6.9425	7.7841	8.591	9.3783	10.155	10.914	11.666	12.408	13.146	13.878	14.608	15.331	16.052
321.7	0	3.3449	4.9736	6.0194	6.9175	7.7563	8.5604	9.345	10.119	10.875	11.625	12.365	13.099	13.829	14.556	15.277	15.995
321.8	0	3.3334	4.9555	5.9976	6.8927	7.7286	8.5301	9.312	10.083	10.837	11.584	12.321	13.053	13.78	14.505	15.223	15.938
321.9	0	3.322	4.9375	5.976	6.868	7.7012	8.5	9.2793	10.048	10.799	11.544	12.278	13.008	13.732	14.454	15.17	15.882
322	0	3.3108	4.9196	5.9545	6.8436	7.674	8.4702	9.2469	10.013	10.761	11.503	12.236	12.962	13.684	14.404	15.117	15.827
322.1	0	3.2996	4.9019	5.9332	6.8193	7.647	8.4406	9.2147	9.978	10.724	11.464	12.193	12.918	13.637	14.354	15.065	15.772
322.2	0	3.2885	4.8843	5.9121	6.7953	7.6202	8.4112	9.1827	9.9435	10.687	11.424	12.151	12.873	13.59	14.304	15.012	15.717
322.3	0	3.2774	4.8669	5.8912	6.7714	7.5937	8.3821	9.151	9.9093	10.65	11.385	12.109	12.829	13.543	14.255	14.961	15.663
322.4	0	3.2665	4.8496	5.8704	6.7477	7.5673	8.3531	9.1195	9.8753	10.614	11.346	12.068	12.785	13.497	14.206	14.91	15.609
322.5	0	3.2556	4.8325	5.8497	6.7242	7.5411	8.3244	9.0883	9.8416	10.577	11.307	12.027	12.742	13.451	14.158	14.859	15.556
322.6	0	3.2448	4.8154	5.8292	6.7008	7.5152	8.296	9.0573	9.8082	10.542	11.269	11.986	12.699	13.405	14.11	14.808	15.503
322.7	0	3.2341	4.7985	5.8089	6.6777	7.4894	8.2677	9.0266	9.775	10.506	11.231	11.946	12.656	13.36	14.062	14.758	15.451
322.8	0	3.2235	4.7818	5.7887	6.6547	7.4638	8.2396	8.996	9.742	10.471	11.193	11.906	12.613	13.315	14.015	14.709	15.399
322.9	0	3.2129	4.7651	5.7687	6.6319	7.4385	8.2118	8.9657	9.7093	10.435	11.156	11.866	12.571	13.271	13.968	14.659	15.347
323	0	3.2024	4.7486	5.7489	6.6093	7.4133	8.1841	8.9357	9.6768	10.401	11.119	11.827	12.529	13.226	13.921	14.611	15.296
323.1	0	3.1919	4.7322	5.7291	6.5868	7.3883	8.1567	8.9058	9.6446	10.366	11.082	11.787	12.488	13.183	13.875	14.562	15.245
323.2	0	3.1816	4.7159	5.7096	6.5645	7.3635	8.1294	8.8761	9.6126	10.332	11.045	11.748	12.447	13.139	13.829	14.514	15.195
323.3	0	3.1713	4.6997	5.6902	6.5423	7.3388	8.1023	8.8467	9.5808	10.298	11.009	11.71	12.406	13.096	13.784	14.466	15.145
323.4	0	3.1611	4.6836	5.6709	6.5203	7.3144	8.0754	8.8175	9.5493	10.264	10.973	11.671	12.365	13.053	13.739	14.419	15.095
323.5	0	3.1509	4.6677	5.6518	6.4985	7.2901	8.0487	8.7884	9.5179	10.23	10.937	11.633	12.325	13.01	13.694	14.372	15.046
323.6	0	3.1408	4.6518	5.6328	6.4769	7.266	8.0222	8.7596	9.4868	10.197	10.901	11.596	12.285	12.968	13.65	14.325	14.997
323.7	0	3.1308	4.6361	5.6139	6.4553	7.242	7.9959	8.731	9.4559	10.164	10.866	11.558	12.245	12.926	13.605	14.279	14.948
323.8	0	3.1208	4.6205	5.5952	6.434	7.2182	7.9698	8.7026	9.4253	10.131	10.831	11.521	12.206	12.885	13.562	14.233	14.9
323.9	0	3.111	4.605	5.5766	6.4128	7.1946	7.9438	8.6743	9.3948	10.098	10.796	11.484	12.167	12.843	13.518	14.187	14.852
324	0	3.1011	4.5896	5.5581	6.3917	7.1711	7.918	8.6463	9.3645	10.066	10.762	11.447	12.128	12.802	13.475	14.141	14.805
324.1	0	3.0914	4.5742	5.5398	6.3707	7.1478	7.8924	8.6184	9.3345	10.034	10.727	11.41	12.089	12.762	13.432	14.096	14.758
324.2	0	3.0817	4.559	5.5215	6.3499	7.1247	7.867	8.5908	9.3046	10.002	10.693	11.374	12.051	12.721	13.39	14.052	14.711
324.3	0	3.0721	4.5439	5.5035	6.3293	7.1017	7.8417	8.5633	9.275	9.9699	10.659	11.338	12.013	12.681	13.347	14.007	14.664
324.4	0	3.0625	4.529	5.4855	6.3087	7.0788	7.8166	8.536	9.2455	9.9384	10.626	11.302	11.975	12.641	13.305	13.963	14.618
324.5	0	3.053	4.5141	5.4676	6.2883	7.0561	7.7917	8.5088	9.2162	9.907	10.592	11.267	11.937	12.602	13.264	13.92	14.572
324.6	0	3.0436	4.4993	5.4499	6.2681	7.0336	7.767	8.4819	9.1872	9.8759	10.559	11.232	11.9	12.562	13.222	13.876	14.527
324.7	0	3.0342	4.4846	5.4323	6.2479	7.0112	7.7424	8.4551	9.1583	9.845	10.526	11.196	11.863	12.523	13.181	13.833	14.482
324.8	0	3.0249	4.47	5.4148	6.2279	6.9889	7.7179	8.4285	9.1296	9.8142	10.493	11.162	11.826	12.484	13.141	13.79	14.437
324.9	0	3.0157	4.4555	5.3975	6.208	6.9668	7.6936	8.4021	9.101	9.7837	10.461	11.127	11.79	12.446	13.1	13.748	14.392
325	0	3.0065	4.4411	5.3802	6.1883	6.9448	7.6695	8.3758	9.0727	9.7533	10.428	11.093	11.753	12.408	13.06	13.706	14.348
325.1	0	2.9974	4.4269	5.3631	6.1687	6.923	7.6456	8.3497	9.0445	9.7231	10.396	11.059	11.717	12.37	13.02	13.664	14.304
325.2	0	2.9883	4.4127	5.3461	6.1492	6.9013	7.6218	8.3238	9.0165	9.6931	10.364	11.025	11.681	12.332	12.98	13.622	14.261
325.3	0	2.9793	4.3986	5.3292	6.1298	6.8798	7.5981	8.298	8.9887	9.6633	10.333	10.991	11.646	12.294	12.941	13.581	14.217
325.4	0	2.9704	4.3846	5.3124	6.1106	6.8584	7.5746	8.2724	8.961	9.6337	10.301	10.958	11.61	12.257	12.902	13.54	14.174
325.5	0	2.9615	4.3706	5.2958	6.0914	6.8371	7.5513	8.247	8.9335	9.6042	10.27	10.924	11.575	12.22	12.863	13.499	14.132
325.6	0	2.9527	4.3568	5.2792	6.0725	6.816	7.5281	8.2217	8.9062	9.5749	10.239	10.891	11.54	12.183	12.824	13.458	14.089
325.7	0	2.9439	4.3431	5.2627	6.0536	6.795	7.5051	8.1966	8.879	9.5458	10.208	10.859	11.505	12.146	12.785	13.418	14.047
325.8	0	2.9351	4.3294	5.2464	6.0349	6.7741	7.4822	8.1716	8.852	9.5169	10.177	10.826	11.471	12.11	12.747	13.378	14.005
325.9	0	2.9265	4.3159	5.2301	6.0162	6.7534	7.4594	8.1469	8.8252	9.4882	10.146	10.794	11.437	12.074	12.709	13.338	13.963
326	0	2.9178	4.3024	5.2139	5.9978	6.7328	7.4368	8.1222	8.7986	9.4597	10.116	10.761	11.403	12.038	12.671	13.298	13.922
326.1	0	2.9092	4.289	5.1979	5.9794	6.7123	7.4143	8.0978	8.7721	9.4313	10.086	10.729	11.369	12.002	12.634	13.259	13.881
326.2	0	2.9007	4.2757	5.1819	5.9611	6.6919	7.392	8.0734	8.7458	9.4032	10.056	10.698	11.335	11.967	12.596	13.22	13.84
326.3	0	2.8922	4.2625	5.1661	5.943	6.6717	7.3698	8.0493	8.7197	9.3752	10.026	10.666	11.302	11.931	12.559	13.181	13.799
326.4	0	2.8838	4.2493	5.1503	5.925	6.6516	7.3477	8.0253	8.6937	9.3473	9.9963	10.635	11.269	11.896	12.523	13.142	13.759
326.5	0	2.8754	4.2363	5.1346	5.907	6.6316	7.3257	8.0014	8.6679	9.3197	9.9669	10.603	11.236	11.862	12.486	13.104	13.719
326.6	0	2.867	4.2233	5.119	5.8892	6.6117	7.3039	7.9777	8.6422	9.2922	9.9376	10.572	11.203	11.827	12.45	13.066	13.679
326.7	0	2.8587	4.2104	5.1035	5.8715	6.592	7.2822	7.9542	8.6168	9.2649	9.9085	10.542	11.171	11.793	12.413	13.028	13.639
326.8	0	2.8505	4.1975	5.0881	5.8539	6.5723	7.2607	7.9307	8.5915	9.2378	9.8796	10.511	11.138	11.759	12.377	12.99	13.6
326.9	0	2.8423	4.1848	5.0728	5.8364	6.5528	7.2393	7.9075	8.5663	9.2108	9.8508	10.48	11.106	11.725	12.342	12.953	13.561
327	0	2.8341	4.1721	5.0576	5.819	6.5334	7.218	7.8843	8.5413	9.184	9.8222	10.45	11.074	11.691	12.306	12.916	13.522
327.1	0	2.826	4.1595	5.0424	5.8017	6.514	7.1968	7.8613	8.5165	9.1573	9.7938	10.42	11.042	11.657	12.271	12.879	13.483
327.2	0	2.8179	4.1469	5.0274	5.7845	6.4949	7.1758	7.8384	8.4918	9.1309	9.7656	10.39	11.011	11.624	12.236	12.842	13.445
327.3	0	2.8099	4.1345	5.0124	5.7674	6.4758	7.1548	7.8157	8.4672	9.1046	9.7375	10.36	10.979	11.591	12.201	12.806	13.407
327.4	0	2.8019	4.1221	4.9975	5.7504	6.4568	7.1341	7.7931	8.4428	9.0784	9.7096	10.33	10.948	11.558	12.167	12.769	13.369
327.5	0	2.794	4.1098	4.9827	5.7335	6.4379	7.1134	7.7706	8.4186	9.0524	9.6819	10.301	10.917	11.525	12.132	12.733	13.331
327.6	0	2.7861	4.0975	4.9681	5.7167	6.4192	7.0929	7.7483	8.3945	9.0266	9.6543	10.272	10.886	11.493	12.098	12.697	13.294
327.7	0	2.7782	4.0854	4.9534	5.7	6.4006	7.0725	7.7261	8.3705	9.0009	9.627	10.243	10.855	11.461	12.064	12.662	13.256
327.8	0	2.7704	4.0733	4.9389	5.6833	6.382	7.0522	7.704	8.3467	8.9754	9.5997	10.214	10.824	11.429	12.031	12.626	13.219
327.9	0	2.7626	4.0613	4.9245	5.6668	6.3636	7.032	7.6821	8.323	8.95	9.5727	10.185	10.794	11.397	11.997	12.591	13.183
328	0	2.7549	4.0493	4.9102	5.6504	6.3453	7.012	7.6603	8.2994	8.9247	9.5458	10.156	10.764	11.365	11.964	12.556	13.146
