0	0	0.1	0.2	0.3	0.4	0.5	0.6	0.7	0.8	0.9	1	1.1	1.2	1.3	1.4	1.5	1.6
256.2	0	104.69	107.39	108.83	110.11	110.89	111.58	112.09	112.55	112.91	113.25	113.54	113.8	114.04	114.26	114.46	114.7757143
256.3	0	104.66	107.35	108.8	110.08	110.86	111.55	112.06	112.51	112.88	113.22	113.5	113.77	114	114.22	114.43	114.7385714
256.4	0	104.63	107.32	108.76	110.04	110.82	111.52	112.02	112.48	112.85	113.18	113.47	113.73	113.97	114.19	114.39	114.7028571
256.5	0	104.6	107.29	108.73	110.01	110.79	111.48	111.99	112.45	112.81	113.15	113.44	113.7	113.94	114.16	114.36	114.6757143
256.6	0	104.57	107.25	108.7	109.98	110.76	111.45	111.95	112.41	112.78	113.12	113.4	113.67	113.9	114.12	114.33	114.6385714
256.7	0	104.53	107.22	108.66	109.94	110.72	111.42	111.92	112.38	112.74	113.08	113.37	113.63	113.87	114.09	114.29	114.6057143
256.8	0	104.5	107.19	108.63	109.91	110.69	111.38	111.89	112.34	112.71	113.05	113.33	113.6	113.84	114.06	114.26	114.5757143
256.9	0	104.47	107.16	108.6	109.88	110.65	111.35	111.85	112.31	112.68	113.01	113.3	113.57	113.8	114.02	114.23	114.54
257	0	104.44	107.12	108.56	109.84	110.62	111.31	111.82	112.28	112.64	112.98	113.27	113.53	113.77	113.99	114.19	114.5057143
257.1	0	104.41	107.09	108.53	109.81	110.59	111.28	111.78	112.24	112.61	112.95	113.23	113.5	113.73	113.96	114.16	114.4728571
257.2	0	104.37	107.06	108.49	109.78	110.55	111.25	111.75	112.21	112.57	112.91	113.2	113.47	113.7	113.92	114.13	114.4428571
257.3	0	104.34	107.02	108.46	109.74	110.52	111.21	111.72	112.17	112.54	112.88	113.17	113.43	113.67	113.89	114.09	114.4057143
257.4	0	104.31	106.99	108.43	109.71	110.48	111.18	111.68	112.14	112.51	112.84	113.13	113.4	113.63	113.85	114.06	114.37
257.5	0	104.28	106.96	108.39	109.67	110.45	111.14	111.65	112.1	112.47	112.81	113.1	113.36	113.6	113.82	114.02	114.3357143
257.6	0	104.25	106.92	108.36	109.64	110.41	111.11	111.61	112.07	112.44	112.78	113.06	113.33	113.56	113.79	113.99	114.3028571
257.7	0	104.21	106.89	108.32	109.61	110.38	111.07	111.58	112.04	112.4	112.74	113.03	113.3	113.53	113.75	113.96	114.2728571
257.8	0	104.18	106.86	108.29	109.57	110.34	111.04	111.54	112	112.37	112.71	112.99	113.26	113.5	113.72	113.92	114.2357143
257.9	0	104.15	106.82	108.25	109.54	110.31	111	111.51	111.97	112.33	112.67	112.96	113.23	113.46	113.68	113.89	114.2028571
258	0	104.12	106.79	108.22	109.5	110.27	110.97	111.47	111.93	112.3	112.64	112.93	113.19	113.43	113.65	113.85	114.1657143
258.1	0	104.08	106.76	108.19	109.47	110.24	110.93	111.44	111.9	112.26	112.6	112.89	113.16	113.39	113.61	113.82	114.1328571
258.2	0	104.05	106.72	108.15	109.43	110.2	110.9	111.4	111.86	112.23	112.57	112.86	113.12	113.36	113.58	113.78	114.0957143
258.3	0	104.02	106.69	108.12	109.4	110.17	110.86	111.37	111.83	112.19	112.53	112.82	113.09	113.32	113.55	113.75	114.0671429
258.4	0	103.98	106.66	108.08	109.36	110.13	110.83	111.33	111.79	112.16	112.5	112.79	113.05	113.29	113.51	113.72	114.0314286
258.5	0	103.95	106.62	108.05	109.33	110.1	110.79	111.3	111.76	112.12	112.46	112.75	113.02	113.25	113.48	113.68	113.9971429
258.6	0	103.92	106.59	108.01	109.29	110.06	110.76	111.26	111.72	112.09	112.43	112.72	112.98	113.22	113.44	113.65	113.9614286
258.7	0	103.88	106.55	107.97	109.26	110.03	110.72	111.23	111.69	112.05	112.39	112.68	112.95	113.18	113.41	113.61	113.9271429
258.8	0	103.85	106.52	107.94	109.22	109.99	110.69	111.19	111.65	112.02	112.36	112.65	112.91	113.15	113.37	113.58	113.8914286
258.9	0	103.82	106.48	107.9	109.19	109.96	110.65	111.15	111.62	111.98	112.32	112.61	112.88	113.11	113.34	113.54	113.8571429
259	0	103.78	106.45	107.87	109.15	109.92	110.62	111.12	111.58	111.95	112.29	112.57	112.84	113.08	113.3	113.51	113.8214286
259.1	0	103.75	106.42	107.83	109.11	109.88	110.58	111.08	111.54	111.91	112.25	112.54	112.81	113.04	113.27	113.47	113.7871429
259.2	0	103.72	106.38	107.8	109.08	109.85	110.54	111.05	111.51	111.88	112.22	112.5	112.77	113.01	113.23	113.44	113.7514286
259.3	0	103.68	106.35	107.76	109.04	109.81	110.51	111.01	111.47	111.84	112.18	112.47	112.74	112.97	113.2	113.4	113.7171429
259.4	0	103.65	106.31	107.73	109.01	109.77	110.47	110.97	111.44	111.8	112.15	112.43	112.7	112.94	113.16	113.36	113.6785714
259.5	0	103.62	106.28	107.69	108.97	109.74	110.44	110.94	111.4	111.77	112.11	112.4	112.66	112.9	113.12	113.33	113.6414286
259.6	0	103.58	106.24	107.65	108.94	109.7	110.4	110.9	111.36	111.73	112.07	112.36	112.63	112.87	113.09	113.29	113.61
259.7	0	103.55	106.21	107.62	108.9	109.67	110.36	110.87	111.33	111.7	112.04	112.32	112.59	112.83	113.05	113.26	113.5714286
259.8	0	103.51	106.17	107.58	108.86	109.63	110.33	110.83	111.29	111.66	112	112.29	112.56	112.79	113.02	113.22	113.5371429
259.9	0	103.48	106.14	107.55	108.83	109.59	110.29	110.79	111.26	111.62	111.96	112.25	112.52	112.76	112.98	113.19	113.5057143
260	0	103.45	106.1	107.51	108.79	109.56	110.25	110.76	111.22	111.59	111.93	112.21	112.48	112.72	112.95	113.15	113.4657143
260.1	0	103.41	106.07	107.47	108.76	109.52	110.22	110.72	111.18	111.55	111.89	112.18	112.45	112.69	112.91	113.12	113.4357143
260.2	0	103.37	106.03	107.44	108.72	109.48	110.18	110.68	111.15	111.51	111.85	112.14	112.41	112.65	112.88	113.08	113.4
260.3	0	103.33	106	107.4	108.68	109.45	110.14	110.65	111.11	111.48	111.82	112.1	112.37	112.61	112.84	113.04	113.3557143
260.4	0	103.3	105.96	107.36	108.65	109.41	110.11	110.61	111.07	111.44	111.78	112.07	112.34	112.58	112.8	113.01	113.3257143
260.5	0	103.26	105.92	107.33	108.61	109.37	110.07	110.57	111.04	111.4	111.74	112.03	112.3	112.54	112.77	112.97	113.29
260.6	0	103.22	105.89	107.29	108.57	109.34	110.03	110.54	111	111.36	111.71	111.99	112.27	112.5	112.73	112.94	113.2557143
260.7	0	103.18	105.85	107.25	108.54	109.3	110	110.5	110.96	111.33	111.67	111.96	112.23	112.47	112.7	112.9	113.22
260.8	0	103.14	105.82	107.22	108.5	109.26	109.96	110.46	110.92	111.29	111.63	111.92	112.19	112.43	112.66	112.86	113.18
260.9	0	103.1	105.78	107.18	108.46	109.22	109.92	110.42	110.89	111.25	111.6	111.88	112.16	112.4	112.62	112.83	113.1485714
261	0	103.06	105.74	107.14	108.43	109.19	109.88	110.39	110.85	111.22	111.56	111.85	112.12	112.36	112.59	112.79	113.11
261.1	0	103.03	105.71	107.11	108.39	109.15	109.85	110.35	110.81	111.18	111.52	111.81	112.08	112.32	112.55	112.75	113.07
261.2	0	102.99	105.67	107.07	108.35	109.11	109.81	110.31	110.77	111.14	111.48	111.77	112.04	112.28	112.51	112.72	113.0357143
261.3	0	102.95	105.63	107.03	108.31	109.07	109.77	110.27	110.74	111.1	111.45	111.73	112.01	112.25	112.48	112.68	113.0028571
261.4	0	102.91	105.6	106.99	108.28	109.04	109.73	110.23	110.7	111.07	111.41	111.7	111.97	112.21	112.44	112.64	112.96
261.5	0	102.87	105.56	106.96	108.24	109	109.7	110.2	110.66	111.03	111.37	111.66	111.93	112.17	112.4	112.61	112.9257143
261.6	0	102.83	105.52	106.92	108.2	108.96	109.66	110.16	110.62	110.99	111.33	111.62	111.9	112.14	112.37	112.57	112.8942857
261.7	0	102.79	105.49	106.88	108.16	108.92	109.62	110.12	110.58	110.95	111.3	111.59	111.86	112.1	112.33	112.53	112.8528571
261.8	0	102.75	105.45	106.84	108.13	108.88	109.58	110.08	110.55	110.91	111.26	111.55	111.82	112.06	112.29	112.5	112.8185714
261.9	0	102.71	105.41	106.8	108.09	108.85	109.54	110.04	110.51	110.88	111.22	111.51	111.78	112.02	112.25	112.46	112.7757143
262	0	102.67	105.38	106.77	108.05	108.81	109.51	110.01	110.47	110.84	111.18	111.47	111.75	111.99	112.22	112.42	112.7442857
262.1	0	102.63	105.34	106.73	108.01	108.77	109.47	109.97	110.43	110.8	111.14	111.43	111.71	111.95	112.18	112.39	112.71
262.2	0	102.59	105.3	106.69	107.97	108.73	109.43	109.93	110.39	110.76	111.11	111.4	111.67	111.91	112.14	112.35	112.6685714
262.3	0	102.55	105.26	106.65	107.93	108.69	109.39	109.89	110.35	110.72	111.07	111.36	111.63	111.87	112.1	112.31	112.6285714
262.4	0	102.51	105.23	106.61	107.9	108.65	109.35	109.85	110.32	110.68	111.03	111.32	111.59	111.84	112.06	112.27	112.5914286
262.5	0	102.47	105.19	106.57	107.86	108.62	109.31	109.81	110.28	110.64	110.99	111.28	111.56	111.8	112.03	112.24	112.5628571
262.6	0	102.43	105.15	106.54	107.82	108.58	109.28	109.77	110.24	110.61	110.95	111.24	111.52	111.76	111.99	112.2	112.52
262.7	0	102.39	105.11	106.5	107.78	108.54	109.24	109.74	110.2	110.57	110.91	111.2	111.48	111.72	111.95	112.16	112.48
262.8	0	102.35	105.08	106.46	107.74	108.5	109.2	109.7	110.16	110.53	110.87	111.17	111.44	111.68	111.91	112.12	112.44
262.9	0	102.31	105.04	106.42	107.7	108.46	109.16	109.66	110.12	110.49	110.84	111.13	111.4	111.64	111.87	112.08	112.3985714
263	0	102.27	105	106.38	107.66	108.42	109.12	109.62	110.08	110.45	110.8	111.09	111.36	111.6	111.84	112.05	112.3685714
263.1	0	102.23	104.96	106.34	107.62	108.38	109.08	109.58	110.04	110.41	110.76	111.05	111.33	111.57	111.8	112.01	112.3328571
263.2	0	102.19	104.92	106.3	107.59	108.34	109.04	109.54	110	110.37	110.72	111.01	111.29	111.53	111.76	111.97	112.2928571
263.3	0	102.14	104.89	106.26	107.55	108.3	109	109.5	109.97	110.33	110.68	110.97	111.25	111.49	111.72	111.93	112.2528571
263.4	0	102.1	104.85	106.22	107.51	108.26	108.96	109.46	109.93	110.29	110.64	110.93	111.21	111.45	111.68	111.89	112.2128571
263.5	0	102.06	104.81	106.18	107.47	108.22	108.92	109.42	109.89	110.25	110.6	110.89	111.17	111.41	111.64	111.85	112.1728571
263.6	0	102.02	104.77	106.14	107.43	108.18	108.88	109.38	109.85	110.21	110.56	110.85	111.13	111.37	111.6	111.81	112.1328571
263.7	0	101.98	104.73	106.1	107.39	108.14	108.84	109.34	109.81	110.17	110.52	110.81	111.09	111.33	111.56	111.78	112.0985714
263.8	0	101.94	104.69	106.06	107.35	108.1	108.8	109.3	109.77	110.13	110.48	110.77	111.05	111.29	111.52	111.74	112.0585714
263.9	0	101.9	104.65	106.02	107.31	108.06	108.76	109.26	109.73	110.09	110.44	110.73	111.01	111.25	111.49	111.7	112.0228571
264	0	101.86	104.62	105.98	107.27	108.02	108.72	109.22	109.69	110.05	110.4	110.69	110.97	111.21	111.45	111.66	111.9828571
264.1	0	101.81	104.58	105.94	107.23	107.98	108.68	109.18	109.65	110.01	110.36	110.65	110.93	111.17	111.41	111.62	111.9428571
264.2	0	101.77	104.54	105.9	107.18	107.94	108.64	109.14	109.61	109.97	110.32	110.61	110.89	111.13	111.37	111.58	111.9028571
264.3	0	101.73	104.5	105.86	107.14	107.9	108.6	109.1	109.57	109.93	110.28	110.57	110.85	111.09	111.33	111.54	111.8628571
264.4	0	101.69	104.46	105.82	107.1	107.85	108.56	109.06	109.53	109.89	110.24	110.53	110.81	111.05	111.29	111.5	111.8228571
264.5	0	101.65	104.42	105.78	107.06	107.81	108.52	109.02	109.49	109.85	110.2	110.49	110.77	111.01	111.25	111.46	111.7828571
264.6	0	101.61	104.38	105.74	107.02	107.77	108.47	108.98	109.44	109.81	110.16	110.45	110.73	110.97	111.21	111.42	111.7428571
264.7	0	101.56	104.34	105.7	106.98	107.73	108.43	108.93	109.4	109.77	110.12	110.41	110.69	110.93	111.17	111.38	111.7028571
264.8	0	101.52	104.3	105.66	106.94	107.69	108.39	108.89	109.36	109.73	110.08	110.37	110.65	110.89	111.13	111.34	111.6628571
264.9	0	101.48	104.26	105.62	106.9	107.65	108.35	108.85	109.32	109.69	110.04	110.33	110.61	110.85	111.09	111.3	111.6228571
265	0	101.44	104.22	105.58	106.86	107.61	108.31	108.81	109.28	109.65	110	110.29	110.57	110.81	111.05	111.26	111.5828571
265.1	0	101.39	104.18	105.54	106.82	107.56	108.27	108.77	109.24	109.61	109.96	110.25	110.53	110.77	111.01	111.22	111.5428571
265.2	0	101.35	104.14	105.49	106.78	107.52	108.22	108.73	109.2	109.56	109.91	110.21	110.49	110.73	110.97	111.18	111.5071429
265.3	0	101.31	104.09	105.45	106.74	107.48	108.18	108.68	109.16	109.52	109.87	110.17	110.45	110.69	110.93	111.14	111.4671429
265.4	0	101.26	104.05	105.41	106.69	107.44	108.14	108.64	109.11	109.48	109.83	110.13	110.41	110.65	110.89	111.1	111.4271429
265.5	0	101.22	104.01	105.37	106.65	107.4	108.1	108.6	109.07	109.44	109.79	110.08	110.37	110.61	110.84	111.06	111.3828571
265.6	0	101.18	103.97	105.33	106.61	107.35	108.06	108.56	109.03	109.4	109.75	110.04	110.32	110.57	110.8	111.02	111.3414286
265.7	0	101.13	103.93	105.28	106.57	107.31	108.01	108.52	108.99	109.36	109.71	110	110.28	110.53	110.76	110.98	111.3014286
265.8	0	101.09	103.89	105.24	106.53	107.27	107.97	108.47	108.95	109.31	109.66	109.96	110.24	110.49	110.72	110.94	111.2657143
265.9	0	101.05	103.85	105.2	106.48	107.23	107.93	108.43	108.9	109.27	109.62	109.92	110.2	110.44	110.68	110.9	111.2228571
266	0	101	103.81	105.16	106.44	107.19	107.89	108.39	108.86	109.23	109.58	109.87	110.16	110.4	110.64	110.85	111.1771429
266.1	0	100.96	103.77	105.12	106.4	107.14	107.84	108.34	108.82	109.19	109.54	109.83	110.12	110.36	110.6	110.81	111.1371429
266.2	0	100.91	103.72	105.07	106.36	107.1	107.8	108.3	108.77	109.14	109.5	109.79	110.07	110.32	110.56	110.77	111.0985714
266.3	0	100.87	103.68	105.03	106.31	107.06	107.76	108.26	108.73	109.1	109.45	109.75	110.03	110.28	110.52	110.73	111.06
266.4	0	100.82	103.64	104.99	106.27	107.01	107.72	108.22	108.69	109.06	109.41	109.71	109.99	110.24	110.47	110.69	111.0157143
266.5	0	100.78	103.6	104.94	106.23	106.97	107.67	108.17	108.65	109.02	109.37	109.66	109.95	110.19	110.43	110.65	110.9728571
266.6	0	100.74	103.56	104.9	106.19	106.93	107.63	108.13	108.6	108.97	109.32	109.62	109.9	110.15	110.39	110.61	110.9357143
266.7	0	100.69	103.51	104.86	106.14	106.88	107.59	108.09	108.56	108.93	109.28	109.58	109.86	110.11	110.35	110.56	110.89
266.8	0	100.65	103.47	104.81	106.1	106.84	107.54	108.04	108.52	108.89	109.24	109.54	109.82	110.07	110.31	110.52	110.85
266.9	0	100.6	103.43	104.77	106.06	106.8	107.5	108	108.47	108.84	109.2	109.49	109.78	110.02	110.26	110.48	110.8057143
267	0	100.56	103.38	104.73	106.01	106.75	107.46	107.95	108.43	108.8	109.15	109.45	109.73	109.98	110.22	110.44	110.7657143
267.1	0	100.51	103.34	104.68	105.97	106.71	107.41	107.91	108.38	108.76	109.11	109.41	109.69	109.94	110.18	110.4	110.7257143
267.2	0	100.47	103.29	104.64	105.92	106.66	107.37	107.87	108.34	108.71	109.07	109.36	109.65	109.9	110.14	110.35	110.6828571
267.3	0	100.42	103.25	104.59	105.88	106.62	107.32	107.82	108.3	108.67	109.02	109.32	109.61	109.85	110.09	110.31	110.6371429
267.4	0	100.37	103.2	104.55	105.84	106.58	107.28	107.78	108.25	108.62	108.98	109.28	109.56	109.81	110.05	110.27	110.5985714
267.5	0	100.33	103.16	104.51	105.79	106.53	107.24	107.73	108.21	108.58	108.94	109.23	109.52	109.77	110.01	110.23	110.5585714
267.6	0	100.28	103.11	104.46	105.75	106.49	107.19	107.69	108.16	108.54	108.89	109.19	109.48	109.72	109.96	110.18	110.5071429
267.7	0	100.24	103.07	104.42	105.7	106.44	107.15	107.64	108.12	108.49	108.85	109.15	109.43	109.68	109.92	110.14	110.4685714
267.8	0	100.19	103.02	104.37	105.66	106.4	107.1	107.6	108.08	108.45	108.8	109.1	109.39	109.64	109.88	110.1	110.43
267.9	0	100.14	102.98	104.33	105.61	106.35	107.06	107.56	108.03	108.4	108.76	109.06	109.34	109.59	109.83	110.05	110.3785714
268	0	100.1	102.93	104.28	105.57	106.31	107.01	107.51	107.99	108.36	108.72	109.01	109.3	109.55	109.79	110.01	110.3385714
268.1	0	100.05	102.88	104.24	105.52	106.26	106.97	107.46	107.94	108.31	108.67	108.97	109.26	109.5	109.75	109.97	110.3
268.2	0	100	102.84	104.19	105.48	106.22	106.92	107.42	107.9	108.27	108.63	108.92	109.21	109.46	109.7	109.92	110.2485714
268.3	0	99.957	102.79	104.15	105.43	106.17	106.88	107.37	107.85	108.22	108.58	108.88	109.17	109.42	109.66	109.88	110.2128571
268.4	0	99.91	102.75	104.1	105.39	106.12	106.83	107.33	107.81	108.18	108.54	108.84	109.12	109.37	109.61	109.84	110.1642857
268.5	0	99.863	102.7	104.05	105.34	106.08	106.78	107.28	107.76	108.13	108.49	108.79	109.08	109.33	109.57	109.79	110.1228571
268.6	0	99.815	102.65	104.01	105.3	106.03	106.74	107.24	107.71	108.09	108.45	108.75	109.03	109.28	109.52	109.75	110.0742857
268.7	0	99.768	102.61	103.96	105.25	105.99	106.69	107.19	107.67	108.04	108.4	108.7	108.99	109.24	109.48	109.7	110.0328571
268.8	0	99.72	102.56	103.92	105.2	105.94	106.65	107.15	107.62	108	108.36	108.66	108.95	109.19	109.44	109.66	109.99
268.9	0	99.672	102.51	103.87	105.16	105.89	106.6	107.1	107.58	107.95	108.31	108.61	108.9	109.15	109.39	109.62	109.9485714
269	0	99.625	102.46	103.82	105.11	105.85	106.55	107.05	107.53	107.9	108.26	108.56	108.85	109.1	109.35	109.57	109.9028571
269.1	0	99.577	102.42	103.78	105.06	105.8	106.51	107.01	107.49	107.86	108.22	108.52	108.81	109.06	109.3	109.53	109.8585714
269.2	0	99.528	102.37	103.73	105.02	105.75	106.46	106.96	107.44	107.81	108.17	108.47	108.76	109.01	109.26	109.48	109.8128571
269.3	0	99.48	102.32	103.68	104.97	105.71	106.41	106.91	107.39	107.76	108.13	108.43	108.72	108.97	109.21	109.44	109.7714286
269.4	0	99.432	102.27	103.64	104.92	105.66	106.37	106.87	107.35	107.72	108.08	108.38	108.67	108.92	109.17	109.39	109.7228571
269.5	0	99.383	102.23	103.59	104.88	105.61	106.32	106.82	107.3	107.67	108.03	108.33	108.63	108.88	109.12	109.35	109.6828571
269.6	0	99.334	102.18	103.54	104.83	105.56	106.27	106.77	107.25	107.62	107.99	108.29	108.58	108.83	109.08	109.3	109.6357143
269.7	0	99.286	102.13	103.49	104.78	105.52	106.22	106.73	107.21	107.58	107.94	108.24	108.53	108.79	109.03	109.26	109.5914286
269.8	0	99.236	102.08	103.45	104.73	105.47	106.18	106.68	107.16	107.53	107.89	108.19	108.49	108.74	108.99	109.21	109.5471429
269.9	0	99.187	102.03	103.4	104.68	105.42	106.13	106.63	107.11	107.48	107.84	108.15	108.44	108.7	108.94	109.17	109.5057143
270	0	99.138	101.98	103.35	104.64	105.37	106.08	106.58	107.07	107.44	107.8	108.1	108.39	108.65	108.9	109.12	109.4557143
270.1	0	99.088	101.93	103.3	104.59	105.32	106.03	106.53	107.02	107.39	107.75	108.05	108.35	108.6	108.85	109.07	109.4071429
270.2	0	99.039	101.88	103.25	104.54	105.27	105.98	106.49	106.97	107.34	107.7	108.01	108.3	108.56	108.8	109.03	109.3657143
270.3	0	98.989	101.83	103.21	104.49	105.23	105.94	106.44	106.92	107.29	107.65	107.96	108.25	108.51	108.76	108.98	109.32
270.4	0	98.939	101.79	103.16	104.44	105.18	105.89	106.39	106.87	107.24	107.61	107.91	108.21	108.46	108.71	108.94	109.2757143
270.5	0	98.889	101.74	103.11	104.39	105.13	105.84	106.34	106.83	107.2	107.56	107.86	108.16	108.42	108.67	108.89	109.23
270.6	0	98.838	101.69	103.06	104.35	105.08	105.79	106.29	106.78	107.15	107.51	107.81	108.11	108.37	108.62	108.84	109.18
270.7	0	98.788	101.63	103.01	104.3	105.03	105.74	106.24	106.73	107.1	107.46	107.77	108.06	108.32	108.57	108.8	109.1357143
270.8	0	98.737	101.58	102.96	104.25	104.98	105.69	106.19	106.68	107.05	107.41	107.72	108.02	108.28	108.53	108.75	109.0942857
270.9	0	98.687	101.53	102.91	104.2	104.93	105.64	106.14	106.63	107	107.37	107.67	107.97	108.23	108.48	108.7	109.0428571
271	0	98.636	101.48	102.86	104.15	104.88	105.6	106.1	106.58	106.95	107.32	107.62	107.92	108.18	108.43	108.66	108.9985714
271.1	0	98.585	101.43	102.81	104.1	104.83	105.55	106.05	106.53	106.9	107.27	107.57	107.87	108.13	108.39	108.61	108.9528571
271.2	0	98.534	101.38	102.76	104.05	104.78	105.5	106	106.48	106.86	107.22	107.53	107.82	108.08	108.34	108.56	108.9
271.3	0	98.482	101.33	102.71	104	104.73	105.45	105.95	106.43	106.81	107.17	107.48	107.78	108.04	108.29	108.52	108.86
271.4	0	98.431	101.28	102.66	103.95	104.68	105.4	105.9	106.38	106.76	107.12	107.43	107.73	107.99	108.24	108.47	108.81
271.5	0	98.379	101.23	102.61	103.9	104.63	105.35	105.85	106.33	106.71	107.07	107.38	107.68	107.94	108.19	108.42	108.76
271.6	0	98.327	101.18	102.56	103.85	104.58	105.3	105.8	106.28	106.66	107.02	107.33	107.63	107.89	108.15	108.37	108.7142857
271.7	0	98.275	101.12	102.51	103.8	104.53	105.25	105.74	106.23	106.61	106.97	107.28	107.58	107.84	108.1	108.32	108.6642857
271.8	0	98.223	101.07	102.46	103.75	104.48	105.19	105.69	106.18	106.56	106.92	107.23	107.53	107.79	108.05	108.28	108.62
271.9	0	98.17	101.02	102.41	103.7	104.43	105.14	105.64	106.13	106.51	106.87	107.18	107.48	107.74	108	108.23	108.57
272	0	98.117	100.97	102.36	103.64	104.38	105.09	105.59	106.08	106.46	106.82	107.13	107.43	107.7	107.95	108.18	108.5228571
272.1	0	98.064	100.91	102.3	103.59	104.32	105.04	105.54	106.03	106.41	106.77	107.08	107.38	107.65	107.9	108.13	108.4728571
272.2	0	98.011	100.86	102.25	103.54	104.27	104.99	105.49	105.98	106.36	106.72	107.03	107.33	107.6	107.85	108.08	108.4228571
272.3	0	97.958	100.81	102.2	103.49	104.22	104.94	105.44	105.93	106.31	106.67	106.98	107.28	107.55	107.8	108.03	108.3728571
272.4	0	97.904	100.76	102.15	103.44	104.17	104.89	105.39	105.87	106.25	106.62	106.93	107.23	107.5	107.76	107.99	108.3357143
272.5	0	97.85	100.7	102.1	103.38	104.12	104.83	105.33	105.82	106.2	106.57	106.88	107.18	107.45	107.71	107.94	108.2857143
272.6	0	97.796	100.65	102.04	103.33	104.06	104.78	105.28	105.77	106.15	106.52	106.83	107.13	107.4	107.66	107.89	108.2357143
272.7	0	97.742	100.6	101.99	103.28	104.01	104.73	105.23	105.72	106.1	106.47	106.78	107.08	107.35	107.61	107.84	108.1857143
272.8	0	97.688	100.54	101.94	103.22	103.96	104.68	105.18	105.67	106.05	106.42	106.73	107.03	107.3	107.56	107.79	108.1357143
272.9	0	97.633	100.49	101.88	103.17	103.9	104.62	105.12	105.61	106	106.37	106.68	106.98	107.25	107.51	107.74	108.0857143
273	0	97.579	100.43	101.83	103.11	103.85	104.57	105.07	105.56	105.94	106.32	106.63	106.93	107.2	107.46	107.69	108.0385714
273.1	0	97.524	100.38	101.78	103.06	103.8	104.52	105.02	105.51	105.89	106.27	106.58	106.88	107.15	107.41	107.64	107.9885714
273.2	0	97.469	100.33	101.72	103.01	103.74	104.46	104.97	105.46	105.84	106.21	106.52	106.83	107.09	107.36	107.59	107.9371429
273.3	0	97.414	100.27	101.67	102.95	103.69	104.41	104.91	105.4	105.79	106.16	106.47	106.78	107.04	107.3	107.54	107.8828571
273.4	0	97.359	100.22	101.62	102.9	103.64	104.36	104.86	105.35	105.73	106.11	106.42	106.73	106.99	107.25	107.49	107.8357143
273.5	0	97.303	100.16	101.56	102.84	103.58	104.3	104.81	105.3	105.68	106.06	106.37	106.67	106.94	107.2	107.44	107.7842857
273.6	0	97.248	100.11	101.51	102.78	103.53	104.25	104.75	105.25	105.63	106.01	106.32	106.62	106.89	107.15	107.39	107.7342857
273.7	0	97.192	100.05	101.45	102.73	103.47	104.2	104.7	105.19	105.57	105.95	106.26	106.57	106.84	107.1	107.34	107.6885714
273.8	0	97.136	99.996	101.4	102.67	103.42	104.14	104.64	105.14	105.52	105.9	106.21	106.52	106.79	107.05	107.28	107.6328571
273.9	0	97.08	99.94	101.34	102.62	103.36	104.09	104.59	105.08	105.47	105.85	106.16	106.47	106.73	107	107.23	107.58
274	0	97.024	99.884	101.29	102.56	103.31	104.03	104.54	105.03	105.41	105.79	106.1	106.41	106.68	106.95	107.18	107.5328571
274.1	0	96.967	99.827	101.23	102.5	103.25	103.98	104.48	104.98	105.36	105.74	106.05	106.36	106.63	106.89	107.13	107.4785714
274.2	0	96.911	99.771	101.18	102.45	103.2	103.92	104.43	104.92	105.31	105.68	106	106.31	106.58	106.84	107.08	107.43
274.3	0	96.854	99.714	101.12	102.39	103.14	103.87	104.37	104.87	105.25	105.63	105.94	106.25	106.52	106.79	107.03	107.3785714
274.4	0	96.797	99.657	101.07	102.33	103.09	103.81	104.32	104.81	105.2	105.58	105.89	106.2	106.47	106.74	106.97	107.3228571
274.5	0	96.739	99.599	101.01	102.28	103.03	103.75	104.26	104.76	105.14	105.52	105.84	106.15	106.42	106.68	106.92	107.2728571
274.6	0	96.682	99.542	100.95	102.22	102.97	103.7	104.2	104.7	105.09	105.47	105.78	106.09	106.36	106.63	106.87	107.2185714
274.7	0	96.624	99.484	100.9	102.16	102.92	103.64	104.15	104.65	105.03	105.41	105.73	106.04	106.31	106.58	106.82	107.1728571
274.8	0	96.566	99.426	100.84	102.1	102.86	103.59	104.09	104.59	104.98	105.36	105.67	105.98	106.26	106.53	106.76	107.1157143
274.9	0	96.508	99.367	100.78	102.05	102.8	103.53	104.04	104.54	104.92	105.3	105.62	105.93	106.2	106.47	106.71	107.0628571
275	0	96.45	99.309	100.73	101.99	102.74	103.47	103.98	104.48	104.87	105.25	105.56	105.88	106.15	106.42	106.66	107.0128571
275.1	0	96.391	99.25	100.67	101.93	102.69	103.42	103.92	104.42	104.81	105.19	105.51	105.82	106.1	106.36	106.61	106.9614286
275.2	0	96.332	99.191	100.61	101.87	102.63	103.36	103.87	104.37	104.75	105.14	105.45	105.77	106.04	106.31	106.55	106.9057143
275.3	0	96.273	99.131	100.55	101.81	102.57	103.3	103.81	104.31	104.7	105.08	105.4	105.71	105.99	106.26	106.5	106.8557143
275.4	0	96.213	99.072	100.49	101.75	102.51	103.24	103.75	104.25	104.64	105.03	105.34	105.66	105.93	106.2	106.44	106.7957143
275.5	0	96.154	99.012	100.43	101.69	102.46	103.18	103.69	104.2	104.58	104.97	105.29	105.6	105.88	106.15	106.39	106.7485714
275.6	0	96.094	98.952	100.38	101.63	102.4	103.13	103.64	104.14	104.53	104.91	105.23	105.55	105.82	106.09	106.34	106.6928571
275.7	0	96.034	98.891	100.32	101.57	102.34	103.07	103.58	104.08	104.47	104.86	105.18	105.49	105.77	106.04	106.28	106.6385714
275.8	0	95.973	98.831	100.26	101.51	102.28	103.01	103.52	104.02	104.41	104.8	105.12	105.44	105.71	105.98	106.23	106.5857143
275.9	0	95.913	98.77	100.2	101.45	102.22	102.95	103.46	103.96	104.36	104.74	105.06	105.38	105.66	105.93	106.17	106.53
276	0	95.852	98.709	100.14	101.39	102.16	102.89	103.4	103.91	104.3	104.68	105.01	105.32	105.6	105.87	106.12	106.4757143
276.1	0	95.791	98.648	100.08	101.33	102.1	102.83	103.34	103.85	104.24	104.63	104.95	105.27	105.54	105.82	106.06	106.42
276.2	0	95.729	98.586	100.02	101.27	102.04	102.77	103.28	103.79	104.18	104.57	104.89	105.21	105.49	105.76	106.01	106.3685714
276.3	0	95.667	98.525	99.956	101.21	101.98	102.71	103.22	103.73	104.12	104.51	104.83	105.15	105.43	105.71	105.95	106.3128571
276.4	0	95.605	98.463	99.896	101.15	101.92	102.65	103.16	103.67	104.06	104.45	104.78	105.1	105.38	105.65	105.89	106.2571429
276.5	0	95.543	98.401	99.834	101.09	101.86	102.59	103.1	103.61	104.01	104.4	104.72	105.04	105.32	105.59	105.84	106.1985714
276.6	0	95.481	98.338	99.773	101.02	101.8	102.53	103.04	103.55	103.95	104.34	104.66	104.98	105.26	105.54	105.78	106.1428571
276.7	0	95.418	98.276	99.711	100.96	101.74	102.47	102.98	103.49	103.89	104.28	104.6	104.93	105.21	105.48	105.73	106.0928571
276.8	0	95.355	98.213	99.65	100.9	101.68	102.4	102.92	103.43	103.83	104.22	104.54	104.87	105.15	105.42	105.67	106.0328571
276.9	0	95.291	98.149	99.588	100.84	101.62	102.34	102.86	103.37	103.77	104.16	104.49	104.81	105.09	105.37	105.61	105.9771429
277	0	95.228	98.086	99.525	100.77	101.55	102.28	102.8	103.31	103.71	104.1	104.43	104.75	105.03	105.31	105.56	105.9228571
277.1	0	95.163	98.022	99.463	100.71	101.49	102.22	102.74	103.25	103.65	104.04	104.37	104.69	104.97	105.25	105.5	105.8628571
277.2	0	95.099	97.958	99.4	100.65	101.43	102.16	102.68	103.19	103.59	103.98	104.31	104.63	104.92	105.19	105.44	105.8057143
277.3	0	95.035	97.894	99.337	100.58	101.37	102.09	102.62	103.13	103.53	103.92	104.25	104.58	104.86	105.14	105.39	105.7571429
277.4	0	94.97	97.829	99.273	100.52	101.3	102.03	102.56	103.07	103.46	103.86	104.19	104.52	104.8	105.08	105.33	105.7
277.5	0	94.904	97.765	99.209	100.45	101.24	101.97	102.49	103	103.4	103.8	104.13	104.46	104.74	105.02	105.27	105.64
277.6	0	94.839	97.699	99.145	100.39	101.18	101.91	102.43	102.94	103.34	103.74	104.07	104.4	104.68	104.96	105.21	105.58
277.7	0	94.773	97.634	99.081	100.32	101.11	101.84	102.37	102.88	103.28	103.68	104.01	104.34	104.62	104.9	105.15	105.52
277.8	0	94.707	97.568	99.017	100.26	101.05	101.78	102.31	102.82	103.22	103.62	103.95	104.28	104.56	104.84	105.1	105.4657143
277.9	0	94.641	97.503	98.952	100.19	100.98	101.71	102.24	102.75	103.16	103.56	103.89	104.22	104.5	104.78	105.04	105.4057143
278	0	94.574	97.436	98.887	100.13	100.92	101.65	102.18	102.69	103.09	103.49	103.83	104.16	104.44	104.73	104.98	105.3542857
278.1	0	94.507	97.37	98.821	100.06	100.86	101.59	102.12	102.63	103.03	103.43	103.76	104.1	104.38	104.67	104.92	105.2942857
278.2	0	94.44	97.303	98.756	99.993	100.79	101.52	102.05	102.56	102.97	103.37	103.7	104.03	104.32	104.61	104.86	105.2328571
278.3	0	94.372	97.236	98.69	99.926	100.72	101.46	101.99	102.5	102.91	103.31	103.64	103.97	104.26	104.55	104.8	105.1728571
278.4	0	94.305	97.169	98.624	99.859	100.66	101.39	101.92	102.44	102.84	103.24	103.58	103.91	104.2	104.49	104.74	105.1171429
278.5	0	94.237	97.101	98.557	99.792	100.59	101.33	101.86	102.37	102.78	103.18	103.52	103.85	104.14	104.43	104.68	105.0571429
278.6	0	94.168	97.033	98.49	99.724	100.53	101.26	101.79	102.31	102.71	103.12	103.45	103.79	104.08	104.36	104.62	104.9957143
278.7	0	94.099	96.965	98.423	99.656	100.46	101.19	101.73	102.24	102.65	103.05	103.39	103.73	104.02	104.3	104.56	104.9371429
278.8	0	94.03	96.896	98.356	99.587	100.39	101.13	101.66	102.18	102.59	102.99	103.33	103.66	103.95	104.24	104.5	104.8728571
278.9	0	93.961	96.827	98.288	99.519	100.33	101.06	101.6	102.11	102.52	102.93	103.26	103.6	103.89	104.18	104.44	104.8157143
279	0	93.891	96.757	98.22	99.45	100.26	100.99	101.53	102.05	102.46	102.86	103.2	103.54	103.83	104.12	104.38	104.7571429
279.1	0	93.821	96.688	98.151	99.38	100.19	100.92	101.46	101.98	102.39	102.8	103.14	103.47	103.77	104.06	104.32	104.6985714
279.2	0	93.751	96.617	98.082	99.311	100.12	100.86	101.4	101.91	102.33	102.73	103.07	103.41	103.7	104	104.26	104.6371429
279.3	0	93.68	96.547	98.013	99.241	100.05	100.79	101.33	101.85	102.26	102.67	103.01	103.35	103.64	103.93	104.19	104.57
279.4	0	93.609	96.476	97.943	99.17	99.984	100.72	101.26	101.78	102.19	102.6	102.94	103.28	103.58	103.87	104.13	104.5128571
279.5	0	93.538	96.405	97.873	99.099	99.915	100.65	101.19	101.71	102.13	102.54	102.88	103.22	103.51	103.81	104.07	104.45
279.6	0	93.466	96.333	97.803	99.028	99.845	100.58	101.12	101.64	102.06	102.47	102.81	103.15	103.45	103.75	104.01	104.3928571
279.7	0	93.393	96.26	97.732	98.957	99.775	100.51	101.06	101.58	101.99	102.4	102.75	103.09	103.39	103.68	103.94	104.3271429
279.8	0	93.32	96.188	97.661	98.885	99.705	100.44	100.99	101.51	101.93	102.34	102.68	103.02	103.32	103.62	103.88	104.2628571
279.9	0	93.247	96.115	97.59	98.813	99.634	100.37	100.92	101.44	101.86	102.27	102.61	102.96	103.26	103.56	103.82	104.2071429
280	0	93.174	96.041	97.518	98.74	99.563	100.3	100.85	101.37	101.79	102.2	102.55	102.89	103.19	103.49	103.75	104.1371429
280.1	0	93.099	95.967	97.445	98.668	99.492	100.23	100.78	101.3	101.72	102.14	102.48	102.83	103.13	103.43	103.69	104.08
280.2	0	93.025	95.893	97.373	98.594	99.42	100.16	100.71	101.23	101.65	102.07	102.42	102.76	103.06	103.36	103.63	104.0157143
280.3	0	92.95	95.818	97.3	98.521	99.348	100.09	100.64	101.16	101.59	102	102.35	102.69	103	103.3	103.56	103.95
280.4	0	92.874	95.743	97.226	98.447	99.275	100.01	100.57	101.09	101.52	101.93	102.28	102.63	102.93	103.23	103.5	103.8871429
280.5	0	92.798	95.667	97.152	98.373	99.203	99.941	100.5	101.02	101.45	101.86	102.21	102.56	102.86	103.17	103.43	103.8214286
280.6	0	92.722	95.591	97.078	98.298	99.13	99.868	100.42	100.95	101.38	101.79	102.14	102.49	102.8	103.1	103.37	103.76
280.7	0	92.645	95.515	97.003	98.223	99.056	99.795	100.35	100.88	101.31	101.72	102.08	102.42	102.73	103.03	103.3	103.69
280.8	0	92.568	95.438	96.928	98.148	98.982	99.722	100.28	100.81	101.24	101.65	102.01	102.36	102.66	102.97	103.24	103.6314286
280.9	0	92.49	95.36	96.853	98.072	98.908	99.648	100.21	100.74	101.17	101.58	101.94	102.29	102.6	102.9	103.17	103.5642857
281	0	92.412	95.282	96.777	97.996	98.834	99.574	100.13	100.66	101.1	101.51	101.87	102.22	102.53	102.83	103.11	103.37
281.1	0	92.333	95.203	96.7	97.92	98.759	99.499	100.06	100.59	101.02	101.44	101.8	102.15	102.46	102.77	103.04	103.31
281.2	0	92.253	95.124	96.623	97.843	98.683	99.424	99.988	100.52	100.95	101.37	101.73	102.08	102.39	102.7	102.97	103.24
281.3	0	92.173	95.044	96.546	97.766	98.608	99.349	99.913	100.44	100.88	101.3	101.66	102.01	102.32	102.63	102.9	103.18
281.4	0	92.093	94.964	96.468	97.688	98.532	99.273	99.839	100.37	100.81	101.23	101.59	101.94	102.25	102.56	102.84	103.11
281.5	0	92.011	94.883	96.389	97.61	98.455	99.197	99.764	100.3	100.73	101.16	101.52	101.87	102.19	102.49	102.77	103.04
281.6	0	91.93	94.802	96.31	97.531	98.379	99.121	99.689	100.22	100.66	101.09	101.45	101.8	102.12	102.43	102.7	102.98
281.7	0	91.847	94.721	96.231	97.452	98.301	99.044	99.613	100.15	100.59	101.01	101.38	101.73	102.05	102.36	102.63	102.91
281.8	0	91.764	94.638	96.151	97.373	98.224	98.967	99.537	100.07	100.51	100.94	101.3	101.66	101.98	102.29	102.57	102.84
281.9	0	91.68	94.556	96.071	97.293	98.146	98.889	99.461	99.996	100.44	100.87	101.23	101.59	101.9	102.22	102.5	102.77
282	0	91.596	94.472	95.99	97.213	98.067	98.811	99.384	99.92	100.36	100.79	101.16	101.52	101.83	102.15	102.43	102.7
282.1	0	91.511	94.388	95.908	97.132	97.988	98.732	99.307	99.843	100.29	100.72	101.09	101.45	101.76	102.08	102.36	102.64
282.2	0	91.426	94.304	95.826	97.05	97.909	98.654	99.229	99.766	100.21	100.64	101.01	101.37	101.69	102.01	102.29	102.57
282.3	0	91.339	94.219	95.743	96.968	97.829	98.574	99.151	99.689	100.14	100.57	100.94	101.3	101.62	101.93	102.22	102.5
282.4	0	91.252	94.133	95.66	96.885	97.748	98.494	99.073	99.611	100.06	100.49	100.86	101.23	101.55	101.86	102.15	102.43
282.5	0	91.164	94.047	95.576	96.802	97.667	98.414	98.994	99.533	99.984	100.42	100.79	101.15	101.47	101.79	102.08	102.36
282.6	0	91.076	93.96	95.492	96.718	97.586	98.333	98.915	99.455	99.907	100.34	100.72	101.08	101.4	101.72	102.01	102.29
282.7	0	90.987	93.872	95.407	96.634	97.503	98.252	98.835	99.376	99.83	100.27	100.64	101.01	101.33	101.65	101.94	102.22
282.8	0	90.896	93.784	95.321	96.548	97.421	98.17	98.755	99.297	99.752	100.19	100.56	100.93	101.26	101.57	101.86	102.15
282.9	0	90.805	93.694	95.235	96.463	97.337	98.087	98.674	99.217	99.673	100.11	100.49	100.86	101.18	101.5	101.79	102.08
283	0	90.713	93.604	95.148	96.376	97.253	98.004	98.593	99.137	99.594	100.03	100.41	100.78	101.11	101.43	101.72	102.01
283.1	0	90.62	93.514	95.06	96.289	97.168	97.92	98.511	99.056	99.515	99.955	100.34	100.71	101.03	101.35	101.65	101.94
283.2	0	90.526	93.422	94.971	96.201	97.083	97.836	98.429	98.975	99.436	99.877	100.26	100.63	100.96	101.28	101.57	101.86
283.3	0	90.431	93.329	94.882	96.112	96.997	97.751	98.346	98.894	99.356	99.798	100.18	100.55	100.88	101.2	101.5	101.79
283.4	0	90.335	93.236	94.791	96.023	96.91	97.665	98.263	98.812	99.275	99.718	100.1	100.48	100.81	101.13	101.43	101.72
283.5	0	90.237	93.141	94.7	95.932	96.823	97.579	98.179	98.729	99.194	99.638	100.02	100.4	100.73	101.05	101.35	101.65
283.6	0	90.139	93.045	94.608	95.841	96.735	97.492	98.094	98.647	99.113	99.558	99.944	100.32	100.65	100.98	101.28	101.57
283.7	0	90.039	92.949	94.515	95.749	96.646	97.405	98.009	98.563	99.031	99.478	99.865	100.24	100.58	100.9	101.2	101.5
283.8	0	89.937	92.851	94.421	95.657	96.556	97.317	97.923	98.479	98.948	99.396	99.785	100.16	100.5	100.83	101.13	101.42
283.9	0	89.835	92.752	94.327	95.563	96.466	97.228	97.837	98.394	98.866	99.315	99.704	100.08	100.42	100.75	101.05	101.35
284	0	89.731	92.652	94.231	95.469	96.375	97.139	97.75	98.309	98.782	99.233	99.623	100	100.34	100.67	100.98	101.28
284.1	0	89.625	92.55	94.134	95.373	96.283	97.049	97.662	98.223	98.698	99.15	99.542	99.923	100.26	100.59	100.9	101.2
284.2	0	89.518	92.448	94.036	95.277	96.19	96.958	97.574	98.137	98.614	99.067	99.46	99.842	100.18	100.52	100.82	101.12
284.3	0	89.409	92.343	93.937	95.18	96.097	96.866	97.485	98.05	98.529	98.983	99.378	99.761	100.11	100.44	100.75	101.05
284.4	0	89.298	92.238	93.836	95.082	96.002	96.774	97.395	97.962	98.443	98.899	99.295	99.679	100.02	100.36	100.67	100.97
284.5	0	89.185	92.13	93.735	94.982	95.907	96.681	97.305	97.874	98.357	98.814	99.211	99.597	99.944	100.28	100.59	100.9
284.6	0	89.071	92.021	93.632	94.882	95.811	96.587	97.214	97.785	98.27	98.729	99.128	99.514	99.863	100.2	100.51	100.82
284.7	0	88.954	91.911	93.527	94.78	95.713	96.492	97.122	97.695	98.182	98.643	99.043	99.431	99.781	100.12	100.43	100.74
284.8	0	88.835	91.799	93.421	94.677	95.615	96.396	97.029	97.604	98.094	98.556	98.958	99.347	99.699	100.04	100.35	100.66
284.9	0	88.714	91.684	93.314	94.573	95.516	96.299	96.936	97.513	98.005	98.469	98.873	99.263	99.617	99.96	100.27	100.58
285	0	88.59	91.568	93.205	94.468	95.415	96.202	96.841	97.421	97.915	98.381	98.787	99.178	99.534	99.878	100.19	100.5
285.1	0	88.464	91.45	93.094	94.361	95.314	96.103	96.746	97.328	97.825	98.293	98.701	99.093	99.45	99.796	100.11	100.42
285.2	0	88.335	91.329	92.982	94.253	95.211	96.003	96.65	97.235	97.734	98.204	98.614	99.008	99.366	99.714	100.03	100.34
285.3	0	88.203	91.206	92.867	94.143	95.107	95.903	96.553	97.14	97.642	98.114	98.526	98.922	99.282	99.631	99.951	100.26
285.4	0	88.069	91.081	92.751	94.031	95.001	95.801	96.455	97.045	97.55	98.023	98.438	98.835	99.197	99.547	99.869	100.18
285.5	0	87.931	90.953	92.632	93.918	94.894	95.697	96.356	96.949	97.456	97.932	98.349	98.748	99.111	99.463	99.786	100.1
285.6	0	87.79	90.823	92.512	93.803	94.786	95.593	96.256	96.852	97.362	97.84	98.26	98.66	99.025	99.379	99.703	100.02
285.7	0	87.646	90.689	92.388	93.686	94.676	95.487	96.154	96.753	97.267	97.748	98.169	98.572	98.938	99.294	99.619	99.937
285.8	0	87.498	90.553	92.263	93.567	94.564	95.38	96.052	96.654	97.171	97.654	98.079	98.483	98.851	99.208	99.535	99.854
285.9	0	87.347	90.413	92.135	93.446	94.451	95.272	95.948	96.554	97.075	97.56	97.987	98.394	98.764	99.122	99.45	99.77
286	0	87.192	90.27	92.004	93.322	94.336	95.162	95.843	96.453	96.977	97.465	97.895	98.304	98.675	99.035	99.365	99.686
286.1	0	87.033	90.124	91.87	93.196	94.219	95.05	95.737	96.351	96.878	97.369	97.802	98.213	98.586	98.948	99.279	99.602
286.2	0	86.869	89.974	91.733	93.068	94.099	94.937	95.629	96.247	96.779	97.273	97.708	98.121	98.497	98.86	99.193	99.517
286.3	0	86.702	89.821	91.593	92.937	93.978	94.822	95.52	96.142	96.678	97.175	97.613	98.029	98.406	98.771	99.106	99.431
286.4	0	86.53	89.664	91.45	92.803	93.855	94.705	95.409	96.036	96.576	97.076	97.518	97.936	98.316	98.682	99.018	99.345
286.5	0	86.353	89.503	91.303	92.666	93.728	94.586	95.297	95.928	96.473	96.977	97.421	97.843	98.224	98.592	98.93	99.258
286.6	0	86.172	89.338	91.153	92.526	93.6	94.465	95.183	95.819	96.369	96.876	97.324	97.748	98.132	98.501	98.841	99.171
286.7	0	85.986	89.169	91	92.383	93.469	94.342	95.067	95.709	96.263	96.775	97.226	97.653	98.039	98.41	98.752	99.084
286.8	0	85.794	88.996	90.842	92.237	93.335	94.216	94.949	95.596	96.156	96.672	97.127	97.557	97.945	98.318	98.662	98.996
286.9	0	85.597	88.818	90.681	92.088	93.198	94.088	94.829	95.482	96.048	96.568	97.027	97.46	97.851	98.225	98.572	98.907
287	0	85.394	88.635	90.516	91.934	93.057	93.958	94.707	95.367	95.938	96.463	96.925	97.362	97.755	98.132	98.48	98.818
287.1	0	85.185	88.447	90.347	91.777	92.914	93.824	94.583	95.249	95.826	96.356	96.823	97.263	97.659	98.038	98.389	98.728
287.2	0	84.971	88.254	90.173	91.617	92.768	93.688	94.457	95.13	95.713	96.248	96.72	97.163	97.562	97.943	98.296	98.638
287.3	0	84.75	88.056	89.994	91.452	92.618	93.549	94.328	95.008	95.599	96.139	96.615	97.062	97.464	97.848	98.203	98.547
287.4	0	84.523	87.852	89.811	91.283	92.464	93.406	94.196	94.885	95.482	96.028	96.509	96.96	97.365	97.751	98.109	98.455
287.5	0	84.289	87.642	89.623	91.11	92.306	93.261	94.061	94.759	95.364	95.915	96.401	96.856	97.265	97.654	98.015	98.363
287.6	0	84.049	87.427	89.43	90.932	92.145	93.112	93.924	94.63	95.243	95.801	96.292	96.752	97.164	97.556	97.919	98.27
287.7	0	83.802	87.205	89.232	90.749	91.98	92.959	93.783	94.499	95.12	95.685	96.182	96.646	97.062	97.457	97.823	98.176
287.8	0	83.547	86.977	89.028	90.562	91.81	92.803	93.64	94.366	94.996	95.567	96.07	96.539	96.959	97.357	97.726	98.081
287.9	0	83.286	86.742	88.819	90.37	91.636	92.643	93.493	94.229	94.868	95.447	95.956	96.43	96.855	97.256	97.628	97.986
288	0	83.017	86.501	88.603	90.172	91.458	92.479	93.343	94.09	94.739	95.325	95.841	96.32	96.749	97.154	97.529	97.89
288.1	0	82.741	86.253	88.382	89.97	91.275	92.311	93.189	93.948	94.607	95.201	95.723	96.208	96.642	97.051	97.429	97.793
288.2	0	82.457	85.998	88.155	89.761	91.087	92.138	93.031	93.802	94.472	95.074	95.604	96.094	96.534	96.946	97.328	97.695
288.3	0	82.166	85.736	87.921	89.547	90.895	91.962	92.87	93.653	94.334	94.945	95.483	95.979	96.424	96.841	97.227	97.597
288.4	0	81.867	85.466	87.681	89.328	90.697	91.781	92.705	93.501	94.193	94.814	95.359	95.862	96.313	96.734	97.124	97.497
288.5	0	81.559	85.19	87.434	89.102	90.494	91.595	92.535	93.345	94.049	94.68	95.234	95.743	96.2	96.626	97.019	97.396
288.6	0	81.244	84.905	87.18	88.87	90.285	91.405	92.362	93.185	93.902	94.543	95.105	95.622	96.085	96.517	96.914	97.295
288.7	0	80.92	84.613	86.919	88.632	90.071	91.209	92.184	93.022	93.751	94.403	94.975	95.499	95.969	96.406	96.808	97.192
288.8	0	80.588	84.312	86.651	88.387	89.851	91.009	92.002	92.854	93.597	94.26	94.842	95.374	95.851	96.293	96.7	97.088
288.9	0	80.248	84.004	86.376	88.135	89.625	90.803	91.814	92.682	93.439	94.114	94.706	95.246	95.73	96.179	96.59	96.982
289	0	79.899	83.688	86.093	87.877	89.393	90.591	91.622	92.506	93.278	93.964	94.567	95.116	95.608	96.063	96.48	96.876
289.1	0	79.541	83.364	85.803	87.612	89.154	90.374	91.425	92.326	93.112	93.811	94.425	94.983	95.484	95.945	96.367	96.768
289.2	0	79.174	83.031	85.505	87.34	88.909	90.151	91.223	92.14	92.943	93.655	94.28	94.848	95.357	95.826	96.253	96.658
289.3	0	78.799	82.69	85.2	87.06	88.658	89.921	91.015	91.95	92.769	93.495	94.132	94.71	95.227	95.704	96.138	96.548
289.4	0	78.414	82.341	84.886	86.773	88.399	89.686	90.802	91.755	92.591	93.33	93.98	94.568	95.096	95.58	96.02	96.435
289.5	0	78.02	81.983	84.565	86.478	88.134	89.444	90.583	91.555	92.408	93.162	93.825	94.424	94.961	95.454	95.901	96.321
289.6	0	77.618	81.617	84.235	86.176	87.862	89.196	90.358	91.35	92.221	92.99	93.666	94.277	94.824	95.325	95.779	96.205
289.7	0	77.158	81.242	83.897	85.866	87.582	88.94	90.127	91.139	92.028	92.814	93.504	94.126	94.684	95.194	95.656	96.088
289.8	0	76.683	80.858	83.551	85.549	87.296	88.679	89.89	90.923	91.831	92.633	93.337	93.971	94.54	95.061	95.53	95.968
289.9	0	76.199	80.465	83.197	85.223	87.002	88.41	89.646	90.7	91.629	92.447	93.167	93.813	94.394	94.924	95.402	95.847
290	0	75.707	80.063	82.834	84.889	86.7	88.134	89.396	90.472	91.421	92.257	92.992	93.652	94.244	94.785	95.271	95.723
290.1	0	75.206	79.653	82.462	84.548	86.391	87.851	89.14	90.238	91.208	92.062	92.813	93.486	94.091	94.642	95.138	95.598
290.2	0	74.698	79.234	82.082	84.198	86.074	87.561	88.876	89.998	90.99	91.862	92.63	93.317	93.934	94.497	95.002	95.47
290.3	0	74.183	78.806	81.694	83.84	85.75	87.263	88.606	89.752	90.765	91.657	92.442	93.144	93.774	94.348	94.863	95.339
290.4	0	73.659	78.369	81.296	83.473	85.418	86.959	88.329	89.499	90.535	91.446	92.249	92.966	93.61	94.196	94.722	95.206
290.5	0	73.129	77.924	80.89	83.098	85.078	86.646	88.045	89.239	90.299	91.23	92.052	92.784	93.442	94.04	94.577	95.071
290.6	0	72.592	77.467	80.475	82.715	84.73	86.327	87.753	88.973	90.057	91.008	91.849	92.598	93.27	93.881	94.429	94.932
290.7	0	72.048	76.985	80.052	82.323	84.374	85.999	87.455	88.7	89.808	90.78	91.641	92.407	93.094	93.718	94.278	94.791
290.8	0	71.498	76.496	79.621	81.922	84.009	85.664	87.149	88.42	89.553	90.547	91.428	92.211	92.914	93.552	94.123	94.647
290.9	0	70.942	75.998	79.182	81.513	83.637	85.321	86.836	88.133	89.292	90.307	91.209	92.01	92.729	93.381	93.965	94.499
291	0	70.38	75.494	78.735	81.096	83.256	84.97	86.516	87.84	89.024	90.061	90.985	91.805	92.54	93.206	93.803	94.349
291.1	0	69.812	74.981	78.28	80.671	82.867	84.612	86.188	87.539	88.749	89.809	90.755	91.594	92.347	93.027	93.638	94.195
291.2	0	69.239	74.462	77.817	80.237	82.469	84.245	85.852	87.23	88.467	89.551	90.519	91.378	92.148	92.844	93.468	94.037
291.3	0	68.661	73.936	77.341	79.795	82.064	83.87	85.509	86.915	88.178	89.286	90.277	91.156	91.945	92.656	93.295	93.876
291.4	0	68.078	73.404	76.85	79.346	81.65	83.487	85.158	86.592	87.883	89.014	90.029	90.929	91.736	92.464	93.117	93.712
291.5	0	67.491	72.865	76.351	78.889	81.229	83.096	84.799	86.261	87.58	88.736	89.774	90.696	91.523	92.267	92.936	93.543
291.6	0	66.899	72.32	75.846	78.424	80.799	82.698	84.432	85.923	87.27	88.45	89.513	90.457	91.304	92.065	92.75	93.371
291.7	0	66.303	71.77	75.333	77.952	80.362	82.291	84.058	85.578	86.953	88.158	89.246	90.212	91.079	91.859	92.559	93.195
291.8	0	65.702	71.214	74.814	77.472	79.917	81.877	83.676	85.224	86.629	87.859	88.971	89.96	90.849	91.647	92.364	93.015
291.9	0	65.098	70.652	74.288	76.984	79.464	81.454	83.286	84.863	86.297	87.552	88.69	89.703	90.613	91.43	92.164	92.83
292	0	64.49	70.086	73.756	76.489	79.004	81.025	82.889	84.495	85.958	87.239	88.402	89.439	90.371	91.207	91.959	92.641
292.1	0	63.878	69.515	73.219	75.987	78.537	80.587	82.484	84.118	85.611	86.918	88.107	89.168	90.123	90.979	91.75	92.447
292.2	0	63.263	68.939	72.675	75.48	78.063	80.143	82.072	83.734	85.257	86.59	87.805	88.89	89.869	90.745	91.535	92.249
292.3	0	62.645	68.358	72.126	74.965	77.581	79.691	81.652	83.343	84.895	86.255	87.496	88.606	89.609	90.505	91.314	92.046
292.4	0	62.023	67.773	71.571	74.445	77.086	79.231	81.225	82.944	84.526	85.912	87.18	88.315	89.342	90.259	91.088	91.838
292.5	0	61.399	67.184	71.012	73.919	76.583	78.765	80.79	82.537	84.149	85.562	86.857	88.017	89.068	90.007	90.857	91.624
292.6	0	60.771	66.59	70.447	73.388	76.074	78.292	80.349	82.123	83.765	85.205	86.527	87.712	88.788	89.749	90.619	91.406
292.7	0	60.142	65.992	69.878	72.851	75.56	77.812	79.9	81.701	83.373	84.84	86.189	87.4	88.5	89.484	90.376	91.182
292.8	0	59.51	65.39	69.304	72.309	75.04	77.325	79.445	81.273	82.974	84.468	85.844	87.081	88.207	89.213	90.127	90.952
292.9	0	58.876	64.784	68.726	71.762	74.514	76.83	78.983	80.837	82.567	84.089	85.492	86.755	87.906	88.935	89.871	90.717
293	0	58.24	64.175	68.143	71.21	73.984	76.33	78.514	80.395	82.154	83.702	85.133	86.422	87.598	88.651	89.609	90.475
293.1	0	57.603	63.561	67.556	70.653	73.448	75.824	78.039	79.945	81.733	83.309	84.767	86.082	87.284	88.359	89.341	90.228
293.2	0	56.964	62.945	66.965	70.092	72.907	75.312	77.557	79.489	81.305	82.908	84.394	85.735	86.962	88.061	89.066	89.975
293.3	0	56.324	62.325	66.37	69.526	72.362	74.795	77.064	79.026	80.87	82.5	84.013	85.38	86.634	87.756	88.785	89.715
293.4	0	55.683	61.702	65.772	68.957	71.812	74.273	76.565	78.557	80.429	82.085	83.626	85.019	86.298	87.445	88.496	89.449
293.5	0	55.041	61.076	65.17	68.383	71.257	73.747	76.06	78.081	79.981	81.664	83.232	84.651	85.956	87.126	88.202	89.177
293.6	0	54.398	60.448	64.564	67.805	70.699	73.215	75.55	77.599	79.526	81.236	82.831	84.276	85.607	86.801	87.9	88.898
293.7	0	53.755	59.818	63.955	67.224	70.137	72.679	75.035	77.11	79.065	80.801	82.423	83.894	85.251	86.468	87.592	88.612
293.8	0	53.111	59.186	63.343	66.639	69.571	72.139	74.515	76.616	78.598	80.36	82.009	83.505	84.888	86.129	87.277	88.32
293.9	0	52.466	58.552	62.728	66.05	69.001	71.595	73.991	76.116	78.124	79.913	81.588	83.11	84.519	85.783	86.955	88.022
294	0	51.822	57.917	62.111	65.459	68.427	71.047	73.462	75.612	77.645	79.46	81.161	82.708	84.142	85.43	86.626	87.716
294.1	0	51.07	57.279	61.491	64.864	67.85	70.495	72.928	75.102	77.158	79	80.728	82.3	83.76	85.071	86.291	87.405
294.2	0	50.301	56.641	60.869	64.266	67.269	69.94	72.391	74.588	76.664	78.535	80.289	81.885	83.371	84.705	85.949	87.086
294.3	0	49.539	56.002	60.246	63.665	66.685	69.381	71.85	74.07	76.166	78.064	79.844	81.464	82.975	84.333	85.601	86.761
294.4	0	48.784	55.362	59.62	63.061	66.098	68.819	71.305	73.548	75.663	77.588	79.393	81.037	82.574	83.954	85.246	86.43
294.5	0	48.036	54.721	58.993	62.455	65.508	68.254	70.757	73.021	75.156	77.105	78.937	80.604	82.166	83.569	84.884	86.092
294.6	0	47.296	54.079	58.365	61.847	64.915	67.685	70.205	72.492	74.645	76.618	78.475	80.165	81.752	83.177	84.516	85.747
294.7	0	46.562	53.437	57.735	61.236	64.318	67.114	69.651	71.958	74.13	76.125	78.008	79.721	81.331	82.78	84.142	85.396
294.8	0	45.837	52.795	57.105	60.624	63.72	66.539	69.093	71.422	73.611	75.628	77.536	79.27	80.905	82.377	83.762	85.038
294.9	0	45.119	52.153	56.474	60.01	63.118	65.962	68.533	70.882	73.089	75.127	77.057	78.815	80.474	81.967	83.376	84.675
295	0	44.408	51.501	55.842	59.394	62.515	65.381	67.969	70.339	72.563	74.623	76.573	78.354	80.036	81.552	82.983	84.305
295.1	0	43.705	50.826	55.21	58.777	61.909	64.798	67.403	69.794	72.035	74.114	76.085	77.888	79.593	81.131	82.585	83.928
295.2	0	43.01	50.154	54.578	58.159	61.302	64.212	66.835	69.246	71.503	73.602	75.593	77.417	79.145	80.704	82.181	83.546
295.3	0	42.323	49.485	53.945	57.54	60.692	63.624	66.263	68.695	70.968	73.086	75.096	76.94	78.691	80.272	81.772	83.158
295.4	0	41.644	48.819	53.313	56.92	60.082	63.034	65.689	68.141	70.431	72.567	74.596	76.46	78.232	79.835	81.357	82.764
295.5	0	40.973	48.156	52.681	56.299	59.47	62.441	65.113	67.585	69.891	72.045	74.091	75.975	77.768	79.392	80.936	82.364
295.6	0	40.309	47.497	52.05	55.678	58.857	61.847	64.534	67.027	69.349	71.52	73.584	75.486	77.299	78.944	80.51	81.959
295.7	0	39.653	46.841	51.412	55.056	58.243	61.251	63.952	66.465	68.803	70.992	73.073	74.993	76.823	78.492	80.079	81.548
295.8	0	39.005	46.19	50.769	54.434	57.628	60.653	63.369	65.902	68.256	70.462	72.558	74.497	76.344	78.034	79.643	81.132
295.9	0	38.364	45.543	50.127	53.813	57.012	60.054	62.783	65.335	67.705	69.929	72.041	73.997	75.86	77.572	79.202	80.71
296	0	37.731	44.9	49.488	53.191	56.396	59.454	62.196	64.767	67.152	69.393	71.521	73.494	75.373	77.105	78.757	80.283
296.1	0	37.106	44.262	48.85	52.571	55.78	58.853	61.607	64.196	66.597	68.855	70.998	72.988	74.882	76.634	78.306	79.852
296.2	0	36.488	43.627	48.216	51.951	55.164	58.251	61.016	63.623	66.039	68.315	70.472	72.48	74.388	76.158	77.852	79.415
296.3	0	35.877	42.998	47.584	51.327	54.547	57.649	60.424	63.048	65.479	67.772	69.943	71.968	73.891	75.679	77.392	78.974
296.4	0	35.275	42.372	46.956	50.701	53.931	57.045	59.83	62.472	64.917	67.226	69.412	71.453	73.391	75.197	76.928	78.528
296.5	0	34.68	41.752	46.331	50.077	53.316	56.442	59.236	61.893	64.353	66.679	68.879	70.936	72.888	74.711	76.459	78.078
296.6	0	34.093	41.136	45.709	49.456	52.702	55.838	58.641	61.313	63.786	66.129	68.343	70.417	72.382	74.222	75.987	77.624
296.7	0	33.513	40.525	45.091	48.837	52.089	55.234	58.044	60.732	63.218	65.576	67.804	69.894	71.874	73.73	75.511	77.166
296.8	0	32.942	39.918	44.476	48.221	51.477	54.63	57.448	60.149	62.648	65.022	67.264	69.37	71.363	73.235	75.032	76.703
296.9	0	32.378	39.317	43.866	47.608	50.867	54.028	56.851	59.565	62.076	64.466	66.721	68.843	70.85	72.737	74.549	76.237
297	0	31.821	38.721	43.259	46.997	50.26	53.426	56.254	58.981	61.503	63.908	66.176	68.314	70.335	72.237	74.064	75.768
297.1	0	31.272	38.13	42.656	46.39	49.654	52.825	55.657	58.395	60.928	63.347	65.628	67.782	69.817	71.734	73.575	75.295
297.2	0	30.731	37.544	42.058	45.785	49.051	52.226	55.061	57.81	60.352	62.786	65.079	67.249	69.297	71.229	73.084	74.82
297.3	0	30.198	36.964	41.463	45.184	48.451	51.627	54.466	57.224	59.776	62.223	64.528	66.713	68.775	70.721	72.59	74.341
297.4	0	29.672	36.39	40.873	44.587	47.853	51.025	53.871	56.638	59.198	61.658	63.975	66.175	68.251	70.211	72.093	73.859
297.5	0	29.154	35.821	40.288	43.993	47.258	50.424	53.278	56.053	58.621	61.092	63.42	65.635	67.725	69.699	71.594	73.375
297.6	0	28.643	35.259	39.707	43.403	46.665	49.827	52.686	55.468	58.043	60.526	62.863	65.093	67.197	69.185	71.093	72.889
297.7	0	28.14	34.702	39.131	42.816	46.076	49.231	52.096	54.884	57.465	59.959	62.306	64.549	66.667	68.669	70.589	72.399
297.8	0	27.645	34.151	38.56	42.234	45.49	48.639	51.508	54.301	56.887	59.391	61.747	64.004	66.135	68.151	70.083	71.908
297.9	0	27.157	33.607	37.994	41.656	44.907	48.049	50.921	53.719	56.31	58.824	61.187	63.457	65.601	67.631	69.575	71.414
298	0	26.677	33.069	37.434	41.083	44.328	47.461	50.336	53.138	55.733	58.256	60.626	62.909	65.066	67.109	69.065	70.917
298.1	0	26.205	32.538	36.879	40.514	43.753	46.877	49.754	52.559	55.157	57.688	60.065	62.359	64.529	66.585	68.553	70.419
298.2	0	25.716	32.013	36.329	39.95	43.182	46.296	49.174	51.982	54.582	57.121	59.503	61.808	63.991	66.06	68.04	69.919
298.3	0	25.161	31.495	35.786	39.39	42.614	45.719	48.597	51.404	54.008	56.554	58.941	61.256	63.451	65.534	67.524	69.416
298.4	0	24.621	30.984	35.248	38.836	42.051	45.145	48.022	50.826	53.435	55.988	58.379	60.704	62.91	65.005	67.007	68.912
298.5	0	24.095	30.48	34.716	38.288	41.493	44.575	47.451	50.25	52.864	55.422	57.818	60.15	62.368	64.476	66.489	68.406
298.6	0	23.583	29.983	34.19	37.744	40.94	44.008	46.883	49.677	52.294	54.857	57.256	59.597	61.825	63.945	65.969	67.898
298.7	0	23.085	29.493	33.671	37.207	40.391	43.446	46.318	49.107	51.726	54.294	56.696	59.043	61.281	63.414	65.447	67.389
298.8	0	22.599	29.01	33.157	36.674	39.847	42.888	45.756	48.54	51.16	53.732	56.136	58.489	60.736	62.881	64.925	66.878
298.9	0	22.127	28.534	32.65	36.148	39.309	42.334	45.198	47.976	50.596	53.171	55.578	57.936	60.191	62.347	64.401	66.366
299	0	21.668	28.066	32.15	35.627	38.776	41.785	44.644	47.415	50.034	52.612	55.021	57.383	59.645	61.813	63.876	65.852
299.1	0	21.22	27.605	31.656	35.112	38.248	41.241	44.094	46.857	49.475	52.055	54.465	56.83	59.099	61.277	63.35	65.337
299.2	0	20.785	27.152	31.169	34.603	37.725	40.702	43.548	46.304	48.919	51.498	53.91	56.279	58.553	60.741	62.823	64.821
299.3	0	20.361	26.706	30.688	34.1	37.208	40.167	43.006	45.753	48.365	50.941	53.358	55.729	58.007	60.204	62.295	64.303
299.4	0	19.948	26.268	30.215	33.603	36.697	39.638	42.469	45.207	47.815	50.387	52.807	55.181	57.461	59.667	61.766	63.785
299.5	0	19.547	25.837	29.748	33.112	36.191	39.114	41.936	44.665	47.268	49.835	52.258	54.634	56.916	59.13	61.237	63.266
299.6	0	19.156	25.394	29.288	32.627	35.69	38.595	41.407	44.127	46.725	49.286	51.711	54.089	56.373	58.593	60.708	62.746
299.7	0	18.776	24.959	28.835	32.149	35.195	38.082	40.884	43.592	46.185	48.739	51.166	53.546	55.83	58.056	60.178	62.226
299.8	0	18.406	24.534	28.388	31.677	34.705	37.574	40.365	43.062	45.649	48.196	50.624	53.005	55.288	57.519	59.648	61.705
299.9	0	18.046	24.116	27.949	31.212	34.221	37.071	39.851	42.537	45.117	47.655	50.083	52.466	54.749	56.983	59.119	61.184
300	0	17.695	23.708	27.516	30.753	33.743	36.573	39.341	42.015	44.589	47.118	49.546	51.93	54.211	56.448	58.589	60.663
300.1	0	17.354	23.307	27.091	30.3	33.27	36.081	38.837	41.498	44.065	46.585	49.011	51.394	53.674	55.914	58.059	60.141
300.2	0	17.022	22.915	26.672	29.854	32.803	35.595	38.338	40.986	43.545	46.056	48.478	50.861	53.14	55.381	57.53	59.62
300.3	0	16.698	22.53	26.261	29.415	32.343	35.114	37.843	40.478	43.029	45.53	47.949	50.33	52.608	54.849	57.002	59.099
300.4	0	16.383	22.153	25.857	28.983	31.888	34.639	37.354	39.975	42.518	45.009	47.423	49.801	52.078	54.319	56.475	58.578
300.5	0	16.076	21.784	25.454	28.557	31.44	34.17	36.871	39.477	42.011	44.491	46.901	49.276	51.551	53.791	55.949	58.058
300.6	0	15.776	21.423	25.058	28.138	30.998	33.707	36.392	38.983	41.508	43.978	46.382	48.753	51.026	53.265	55.424	57.538
300.7	0	15.485	21.069	24.67	27.726	30.563	33.25	35.92	38.495	41.01	43.469	45.866	48.233	50.504	52.741	54.9	57.019
300.8	0	15.201	20.722	24.289	27.321	30.133	32.799	35.453	38.012	40.516	42.964	45.355	47.716	49.984	52.219	54.378	56.502
300.9	0	14.924	20.383	23.914	26.923	29.711	32.354	34.991	37.534	40.027	42.464	44.847	47.202	49.467	51.7	53.858	55.985
301	0	14.654	20.051	23.547	26.531	29.295	31.916	34.536	37.061	39.543	41.968	44.343	46.691	48.953	51.181	53.34	55.47
301.1	0	14.391	19.725	23.187	26.146	28.885	31.484	34.087	36.594	39.064	41.476	43.843	46.183	48.443	50.666	52.824	54.956
301.2	0	14.135	19.407	22.834	25.767	28.482	31.058	33.643	36.132	38.59	40.99	43.347	45.679	47.935	50.153	52.31	54.444
301.3	0	13.886	19.095	22.488	25.393	28.085	30.639	33.206	35.676	38.121	40.508	42.856	45.179	47.43	49.643	51.798	53.934
301.4	0	13.643	18.79	22.148	25.026	27.695	30.226	32.775	35.226	37.657	40.03	42.368	44.682	46.929	49.137	51.289	53.425
301.5	0	13.406	18.492	21.816	24.666	27.311	29.82	32.35	34.781	37.198	39.558	41.886	44.189	46.431	48.633	50.782	52.918
301.6	0	13.176	18.2	21.489	24.311	26.934	29.419	31.931	34.342	36.745	39.09	41.407	43.7	45.936	48.133	50.278	52.413
301.7	0	12.951	17.914	21.17	23.964	26.563	29.025	31.518	33.909	36.297	38.627	40.934	43.215	45.445	47.636	49.776	51.911
301.8	0	12.732	17.634	20.856	23.623	26.199	28.638	31.112	33.482	35.855	38.17	40.465	42.735	44.957	47.143	49.278	51.409
301.9	0	12.518	17.36	20.549	23.288	25.841	28.257	30.711	33.061	35.417	37.718	40.001	42.259	44.474	46.653	48.783	50.909
302	0	12.311	17.093	20.249	22.959	25.488	27.881	30.317	32.646	34.986	37.27	39.541	41.787	43.994	46.166	48.291	50.412
302.1	0	12.108	16.831	19.954	22.637	25.141	27.513	29.929	32.237	34.56	36.828	39.087	41.32	43.518	45.683	47.803	49.918
302.2	0	11.91	16.575	19.665	22.321	24.8	27.15	29.547	31.834	34.14	36.392	38.637	40.858	43.047	45.203	47.317	49.427
302.3	0	11.718	16.325	19.382	22.011	24.466	26.793	29.17	31.436	33.725	35.96	38.193	40.4	42.58	44.728	46.835	48.939
302.4	0	11.53	16.08	19.105	21.707	24.138	26.443	28.8	31.045	33.316	35.535	37.754	39.948	42.117	44.256	46.357	48.454
302.5	0	11.347	15.841	18.834	21.41	23.816	26.099	28.436	30.66	32.913	35.114	37.32	39.5	41.659	43.788	45.883	47.972
302.6	0	11.169	15.607	18.568	21.118	23.499	25.761	28.078	30.281	32.516	34.7	36.891	39.057	41.205	43.325	45.412	47.494
302.7	0	10.995	15.378	18.307	20.831	23.189	25.429	27.725	29.908	32.125	34.291	36.467	38.62	40.756	42.865	44.945	47.019
302.8	0	10.826	15.155	18.053	20.551	22.885	25.104	27.379	29.541	31.739	33.888	36.049	38.187	40.312	42.41	44.481	46.548
302.9	0	10.661	14.936	17.803	20.276	22.587	24.785	27.038	29.18	31.36	33.49	35.636	37.759	39.873	41.96	44.022	46.081
303	0	10.5	14.723	17.559	20.007	22.294	24.471	26.704	28.825	30.986	33.098	35.229	37.337	39.438	41.514	43.567	45.617
303.1	0	10.343	14.515	17.321	19.743	22.007	24.163	26.375	28.476	30.619	32.712	34.827	36.92	39.009	41.073	43.116	45.157
303.2	0	10.19	14.311	17.087	19.484	21.725	23.861	26.052	28.132	30.257	32.332	34.431	36.508	38.584	40.636	42.669	44.701
303.3	0	10.041	14.112	16.859	19.231	21.449	23.564	25.734	27.795	29.901	31.957	34.04	36.101	38.164	40.204	42.227	44.249
303.4	0	9.8962	13.918	16.635	18.983	21.179	23.273	25.421	27.463	29.551	31.588	33.655	35.7	37.75	39.777	41.789	43.8
303.5	0	9.7548	13.728	16.416	18.74	20.913	22.987	25.114	27.136	29.206	31.225	33.275	35.304	37.34	39.355	41.355	43.356
303.6	0	9.6169	13.543	16.202	18.502	20.653	22.707	24.812	26.816	28.867	30.867	32.901	34.914	36.936	38.937	40.927	42.916
303.7	0	9.4826	13.362	15.993	18.269	20.399	22.432	24.515	26.5	28.534	30.516	32.532	34.529	36.537	38.525	40.502	42.48
303.8	0	9.3516	13.185	15.788	18.04	20.149	22.163	24.224	26.191	28.206	30.169	32.169	34.149	36.143	38.118	40.083	42.049
303.9	0	9.2239	13.012	15.588	17.817	19.904	21.898	23.938	25.886	27.883	29.829	31.811	33.775	35.754	37.715	39.668	41.621
304	0	9.0995	12.844	15.392	17.598	19.665	21.639	23.658	25.588	27.566	29.494	31.459	33.406	35.371	37.318	39.258	41.199
304.1	0	8.9782	12.679	15.201	17.384	19.43	21.385	23.383	25.295	27.255	29.164	31.113	33.042	34.993	36.925	38.853	40.78
304.2	0	8.8598	12.519	15.014	17.174	19.2	21.136	23.113	25.007	26.948	28.84	30.772	32.684	34.62	36.538	38.453	40.367
304.3	0	8.7444	12.362	14.831	16.969	18.974	20.891	22.848	24.725	26.647	28.522	30.437	32.331	34.252	36.156	38.058	39.958
304.4	0	8.6319	12.209	14.652	16.768	18.754	20.652	22.589	24.448	26.351	28.208	30.107	31.984	33.89	35.779	37.668	39.553
304.5	0	8.5221	12.059	14.477	16.571	18.538	20.417	22.334	24.176	26.061	27.9	29.782	31.642	33.532	35.407	37.282	39.154
304.6	0	8.4149	11.913	14.306	16.379	18.326	20.187	22.084	23.908	25.775	27.598	29.463	31.306	33.18	35.04	36.902	38.759
304.7	0	8.3104	11.77	14.139	16.191	18.119	19.962	21.84	23.646	25.494	27.3	29.149	30.974	32.833	34.678	36.527	38.369
304.8	0	8.2084	11.631	13.975	16.007	17.916	19.741	21.6	23.389	25.218	27.008	28.841	30.648	32.492	34.321	36.156	37.984
304.9	0	8.1089	11.495	13.816	15.827	17.718	19.525	21.364	23.137	24.947	26.72	28.537	30.327	32.155	33.97	35.791	37.605
305	0	8.0118	11.362	13.66	15.651	17.523	19.313	21.133	22.889	24.682	26.438	28.239	30.012	31.824	33.623	35.431	37.23
305.1	0	7.917	11.232	13.508	15.479	17.333	19.105	20.907	22.646	24.421	26.16	27.946	29.701	31.497	33.281	35.076	36.86
305.2	0	7.8245	11.106	13.359	15.311	17.147	18.902	20.685	22.408	24.164	25.888	27.657	29.395	31.176	32.944	34.725	36.496
305.3	0	7.7342	10.982	13.213	15.146	16.964	18.703	20.468	22.175	23.913	25.62	27.374	29.095	30.859	32.612	34.38	36.136
305.4	0	7.646	10.86	13.071	14.985	16.786	18.507	20.254	21.945	23.666	25.358	27.095	28.799	30.548	32.286	34.039	35.781
305.5	0	7.5599	10.742	12.931	14.827	16.611	18.316	20.045	21.721	23.424	25.1	26.821	28.509	30.241	31.964	33.703	35.432
305.6	0	7.4758	10.626	12.795	14.673	16.44	18.128	19.84	21.5	23.187	24.847	26.552	28.223	29.94	31.647	33.372	35.087
305.7	0	7.3936	10.513	12.662	14.521	16.272	17.945	19.639	21.284	22.954	24.598	26.288	27.942	29.643	31.335	33.046	34.747
305.8	0	7.3134	10.402	12.531	14.374	16.108	17.765	19.442	21.072	22.725	24.354	26.028	27.666	29.351	31.028	32.725	34.412
305.9	0	7.235	10.294	12.404	14.229	15.947	17.589	19.249	20.864	22.501	24.115	25.772	27.394	29.064	30.725	32.409	34.081
306	0	7.1583	10.188	12.279	14.087	15.79	17.416	19.06	20.66	22.281	23.879	25.521	27.128	28.781	30.428	32.097	33.756
306.1	0	7.0834	10.084	12.156	13.948	15.635	17.247	18.874	20.459	22.065	23.648	25.275	26.865	28.504	30.135	31.791	33.435
306.2	0	7.0102	9.9829	12.036	13.812	15.484	17.081	18.692	20.263	21.853	23.422	25.032	26.608	28.231	29.847	31.489	33.119
306.3	0	6.9386	9.8836	11.919	13.679	15.337	16.919	18.514	20.071	21.646	23.2	24.794	26.355	27.962	29.564	31.191	32.808
306.4	0	6.8686	9.7864	11.804	13.549	15.192	16.759	18.339	19.882	21.442	22.981	24.56	26.106	27.699	29.285	30.899	32.501
306.5	0	6.8002	9.6912	11.691	13.421	15.05	16.603	18.168	19.697	21.242	22.767	24.331	25.862	27.439	29.011	30.611	32.199
306.6	0	6.7332	9.5981	11.581	13.296	14.911	16.451	18	19.516	21.046	22.557	24.105	25.623	27.185	28.741	30.327	31.902
306.7	0	6.6678	9.507	11.473	13.174	14.775	16.301	17.836	19.338	20.854	22.351	23.884	25.387	26.934	28.477	30.049	31.609
306.8	0	6.6038	9.4177	11.367	13.053	14.641	16.154	17.674	19.164	20.666	22.148	23.667	25.156	26.689	28.216	29.774	31.321
306.9	0	6.5411	9.3304	11.263	12.936	14.51	16.01	17.516	18.993	20.481	21.95	23.453	24.93	26.447	27.96	29.505	31.038
307	0	6.4798	9.2448	11.161	12.82	14.382	15.869	17.361	18.825	20.3	21.755	23.244	24.707	26.21	27.709	29.239	30.758
307.1	0	6.4198	9.1611	11.062	12.707	14.256	15.731	17.209	18.66	20.122	21.564	23.038	24.488	25.977	27.462	28.979	30.484
307.2	0	6.3611	9.0791	10.964	12.597	14.133	15.596	17.06	18.499	19.948	21.376	22.837	24.273	25.748	27.219	28.722	30.214
307.3	0	6.3035	8.9987	10.869	12.488	14.012	15.463	16.914	18.341	19.777	21.192	22.638	24.062	25.523	26.98	28.47	29.948
307.4	0	6.2472	8.9201	10.775	12.382	13.894	15.333	16.771	18.185	19.609	21.012	22.444	23.855	25.303	26.746	28.223	29.687
307.5	0	6.192	8.8431	10.683	12.277	13.777	15.205	16.63	18.033	19.444	20.834	22.253	23.652	25.086	26.516	27.979	29.43
307.6	0	6.1379	8.7676	10.594	12.175	13.663	15.079	16.493	17.884	19.282	20.661	22.066	23.452	24.873	26.289	27.74	29.177
307.7	0	6.0849	8.6936	10.506	12.075	13.551	14.957	16.358	17.737	19.124	20.49	21.882	23.256	24.664	26.067	27.505	28.928
307.8	0	6.0329	8.6212	10.419	11.977	13.442	14.836	16.225	17.593	18.968	20.322	21.701	23.063	24.458	25.848	27.274	28.684
307.9	0	5.982	8.5501	10.335	11.88	13.334	14.717	16.095	17.452	18.815	20.158	21.524	22.874	24.256	25.634	27.047	28.444
308	0	5.9321	8.4805	10.252	11.786	13.228	14.601	15.967	17.313	18.665	19.997	21.35	22.688	24.058	25.423	26.824	28.208
308.1	0	5.8831	8.4123	10.171	11.693	13.124	14.487	15.842	17.177	18.518	19.838	21.179	22.505	23.863	25.216	26.604	27.975
308.2	0	5.8351	8.3454	10.091	11.602	13.023	14.375	15.719	17.044	18.373	19.682	21.011	22.326	23.672	25.012	26.388	27.747
308.3	0	5.7881	8.2798	10.013	11.513	12.923	14.265	15.599	16.913	18.231	19.53	20.847	22.15	23.484	24.812	26.176	27.522
308.4	0	5.7419	8.2155	9.9368	11.426	12.824	14.157	15.481	16.784	18.091	19.38	20.685	21.977	23.299	24.615	25.968	27.302
308.5	0	5.6966	8.1524	9.8616	11.34	12.728	14.051	15.364	16.658	17.954	19.232	20.526	21.808	23.118	24.422	25.762	27.084
308.6	0	5.6522	8.0905	9.7879	11.255	12.634	13.947	15.25	16.534	17.82	19.088	20.371	21.641	22.939	24.232	25.56	26.871
308.7	0	5.6086	8.0298	9.7155	11.173	12.541	13.845	15.138	16.412	17.687	18.945	20.218	21.478	22.765	24.046	25.362	26.661
308.8	0	5.5659	7.9702	9.6443	11.091	12.45	13.745	15.028	16.293	17.558	18.806	20.067	21.317	22.593	23.862	25.166	26.454
308.9	0	5.5239	7.9117	9.5745	11.011	12.36	13.646	14.92	16.175	17.43	18.669	19.92	21.159	22.424	23.682	24.974	26.251
309	0	5.4827	7.8542	9.5059	10.933	12.272	13.549	14.814	16.06	17.304	18.534	19.775	21.004	22.258	23.506	24.786	26.052
309.1	0	5.4422	7.7977	9.4384	10.856	12.186	13.454	14.709	15.946	17.181	18.401	19.632	20.852	22.096	23.332	24.6	25.855
309.2	0	5.4025	7.7423	9.3722	10.78	12.101	13.361	14.607	15.835	17.06	18.271	19.493	20.703	21.936	23.161	24.418	25.663
309.3	0	5.3635	7.6878	9.3071	10.706	12.018	13.269	14.506	15.725	16.941	18.143	19.355	20.556	21.779	22.993	24.239	25.473
309.4	0	5.3252	7.6343	9.2431	10.633	11.936	13.179	14.407	15.617	16.824	18.017	19.22	20.411	21.624	22.829	24.063	25.287
309.5	0	5.2875	7.5818	9.1802	10.561	11.856	13.09	14.31	15.511	16.708	17.893	19.087	20.269	21.472	22.667	23.891	25.104
309.6	0	5.2506	7.5301	9.1183	10.49	11.777	13.003	14.214	15.407	16.595	17.772	18.957	20.13	21.323	22.507	23.721	24.924
309.7	0	5.2143	7.4793	9.0575	10.421	11.699	12.917	14.12	15.305	16.484	17.652	18.828	19.993	21.177	22.351	23.554	24.747
309.8	0	5.1786	7.4294	8.9977	10.352	11.622	12.833	14.027	15.205	16.375	17.534	18.702	19.858	21.032	22.197	23.389	24.573
309.9	0	5.1436	7.3803	8.9388	10.285	11.547	12.75	13.937	15.106	16.267	17.419	18.578	19.725	20.891	22.046	23.228	24.402
310	0	5.1091	7.3321	8.881	10.219	11.473	12.669	13.847	15.008	16.162	17.305	18.455	19.594	20.751	21.897	23.069	24.233
310.1	0	5.0753	7.2846	8.8241	10.154	11.4	12.588	13.759	14.913	16.058	17.193	18.335	19.466	20.614	21.751	22.913	24.068
310.2	0	5.0421	7.238	8.7681	10.09	11.329	12.509	13.673	14.819	15.955	17.083	18.217	19.339	20.479	21.607	22.76	23.905
310.3	0	5.0094	7.1921	8.713	10.027	11.258	12.432	13.587	14.726	15.855	16.975	18.101	19.215	20.346	21.466	22.609	23.745
310.4	0	4.9773	7.1469	8.6588	9.9648	11.189	12.355	13.503	14.635	15.756	16.868	17.986	19.093	20.215	21.327	22.461	23.588
310.5	0	4.9457	7.1025	8.6055	9.9038	11.12	12.28	13.421	14.545	15.659	16.763	17.874	18.972	20.086	21.19	22.315	23.433
310.6	0	4.9146	7.0588	8.5531	9.8438	11.053	12.206	13.34	14.457	15.563	16.66	17.763	18.854	19.959	21.055	22.171	23.281
310.7	0	4.884	7.0158	8.5015	9.7847	10.987	12.133	13.26	14.37	15.469	16.559	17.654	18.737	19.835	20.922	22.03	23.131
310.8	0	4.8539	6.9735	8.4507	9.7265	10.922	12.061	13.181	14.285	15.377	16.459	17.546	18.622	19.712	20.791	21.891	22.984
310.9	0	4.8244	6.9319	8.4007	9.6692	10.857	11.99	13.103	14.201	15.285	16.361	17.44	18.509	19.591	20.663	21.754	22.839
311	0	4.7952	6.8909	8.3515	9.6127	10.794	11.92	13.027	14.118	15.196	16.264	17.336	18.398	19.472	20.536	21.619	22.696
311.1	0	4.7665	6.8505	8.303	9.5571	10.732	11.852	12.951	14.036	15.107	16.169	17.234	18.288	19.354	20.412	21.486	22.555
311.2	0	4.7383	6.8108	8.2553	9.5024	10.67	11.784	12.877	13.956	15.02	16.075	17.133	18.181	19.239	20.289	21.356	22.417
311.3	0	4.7105	6.7717	8.2083	9.4485	10.61	11.717	12.804	13.876	14.934	15.983	17.034	18.074	19.125	20.168	21.227	22.281
311.4	0	4.6831	6.7331	8.162	9.3953	10.55	11.651	12.732	13.798	14.85	15.892	16.936	17.97	19.014	20.049	21.101	22.147
311.5	0	4.6561	6.6952	8.1164	9.3429	10.491	11.586	12.661	13.721	14.767	15.802	16.839	17.867	18.904	19.932	20.976	22.015
311.6	0	4.6295	6.6578	8.0714	9.2913	10.433	11.522	12.591	13.645	14.684	15.714	16.744	17.765	18.795	19.817	20.854	21.885
311.7	0	4.6032	6.621	8.0271	9.2404	10.376	11.459	12.522	13.57	14.604	15.627	16.651	17.665	18.689	19.703	20.733	21.757
311.8	0	4.5774	6.5847	7.9834	9.1903	10.32	11.397	12.454	13.497	14.524	15.541	16.559	17.567	18.584	19.591	20.614	21.631
311.9	0	4.5519	6.5489	7.9403	9.1408	10.264	11.336	12.386	13.424	14.445	15.457	16.468	17.47	18.48	19.481	20.497	21.507
312	0	4.5269	6.5136	7.8978	9.092	10.21	11.275	12.32	13.352	14.368	15.374	16.378	17.374	18.378	19.373	20.381	21.385
312.1	0	4.5021	6.4788	7.8559	9.044	10.156	11.215	12.255	13.281	14.291	15.291	16.29	17.28	18.278	19.266	20.268	21.264
312.2	0	4.4778	6.4445	7.8146	8.9965	10.103	11.157	12.19	13.211	14.216	15.211	16.203	17.187	18.179	19.161	20.156	21.146
312.3	0	4.4537	6.4107	7.7739	8.9497	10.05	11.099	12.127	13.142	14.142	15.131	16.118	17.096	18.081	19.057	20.045	21.029
312.4	0	4.43	6.3774	7.7337	8.9036	9.9983	11.041	12.064	13.075	14.068	15.052	16.033	17.006	17.985	18.955	19.937	20.914
312.5	0	4.4067	6.3445	7.6941	8.8581	9.9472	10.985	12.002	13.007	13.996	14.974	15.95	16.917	17.89	18.854	19.829	20.8
312.6	0	4.3836	6.3121	7.655	8.8131	9.8968	10.929	11.941	12.941	13.925	14.898	15.868	16.829	17.797	18.755	19.724	20.688
312.7	0	4.3609	6.2801	7.6164	8.7688	9.8471	10.874	11.881	12.876	13.854	14.822	15.787	16.743	17.704	18.657	19.62	20.578
312.8	0	4.3385	6.2486	7.5784	8.7251	9.798	10.82	11.822	12.812	13.785	14.748	15.707	16.657	17.613	18.56	19.517	20.469
312.9	0	4.3164	6.2175	7.5408	8.6819	9.7495	10.767	11.763	12.748	13.716	14.674	15.628	16.573	17.524	18.465	19.416	20.362
313	0	4.2946	6.1868	7.5037	8.6393	9.7016	10.714	11.705	12.685	13.648	14.601	15.55	16.49	17.435	18.371	19.316	20.256
313.1	0	4.2731	6.1565	7.4672	8.5972	9.6544	10.662	11.648	12.623	13.582	14.53	15.473	16.408	17.348	18.278	19.218	20.152
313.2	0	4.2519	6.1266	7.431	8.5557	9.6077	10.61	11.592	12.562	13.515	14.459	15.397	16.327	17.261	18.187	19.121	20.049
313.3	0	4.2309	6.0971	7.3954	8.5147	9.5617	10.559	11.537	12.502	13.45	14.389	15.322	16.247	17.176	18.097	19.025	19.948
313.4	0	4.2103	6.0679	7.3601	8.4742	9.5162	10.509	11.482	12.443	13.386	14.32	15.248	16.168	17.092	18.008	18.931	19.848
313.5	0	4.1898	6.0391	7.3253	8.4342	9.4713	10.46	11.428	12.384	13.322	14.252	15.175	16.091	17.009	17.92	18.838	19.749
313.6	0	4.1697	6.0106	7.291	8.3946	9.4269	10.411	11.374	12.326	13.259	14.184	15.103	16.014	16.928	17.833	18.746	19.652
313.7	0	4.1498	5.9825	7.257	8.3556	9.3831	10.362	11.321	12.268	13.197	14.118	15.032	15.938	16.847	17.747	18.655	19.556
313.8	0	4.1302	5.9548	7.2234	8.317	9.3398	10.315	11.269	12.212	13.136	14.052	14.962	15.863	16.767	17.663	18.565	19.462
313.9	0	4.1108	5.9273	7.1902	8.2788	9.2971	10.267	11.217	12.156	13.075	13.987	14.892	15.789	16.688	17.579	18.477	19.368
314	0	4.0916	5.9002	7.1574	8.2411	9.2548	10.221	11.166	12.1	13.016	13.923	14.824	15.716	16.611	17.497	18.39	19.276
314.1	0	4.0727	5.8734	7.125	8.2039	9.2131	10.175	11.116	12.046	12.957	13.86	14.756	15.644	16.534	17.415	18.303	19.185
314.2	0	4.0539	5.8469	7.093	8.1671	9.1719	10.129	11.066	11.992	12.898	13.797	14.689	15.573	16.458	17.335	18.218	19.095
314.3	0	4.0355	5.8208	7.0613	8.1307	9.1311	10.084	11.017	11.939	12.84	13.735	14.623	15.503	16.383	17.256	18.134	19.006
314.4	0	4.0172	5.7949	7.03	8.0947	9.0908	10.04	10.968	11.886	12.783	13.674	14.558	15.433	16.309	17.177	18.051	18.919
314.5	0	3.9991	5.7693	6.9991	8.0591	9.051	9.9957	10.92	11.834	12.727	13.614	14.493	15.364	16.236	17.1	17.969	18.832
314.6	0	3.9812	5.7439	6.9685	8.024	9.0116	9.9523	10.873	11.782	12.671	13.554	14.429	15.297	16.164	17.023	17.888	18.746
314.7	0	3.9636	5.7189	6.9383	7.9892	8.9727	9.9093	10.826	11.731	12.616	13.495	14.366	15.229	16.092	16.947	17.808	18.662
314.8	0	3.9461	5.6941	6.9083	7.9548	8.9341	9.8668	10.779	11.681	12.562	13.436	14.304	15.163	16.022	16.873	17.728	18.578
314.9	0	3.9288	5.6697	6.8788	7.9208	8.896	9.8247	10.733	11.631	12.508	13.379	14.242	15.097	15.952	16.799	17.65	18.496
315	0	3.9117	5.6454	6.8495	7.8871	8.8583	9.7831	10.688	11.582	12.455	13.321	14.181	15.033	15.883	16.726	17.573	18.414
315.1	0	3.8947	5.6215	6.8206	7.8538	8.8209	9.742	10.643	11.533	12.402	13.265	14.121	14.968	15.815	16.654	17.496	18.334
315.2	0	3.878	5.5978	6.7919	7.8209	8.784	9.7012	10.598	11.485	12.35	13.209	14.061	14.905	15.747	16.582	17.421	18.254
315.3	0	3.8614	5.5743	6.7636	7.7883	8.7474	9.661	10.554	11.437	12.299	13.154	14.002	14.842	15.681	16.512	17.346	18.175
315.4	0	3.845	5.5512	6.7356	7.756	8.7113	9.6211	10.51	11.389	12.248	13.099	13.944	14.78	15.615	16.442	17.272	18.097
315.5	0	3.8287	5.5282	6.7079	7.7241	8.6755	9.5817	10.467	11.343	12.197	13.045	13.886	14.719	15.549	16.373	17.199	18.02
315.6	0	3.8127	5.5055	6.6804	7.6925	8.64	9.5426	10.424	11.296	12.147	12.992	13.828	14.658	15.485	16.304	17.127	17.944
315.7	0	3.7968	5.4831	6.6532	7.6612	8.6049	9.504	10.382	11.251	12.098	12.939	13.772	14.597	15.421	16.237	17.055	17.869
315.8	0	3.781	5.4608	6.6263	7.6302	8.5702	9.4658	10.34	11.205	12.049	12.886	13.716	14.538	15.358	16.17	16.985	17.795
315.9	0	3.7654	5.4388	6.5997	7.5996	8.5358	9.4279	10.299	11.16	12.001	12.835	13.66	14.479	15.295	16.104	16.915	17.721
316	0	3.75	5.4171	6.5734	7.5692	8.5018	9.3904	10.258	11.116	11.953	12.783	13.605	14.421	15.233	16.038	16.846	17.648
316.1	0	3.7347	5.3955	6.5472	7.5392	8.468	9.3533	10.217	11.072	11.906	12.733	13.551	14.363	15.172	15.974	16.777	17.576
316.2	0	3.7196	5.3741	6.5214	7.5095	8.4346	9.3166	10.177	11.028	11.859	12.682	13.497	14.306	15.111	15.91	16.71	17.505
316.3	0	3.7047	5.353	6.4958	7.48	8.4016	9.2802	10.137	10.985	11.812	12.633	13.444	14.249	15.051	15.846	16.643	17.434
316.4	0	3.6898	5.3321	6.4704	7.4508	8.3688	9.2442	10.097	10.942	11.766	12.583	13.392	14.193	14.992	15.784	16.577	17.365
316.5	0	3.6752	5.3113	6.4453	7.4219	8.3363	9.2085	10.058	10.9	11.721	12.535	13.339	14.138	14.933	15.722	16.511	17.296
316.6	0	3.6606	5.2908	6.4204	7.3933	8.3041	9.1731	10.019	10.858	11.676	12.486	13.288	14.083	14.875	15.66	16.446	17.228
316.7	0	3.6463	5.2705	6.3957	7.3649	8.2722	9.138	9.981	10.816	11.631	12.438	13.237	14.029	14.817	15.599	16.382	17.16
316.8	0	3.632	5.2503	6.3713	7.3368	8.2407	9.1033	9.943	10.775	11.587	12.391	13.186	13.975	14.76	15.539	16.319	17.093
316.9	0	3.6179	5.2304	6.3471	7.309	8.2094	9.0689	9.9053	10.734	11.543	12.344	13.136	13.922	14.704	15.479	16.256	17.027
317	0	3.6039	5.2106	6.3231	7.2814	8.1784	9.0348	9.868	10.694	11.499	12.298	13.086	13.869	14.648	15.42	16.193	16.962
317.1	0	3.5901	5.191	6.2993	7.2541	8.1477	9.0009	9.831	10.654	11.456	12.252	13.037	13.817	14.593	15.362	16.132	16.897
317.2	0	3.5764	5.1715	6.2758	7.227	8.1172	8.9674	9.7944	10.614	11.414	12.206	12.988	13.765	14.538	15.304	16.071	16.833
317.3	0	3.5628	5.1523	6.2524	7.2002	8.0871	8.9342	9.7581	10.575	11.371	12.161	12.94	13.714	14.484	15.247	16.01	16.769
317.4	0	3.5494	5.1332	6.2293	7.1735	8.0572	8.9013	9.7221	10.536	11.329	12.116	12.892	13.663	14.43	15.19	15.95	16.706
317.5	0	3.536	5.1142	6.2063	7.1472	8.0276	8.8687	9.6864	10.497	11.288	12.072	12.845	13.613	14.377	15.134	15.891	16.644
317.6	0	3.5228	5.0954	6.1836	7.121	7.9983	8.8364	9.6511	10.459	11.247	12.028	12.798	13.563	14.324	15.078	15.832	16.582
317.7	0	3.5097	5.0768	6.161	7.0951	7.9692	8.8043	9.616	10.421	11.206	11.984	12.752	13.514	14.272	15.023	15.774	16.521
317.8	0	3.4968	5.0584	6.1386	7.0694	7.9404	8.7725	9.5813	10.383	11.165	11.941	12.706	13.465	14.22	14.969	15.717	16.461
317.9	0	3.4839	5.0401	6.1165	7.044	7.9118	8.741	9.5469	10.346	11.125	11.898	12.66	13.416	14.169	14.914	15.66	16.401
318	0	3.4711	5.0219	6.0945	7.0187	7.8835	8.7098	9.5127	10.309	11.085	11.855	12.615	13.368	14.118	14.861	15.603	16.341
318.1	0	3.4585	5.0039	6.0727	6.9937	7.8554	8.6788	9.4789	10.272	11.046	11.813	12.57	13.321	14.067	14.808	15.547	16.282
318.2	0	3.4459	4.9861	6.051	6.9689	7.8276	8.6481	9.4454	10.236	11.007	11.772	12.526	13.274	14.017	14.755	15.491	16.224
318.3	0	3.4335	4.9684	6.0296	6.9443	7.8	8.6176	9.4121	10.2	10.968	11.73	12.482	13.227	13.968	14.703	15.436	16.166
318.4	0	3.4211	4.9508	6.0083	6.9199	7.7726	8.5874	9.3791	10.164	10.929	11.689	12.438	13.181	13.919	14.651	15.382	16.109
318.5	0	3.4089	4.9334	5.9873	6.8957	7.7454	8.5574	9.3464	10.129	10.891	11.648	12.395	13.135	13.87	14.6	15.328	16.052
318.6	0	3.3967	4.9161	5.9664	6.8717	7.7185	8.5277	9.3139	10.093	10.853	11.608	12.352	13.089	13.822	14.549	15.274	15.996
318.7	0	3.3847	4.899	5.9456	6.8479	7.6917	8.4982	9.2817	10.059	10.816	11.568	12.309	13.044	13.774	14.498	15.221	15.94
318.8	0	3.3727	4.882	5.925	6.8243	7.6652	8.469	9.2498	10.024	10.779	11.528	12.267	12.999	13.726	14.448	15.168	15.885
318.9	0	3.3609	4.8652	5.9046	6.8008	7.6389	8.44	9.2182	9.9897	10.742	11.489	12.225	12.955	13.679	14.398	15.116	15.83
319	0	3.3491	4.8485	5.8844	6.7776	7.6128	8.4112	9.1868	9.9558	10.705	11.449	12.184	12.911	13.633	14.349	15.064	15.776
319.1	0	3.3374	4.8319	5.8643	6.7545	7.5869	8.3826	9.1556	9.922	10.669	11.411	12.142	12.867	13.587	14.3	15.013	15.722
319.2	0	3.3259	4.8154	5.8444	6.7315	7.5612	8.3542	9.1247	9.8886	10.633	11.372	12.102	12.824	13.541	14.252	14.962	15.668
319.3	0	3.3144	4.7991	5.8246	6.7088	7.5357	8.3261	9.094	9.8554	10.597	11.334	12.061	12.781	13.495	14.204	14.911	15.615
319.4	0	3.303	4.7829	5.805	6.6862	7.5104	8.2981	9.0636	9.8225	10.562	11.296	12.021	12.739	13.45	14.157	14.861	15.563
319.5	0	3.2916	4.7669	5.7855	6.6638	7.4852	8.2704	9.0334	9.7899	10.527	11.259	11.981	12.696	13.405	14.109	14.812	15.511
319.6	0	3.2804	4.7509	5.7662	6.6415	7.4603	8.2428	9.0034	9.7575	10.492	11.221	11.941	12.654	13.361	14.063	14.762	15.459
319.7	0	3.2693	4.7351	5.747	6.6194	7.4355	8.2155	8.9736	9.7254	10.457	11.184	11.902	12.613	13.317	14.016	14.713	15.408
319.8	0	3.2582	4.7194	5.728	6.5974	7.4109	8.1883	8.9441	9.6935	10.423	11.148	11.863	12.571	13.273	13.97	14.665	15.357
319.9	0	3.2472	4.7038	5.7091	6.5756	7.3865	8.1614	8.9148	9.6618	10.389	11.112	11.824	12.53	13.23	13.924	14.617	15.307
320	0	3.2363	4.6883	5.6903	6.554	7.3622	8.1346	8.8857	9.6304	10.355	11.075	11.785	12.49	13.187	13.879	14.569	15.257
320.1	0	3.2255	4.673	5.6717	6.5325	7.3382	8.1081	8.8568	9.5992	10.322	11.04	11.747	12.449	13.144	13.834	14.522	15.207
320.2	0	3.2147	4.6577	5.6532	6.5112	7.3143	8.0817	8.8281	9.5682	10.289	11.004	11.709	12.409	13.102	13.79	14.475	15.158
320.3	0	3.204	4.6426	5.6349	6.49	7.2906	8.0556	8.7996	9.5374	10.256	10.969	11.672	12.369	13.06	13.745	14.429	15.11
320.4	0	3.1934	4.6276	5.6167	6.469	7.2671	8.0296	8.7713	9.5069	10.223	10.934	11.634	12.33	13.018	13.701	14.382	15.061
320.5	0	3.1829	4.6126	5.5986	6.4482	7.2437	8.0039	8.7433	9.4766	10.19	10.899	11.597	12.29	12.977	13.658	14.337	15.013
320.6	0	3.1725	4.5978	5.5806	6.4275	7.2205	7.9783	8.7154	9.4465	10.158	10.865	11.56	12.251	12.936	13.615	14.291	14.965
320.7	0	3.1621	4.5831	5.5628	6.4069	7.1975	7.953	8.6878	9.4167	10.126	10.83	11.524	12.213	12.895	13.572	14.246	14.918
320.8	0	3.1518	4.5685	5.5451	6.3865	7.1747	7.9278	8.6604	9.387	10.094	10.796	11.488	12.174	12.854	13.529	14.201	14.871
320.9	0	3.1416	4.554	5.5275	6.3663	7.152	7.9029	8.6331	9.3576	10.063	10.763	11.452	12.136	12.814	13.487	14.157	14.825
321	0	3.1315	4.5396	5.5101	6.3461	7.1295	7.8781	8.6061	9.3283	10.031	10.729	11.416	12.098	12.774	13.445	14.113	14.778
321.1	0	3.1214	4.5253	5.4928	6.3261	7.1071	7.8535	8.5793	9.2993	10	10.696	11.381	12.061	12.735	13.404	14.069	14.733
321.2	0	3.1114	4.5111	5.4755	6.3063	7.0849	7.8291	8.5526	9.2705	9.969	10.663	11.345	12.024	12.696	13.362	14.026	14.687
321.3	0	3.1015	4.497	5.4584	6.2866	7.0628	7.8049	8.5261	9.2419	9.9383	10.63	11.311	11.987	12.657	13.321	13.982	14.642
321.4	0	3.0916	4.4829	5.4414	6.267	7.0409	7.7808	8.4999	9.2135	9.9078	10.597	11.276	11.95	12.618	13.281	13.94	14.597
321.5	0	3.0819	4.469	5.4245	6.2476	7.0192	7.7569	8.4738	9.1852	9.8775	10.565	11.241	11.914	12.58	13.24	13.897	14.552
321.6	0	3.0721	4.4551	5.4077	6.2283	6.9976	7.7332	8.4478	9.1572	9.8474	10.533	11.207	11.877	12.541	13.2	13.855	14.508
321.7	0	3.0625	4.4413	5.391	6.2091	6.9761	7.7096	8.4221	9.1294	9.8175	10.501	11.173	11.841	12.503	13.16	13.813	14.464
321.8	0	3.0529	4.4276	5.3745	6.19	6.9548	7.6861	8.3965	9.1017	9.7878	10.469	11.14	11.806	12.466	13.121	13.771	14.42
321.9	0	3.0434	4.414	5.358	6.1711	6.9337	7.6629	8.3711	9.0742	9.7583	10.438	11.106	11.77	12.428	13.081	13.73	14.377
322	0	3.0339	4.4005	5.3416	6.1523	6.9127	7.6397	8.3458	9.0469	9.729	10.406	11.073	11.735	12.391	13.042	13.689	14.334
322.1	0	3.0245	4.3871	5.3253	6.1336	6.8918	7.6168	8.3207	9.0198	9.6998	10.375	11.04	11.7	12.354	13.003	13.648	14.291
322.2	0	3.0152	4.3737	5.3091	6.1151	6.871	7.5939	8.2958	8.9928	9.6709	10.345	11.007	11.665	12.318	12.965	13.608	14.249
322.3	0	3.0059	4.3604	5.2931	6.0966	6.8504	7.5712	8.271	8.966	9.6422	10.314	10.975	11.631	12.281	12.927	13.567	14.206
322.4	0	2.9967	4.3472	5.2771	6.0783	6.8299	7.5487	8.2464	8.9394	9.6136	10.283	10.942	11.597	12.245	12.889	13.527	14.164
322.5	0	2.9875	4.3341	5.2612	6.0601	6.8095	7.5263	8.2219	8.9129	9.5852	10.253	10.91	11.563	12.209	12.851	13.488	14.123
322.6	0	2.9784	4.321	5.2454	6.042	6.7893	7.504	8.1976	8.8866	9.557	10.223	10.878	11.529	12.173	12.813	13.448	14.081
322.7	0	2.9693	4.3081	5.2297	6.024	6.7692	7.4819	8.1735	8.8605	9.529	10.193	10.846	11.495	12.138	12.776	13.409	14.04
322.8	0	2.9603	4.2952	5.2142	6.0061	6.7492	7.4599	8.1495	8.8345	9.5011	10.163	10.815	11.462	12.103	12.739	13.37	14
322.9	0	2.9514	4.2823	5.1987	5.9883	6.7293	7.438	8.1256	8.8087	9.4734	10.134	10.784	11.429	12.068	12.702	13.331	13.959
323	0	2.9424	4.2696	5.1833	5.9707	6.7096	7.4163	8.1019	8.783	9.4459	10.105	10.752	11.396	12.033	12.665	13.293	13.919
323.1	0	2.9336	4.2569	5.168	5.9531	6.6899	7.3947	8.0783	8.7575	9.4186	10.075	10.721	11.363	11.998	12.629	13.255	13.879
323.2	0	2.9248	4.2443	5.1527	5.9356	6.6704	7.3732	8.0549	8.7321	9.3914	10.046	10.691	11.331	11.964	12.593	13.217	13.839
323.3	0	2.916	4.2318	5.1376	5.9183	6.651	7.3518	8.0316	8.7069	9.3644	10.018	10.66	11.298	11.93	12.557	13.179	13.8
323.4	0	2.9073	4.2193	5.1226	5.9011	6.6317	7.3306	8.0084	8.6819	9.3375	9.9889	10.63	11.266	11.896	12.521	13.142	13.76
323.5	0	2.8987	4.207	5.1076	5.8839	6.6125	7.3095	7.9854	8.657	9.3108	9.9604	10.599	11.234	11.862	12.486	13.104	13.721
323.6	0	2.8901	4.1946	5.0928	5.8669	6.5935	7.2885	7.9625	8.6323	9.2843	9.9321	10.569	11.202	11.829	12.451	13.068	13.683
323.7	0	2.8815	4.1824	5.078	5.8499	6.5745	7.2676	7.9398	8.6077	9.2579	9.904	10.539	11.171	11.795	12.416	13.031	13.644
323.8	0	2.873	4.1702	5.0633	5.8331	6.5556	7.2468	7.9172	8.5833	9.2317	9.876	10.509	11.139	11.762	12.381	12.994	13.606
323.9	0	2.8646	4.1581	5.0487	5.8163	6.5369	7.2262	7.8947	8.559	9.2057	9.8482	10.48	11.108	11.729	12.346	12.958	13.568
324	0	2.8561	4.1461	5.0342	5.7997	6.5182	7.2057	7.8724	8.5348	9.1798	9.8206	10.45	11.077	11.696	12.312	12.922	13.53
324.1	0	2.8478	4.1342	5.0198	5.7831	6.4997	7.1853	7.8502	8.5108	9.154	9.7931	10.421	11.046	11.664	12.277	12.886	13.493
324.2	0	2.8394	4.1223	5.0054	5.7666	6.4812	7.1651	7.8281	8.487	9.1284	9.7657	10.392	11.015	11.631	12.243	12.85	13.455
324.3	0	2.8312	4.1105	4.9912	5.7503	6.4629	7.1449	7.8062	8.4633	9.103	9.7386	10.363	10.984	11.599	12.209	12.815	13.418
324.4	0	2.8229	4.0987	4.977	5.734	6.4446	7.1248	7.7844	8.4397	9.0777	9.7116	10.334	10.954	11.567	12.176	12.779	13.381
324.5	0	2.8147	4.087	4.9629	5.7177	6.4265	7.1049	7.7626	8.4162	9.0525	9.6847	10.306	10.923	11.535	12.142	12.744	13.345
324.6	0	2.8066	4.0754	4.9488	5.7016	6.4084	7.0851	7.7411	8.3929	9.0275	9.658	10.277	10.893	11.503	12.109	12.71	13.308
324.7	0	2.7984	4.0638	4.9349	5.6856	6.3905	7.0653	7.7196	8.3697	9.0026	9.6314	10.249	10.863	11.472	12.076	12.675	13.272
324.8	0	2.7904	4.0523	4.921	5.6696	6.3726	7.0457	7.6983	8.3467	8.9779	9.605	10.221	10.834	11.44	12.043	12.64	13.236
324.9	0	2.7823	4.0409	4.9072	5.6537	6.3548	7.0262	7.677	8.3237	8.9532	9.5788	10.193	10.804	11.409	12.01	12.606	13.2
325	0	2.7743	4.0295	4.8935	5.6379	6.3372	7.0068	7.6559	8.3009	8.9288	9.5526	10.165	10.775	11.378	11.978	12.572	13.165
325.1	0	2.7664	4.0182	4.8798	5.6222	6.3196	6.9875	7.6349	8.2782	8.9044	9.5267	10.138	10.746	11.347	11.945	12.538	13.129
325.2	0	2.7585	4.0069	4.8662	5.6066	6.3021	6.9683	7.614	8.2557	8.8802	9.5008	10.11	10.717	11.317	11.913	12.505	13.094
325.3	0	2.7506	3.9957	4.8527	5.591	6.2847	6.9492	7.5932	8.2332	8.8561	9.4752	10.083	10.688	11.286	11.881	12.471	13.059
325.4	0	2.7428	3.9846	4.8392	5.5755	6.2675	6.9302	7.5725	8.2109	8.8322	9.4496	10.056	10.659	11.256	11.85	12.438	13.024
325.5	0	2.735	3.9735	4.8259	5.5602	6.2503	6.9113	7.552	8.1887	8.8084	9.4242	10.029	10.631	11.226	11.818	12.405	12.99
325.6	0	2.7273	3.9625	4.8125	5.5449	6.2332	6.8925	7.5315	8.1666	8.7847	9.399	10.002	10.602	11.196	11.787	12.372	12.955
325.7	0	2.7196	3.9515	4.7993	5.5297	6.2162	6.8738	7.5111	8.1446	8.7612	9.3739	9.9754	10.574	11.166	11.755	12.339	12.921
325.8	0	2.712	3.9406	4.7862	5.5146	6.1993	6.8552	7.4909	8.1228	8.7378	9.3489	9.9489	10.546	11.137	11.724	12.307	12.887
325.9	0	2.7044	3.9298	4.7731	5.4995	6.1825	6.8367	7.4708	8.101	8.7145	9.3241	9.9226	10.518	11.107	11.694	12.275	12.854
326	0	2.6968	3.919	4.76	5.4846	6.1657	6.8183	7.4507	8.0794	8.6913	9.2994	9.8965	10.491	11.078	11.663	12.242	12.82
326.1	0	2.6893	3.9082	4.7471	5.4698	6.1491	6.8001	7.4308	8.0579	8.6683	9.2749	9.8704	10.463	11.049	11.633	12.21	12.787
326.2	0	2.6818	3.8975	4.7342	5.455	6.1326	6.7819	7.411	8.0365	8.6454	9.2505	9.8446	10.436	11.02	11.602	12.179	12.753
326.3	0	2.6744	3.8869	4.7214	5.4403	6.1161	6.7638	7.3913	8.0152	8.6226	9.2262	9.8188	10.409	10.992	11.572	12.147	12.72
326.4	0	2.667	3.8763	4.7086	5.4257	6.0998	6.7458	7.3718	7.994	8.6	9.2021	9.7933	10.382	10.963	11.542	12.116	12.688
326.5	0	2.6596	3.8658	4.696	5.4112	6.0835	6.7279	7.3523	7.973	8.5774	9.1781	9.7678	10.355	10.935	11.512	12.084	12.655
326.6	0	2.6523	3.8553	4.6834	5.3968	6.0673	6.7101	7.333	7.9521	8.555	9.1543	9.7426	10.328	10.907	11.483	12.053	12.623
326.7	0	2.6451	3.8449	4.6708	5.3825	6.0512	6.6925	7.3137	7.9313	8.5328	9.1305	9.7174	10.301	10.879	11.453	12.023	12.59
326.8	0	2.6378	3.8346	4.6584	5.3682	6.0352	6.6749	7.2946	7.9107	8.5106	9.107	9.6924	10.275	10.851	11.424	11.992	12.558
326.9	0	2.6306	3.8243	4.646	5.3541	6.0194	6.6574	7.2757	7.8901	8.4886	9.0835	9.6676	10.249	10.823	11.395	11.961	12.526
327	0	2.6235	3.8141	4.6337	5.34	6.0036	6.64	7.2568	7.8698	8.4668	9.0602	9.6429	10.223	10.796	11.366	11.931	12.495
327.1	0	2.6164	3.8039	4.6214	5.326	5.9879	6.6228	7.238	7.8495	8.445	9.0371	9.6184	10.197	10.768	11.337	11.901	12.463
327.2	0	2.6093	3.7939	4.6092	5.312	5.9722	6.6056	7.2194	7.8294	8.4234	9.014	9.594	10.171	10.741	11.309	11.871	12.432
327.3	0	2.6023	3.7838	4.5971	5.2982	5.9567	6.5886	7.2009	7.8094	8.402	8.9912	9.5697	10.145	10.714	11.28	11.841	12.401
327.4	0	2.5954	3.7739	4.5851	5.2845	5.9413	6.5716	7.1825	7.7895	8.3807	8.9684	9.5456	10.12	10.687	11.252	11.812	12.37
327.5	0	2.5884	3.764	4.5732	5.2708	5.926	6.5548	7.1642	7.7697	8.3595	8.9458	9.5217	10.094	10.66	11.224	11.783	12.339
327.6	0	2.5815	3.7542	4.5613	5.2572	5.9108	6.538	7.146	7.7501	8.3385	8.9234	9.4979	10.069	10.634	11.196	11.753	12.309
327.7	0	2.5747	3.7444	4.5495	5.2437	5.8957	6.5214	7.1279	7.7306	8.3176	8.901	9.4742	10.044	10.608	11.169	11.725	12.279
327.8	0	2.5679	3.7347	4.5378	5.2303	5.8807	6.5049	7.11	7.7112	8.2968	8.8789	9.4507	10.02	10.581	11.141	11.696	12.248
327.9	0	2.5612	3.7251	4.5262	5.217	5.8657	6.4884	7.0922	7.692	8.2762	8.8569	9.4274	9.9949	10.555	11.114	11.667	12.219
328	0	2.5545	3.7155	4.5147	5.2038	5.8509	6.4721	7.0744	7.6729	8.2557	8.8351	9.4042	9.9704	10.53	11.087	11.639	12.189
328.1	0	2.5479	3.706	4.5032	5.1906	5.8362	6.4559	7.0569	7.6539	8.2354	8.8134	9.3811	9.9461	10.504	11.06	11.611	12.16
328.2	0	2.5413	3.6966	4.4918	5.1776	5.8216	6.4399	7.0394	7.6351	8.2152	8.7918	9.3583	9.9219	10.479	11.033	11.583	12.131
328.3	0	2.5348	3.6873	4.4804	5.1646	5.8071	6.4239	7.022	7.6163	8.1952	8.7704	9.3356	9.8979	10.453	11.007	11.555	12.102
328.4	0	2.5283	3.678	4.4692	5.1517	5.7926	6.408	7.0048	7.5977	8.1753	8.7492	9.313	9.8741	10.428	10.98	11.528	12.073
328.5	0	2.5218	3.6687	4.458	5.1389	5.7783	6.3923	6.9877	7.5793	8.1555	8.7281	9.2906	9.8504	10.403	10.954	11.5	12.044
328.6	0	2.5154	3.6596	4.4469	5.1261	5.7641	6.3767	6.9707	7.5609	8.1358	8.7072	9.2683	9.8269	10.379	10.928	11.473	12.016
