0	0	0.1	0.2	0.3	0.4	0.5	0.6	0.7	0.8	0.9	1	1.1	1.2	1.3	1.4	1.5
263.9	0	-0.020685	-0.060907	-0.10048	-0.14065	-0.1811	-0.22166	-0.26205	-0.30222	-0.34223	-0.38215	-0.42196	-0.46161	-0.50111	-0.54049	-0.57972
264	0.20254	0.18181	0.14147	0.10178	0.061523	0.020972	-0.01971	-0.060239	-0.10054	-0.14066	-0.1807	-0.22061	-0.26038	-0.29998	-0.33946	-0.37877
264.1	0.40511	0.38432	0.34386	0.30406	0.26372	0.22307	0.18227	0.14161	0.10118	0.060931	0.020781	-0.019243	-0.059115	-0.098821	-0.13839	-0.1778
264.2	0.6074	0.58655	0.54598	0.50607	0.46564	0.4249	0.38398	0.34319	0.30264	0.26226	0.222	0.18186	0.14188	0.10207	0.0624	0.0229
264.3	0.80937	0.78847	0.74776	0.70774	0.66723	0.62641	0.58538	0.54446	0.50378	0.46328	0.4229	0.38264	0.34255	0.30263	0.26287	0.22328
264.4	1.0114	0.99046	0.94963	0.90949	0.8689	0.828	0.78687	0.74583	0.70502	0.66439	0.62388	0.58351	0.5433	0.50328	0.46343	0.42374
264.5	1.2141	1.1931	1.1521	1.1119	1.0712	1.0302	0.989	0.94784	0.9069	0.86615	0.82551	0.78502	0.74469	0.70457	0.66463	0.62485
264.6	1.4172	1.3961	1.355	1.3146	1.2738	1.2328	1.1915	1.1502	1.1092	1.0683	1.0275	0.9869	0.94646	0.90623	0.86619	0.82632
264.7	1.6202	1.599	1.5578	1.5173	1.4764	1.4353	1.3939	1.3525	1.3113	1.2703	1.2294	1.1887	1.1481	1.1078	1.0677	1.0277
264.8	1.8231	1.8018	1.7605	1.7198	1.6789	1.6377	1.5962	1.5547	1.5134	1.4723	1.4313	1.3904	1.3497	1.3093	1.2691	1.229
264.9	2.026	2.0046	1.9632	1.9224	1.8814	1.8401	1.7985	1.7569	1.7155	1.6743	1.6331	1.5922	1.5514	1.5108	1.4705	1.4304
265	2.2292	2.2078	2.1662	2.1253	2.0841	2.0428	2.0011	1.9594	1.9179	1.8765	1.8353	1.7942	1.7533	1.7126	1.6722	1.632
265.1	2.4328	2.4113	2.3696	2.3286	2.2873	2.2459	2.2041	2.1623	2.1207	2.0792	2.0379	1.9967	1.9556	1.9149	1.8744	1.8341
265.2	2.6363	2.6148	2.573	2.5319	2.4905	2.449	2.4071	2.3653	2.3235	2.2819	2.2404	2.1991	2.158	2.1171	2.0765	2.0361
265.3	2.8393	2.8178	2.7758	2.7346	2.6931	2.6515	2.6095	2.5676	2.5257	2.484	2.4424	2.401	2.3597	2.3188	2.2781	2.2376
265.4	3.042	3.0204	2.9783	2.937	2.8954	2.8536	2.8116	2.7695	2.7276	2.6857	2.644	2.6025	2.5612	2.5201	2.4793	2.4387
265.5	3.2448	3.2231	3.181	3.1396	3.0978	3.0559	3.0138	2.9717	2.9296	2.8876	2.8458	2.8042	2.7628	2.7216	2.6807	2.64
265.6	3.4479	3.4261	3.3838	3.3423	3.3004	3.2585	3.2163	3.174	3.1318	3.0897	3.0478	3.0061	2.9646	2.9233	2.8823	2.8415
265.7	3.6513	3.6295	3.5871	3.5455	3.5035	3.4614	3.4191	3.3767	3.3344	3.2922	3.2502	3.2084	3.1667	3.1253	3.0842	3.0434
265.8	3.8548	3.833	3.7905	3.7487	3.7066	3.6644	3.622	3.5795	3.5371	3.4948	3.4527	3.4107	3.369	3.3275	3.2863	3.2453
265.9	4.0579	4.036	3.9933	3.9515	3.9093	3.8669	3.8244	3.7818	3.7393	3.6969	3.6547	3.6126	3.5708	3.5292	3.4879	3.4468
266	4.2607	4.2387	4.196	4.154	4.1116	4.0692	4.0266	3.9839	3.9412	3.8987	3.8564	3.8142	3.7723	3.7306	3.6892	3.648
266.1	4.4638	4.4417	4.3989	4.3568	4.3143	4.2717	4.229	4.1862	4.1434	4.1008	4.0583	4.0161	3.9741	3.9323	3.8907	3.8494
266.2	4.667	4.6449	4.6019	4.5597	4.517	4.4743	4.4315	4.3886	4.3457	4.303	4.2604	4.2181	4.176	4.1341	4.0924	4.051
266.3	4.8703	4.8482	4.8051	4.7627	4.72	4.6771	4.6342	4.5912	4.5481	4.5053	4.4627	4.4202	4.378	4.336	4.2942	4.2527
266.4	5.0737	5.0515	5.0083	4.9658	4.9229	4.8799	4.8369	4.7937	4.7506	4.7077	4.6649	4.6224	4.5801	4.538	4.4961	4.4544
266.5	5.2769	5.2546	5.2113	5.1687	5.1256	5.0825	5.0393	4.9961	4.9529	4.9098	4.867	4.8244	4.7819	4.7397	4.6977	4.6559
266.6	5.4801	5.4578	5.4143	5.3716	5.3284	5.2851	5.2418	5.1985	5.1551	5.112	5.0691	5.0264	4.9838	4.9415	4.8993	4.8575
266.7	5.6835	5.6611	5.6175	5.5746	5.5313	5.4879	5.4445	5.401	5.3576	5.3143	5.2713	5.2285	5.1859	5.1434	5.1011	5.0591
266.8	5.8869	5.8644	5.8208	5.7778	5.7344	5.6908	5.6473	5.6037	5.5602	5.5168	5.4737	5.4308	5.3881	5.3455	5.3031	5.261
266.9	6.0902	6.0677	6.0235	5.98	5.9364	5.8928	5.8491	5.8054	5.7617	5.7183	5.675	5.6321	5.5892	5.5465	5.504	5.4618
267	6.2934	6.2708	6.2259	6.1818	6.138	6.0942	6.0504	6.0066	5.9629	5.9192	5.8759	5.8328	5.7899	5.7471	5.7044	5.6621
267.1	6.4966	6.4739	6.4288	6.3844	6.3406	6.2966	6.2527	6.2088	6.1649	6.1212	6.0778	6.0346	5.9916	5.9487	5.9059	5.8634
267.2	6.6998	6.6771	6.6319	6.5874	6.5434	6.4994	6.4553	6.4113	6.3673	6.3235	6.2799	6.2367	6.1935	6.1505	6.1076	6.065
267.3	6.9031	6.8803	6.835	6.7904	6.7462	6.702	6.6578	6.6137	6.5696	6.5257	6.482	6.4386	6.3954	6.3523	6.3092	6.2665
267.4	7.1062	7.0834	7.0379	6.9932	6.9489	6.9046	6.8602	6.816	6.7718	6.7277	6.684	6.6404	6.5971	6.5539	6.5107	6.4678
267.5	7.3094	7.2865	7.2409	7.196	7.1517	7.1072	7.0627	7.0183	6.974	6.9298	6.8859	6.8423	6.7989	6.7555	6.7122	6.6693
267.6	7.5128	7.4898	7.4441	7.3991	7.3546	7.31	7.2654	7.2209	7.1764	7.1321	7.0881	7.0443	7.0008	6.9573	6.9139	6.8708
267.7	7.7165	7.6935	7.6476	7.6024	7.5578	7.5131	7.4683	7.4237	7.3791	7.3347	7.2905	7.2467	7.203	7.1594	7.1159	7.0727
267.8	7.9206	7.8975	7.8514	7.8062	7.7614	7.7166	7.6717	7.6269	7.5822	7.5377	7.4934	7.4493	7.4056	7.3619	7.3183	7.275
267.9	8.1248	8.1016	8.0554	8.01	7.9651	7.9202	7.8751	7.8302	7.7854	7.7407	7.6963	7.6521	7.6082	7.5644	7.5207	7.4773
268	8.329	8.3057	8.2594	8.2138	8.1688	8.1237	8.0785	8.0334	7.9885	7.9437	7.8991	7.8548	7.8108	7.7669	7.7231	7.6796
268.1	8.5333	8.5099	8.4634	8.4177	8.3725	8.3273	8.282	8.2368	8.1917	8.1468	8.1021	8.0576	8.0135	7.9695	7.9256	7.882
268.2	8.7377	8.7143	8.6677	8.6218	8.5765	8.5311	8.4857	8.4403	8.3952	8.3501	8.3053	8.2607	8.2163	8.1722	8.1283	8.0845
268.3	8.9424	8.9189	8.8722	8.8262	8.7807	8.7351	8.6895	8.6441	8.5988	8.5536	8.5086	8.4639	8.4194	8.3752	8.3311	8.2873
268.4	9.1471	9.1235	9.0767	9.0305	8.9848	8.9391	8.8934	8.8478	8.8024	8.7571	8.712	8.6671	8.6225	8.5781	8.534	8.49
268.5	9.3514	9.3278	9.2808	9.2345	9.1887	9.1428	9.0969	9.0512	9.0057	8.9603	8.915	8.8699	8.8252	8.7807	8.7365	8.6924
268.6	9.5555	9.5318	9.4847	9.4383	9.3922	9.3462	9.3002	9.2543	9.2087	9.1631	9.1177	9.0725	9.0276	8.983	8.9387	8.8945
268.7	9.7595	9.7357	9.6885	9.642	9.5958	9.5495	9.5033	9.4573	9.4116	9.3659	9.3204	9.275	9.2299	9.1852	9.1408	9.0966
268.8	9.9636	9.9398	9.8925	9.8458	9.7994	9.753	9.7066	9.6605	9.6146	9.5689	9.5231	9.4776	9.4324	9.3876	9.343	9.2987
268.9	10.168	10.144	10.097	10.05	10.003	9.9567	9.9101	9.8638	9.8178	9.772	9.7261	9.6804	9.6351	9.5901	9.5455	9.501
269	10.372	10.348	10.301	10.254	10.207	10.16	10.114	10.067	10.021	9.9751	9.9291	9.8833	9.8378	9.7927	9.7479	9.7034
269.1	10.577	10.553	10.505	10.458	10.411	10.364	10.317	10.271	10.224	10.178	10.132	10.086	10.04	9.9951	9.9503	9.9056
269.2	10.781	10.757	10.709	10.662	10.615	10.568	10.521	10.474	10.427	10.381	10.335	10.289	10.243	10.197	10.153	10.108
269.3	10.985	10.961	10.913	10.866	10.819	10.771	10.724	10.677	10.631	10.584	10.538	10.492	10.446	10.4	10.355	10.31
269.4	11.19	11.166	11.118	11.07	11.023	10.975	10.928	10.881	10.834	10.788	10.741	10.695	10.649	10.603	10.558	10.513
269.5	11.395	11.371	11.322	11.275	11.227	11.18	11.132	11.085	11.038	10.992	10.945	10.898	10.852	10.806	10.761	10.716
269.6	11.6	11.576	11.527	11.479	11.432	11.384	11.337	11.289	11.242	11.195	11.149	11.102	11.055	11.009	10.964	10.919
269.7	11.806	11.781	11.732	11.684	11.637	11.589	11.541	11.494	11.447	11.4	11.353	11.306	11.259	11.213	11.168	11.122
269.8	12.011	11.987	11.938	11.889	11.842	11.794	11.746	11.698	11.651	11.604	11.557	11.51	11.463	11.417	11.371	11.326
269.9	12.217	12.192	12.143	12.095	12.047	11.999	11.951	11.903	11.855	11.808	11.761	11.714	11.667	11.62	11.575	11.529
270	12.422	12.398	12.348	12.3	12.252	12.203	12.155	12.107	12.06	12.012	11.965	11.918	11.871	11.824	11.778	11.733
270.1	12.628	12.603	12.553	12.505	12.456	12.408	12.36	12.312	12.264	12.216	12.169	12.121	12.074	12.028	11.982	11.936
270.2	12.833	12.808	12.759	12.71	12.661	12.613	12.564	12.516	12.468	12.42	12.373	12.325	12.278	12.231	12.185	12.139
270.3	13.039	13.014	12.964	12.915	12.866	12.818	12.769	12.721	12.673	12.625	12.577	12.529	12.482	12.435	12.389	12.342
270.4	13.244	13.219	13.169	13.12	13.071	13.022	12.974	12.925	12.877	12.829	12.781	12.733	12.686	12.639	12.592	12.546
270.5	13.449	13.424	13.374	13.325	13.276	13.227	13.178	13.13	13.081	13.033	12.985	12.937	12.889	12.842	12.795	12.749
270.6	13.655	13.63	13.579	13.53	13.481	13.432	13.383	13.334	13.285	13.237	13.188	13.14	13.093	13.045	12.999	12.952
270.7	13.86	13.835	13.784	13.734	13.685	13.636	13.587	13.538	13.489	13.441	13.392	13.344	13.296	13.249	13.202	13.155
270.8	14.065	14.04	13.989	13.939	13.89	13.84	13.791	13.742	13.693	13.644	13.596	13.547	13.5	13.452	13.405	13.358
270.9	14.27	14.245	14.194	14.144	14.095	14.045	13.996	13.947	13.897	13.848	13.8	13.751	13.703	13.655	13.608	13.561
271	14.476	14.45	14.399	14.349	14.299	14.25	14.2	14.151	14.101	14.052	14.003	13.955	13.907	13.859	13.811	13.764
271.1	14.681	14.655	14.604	14.554	14.504	14.454	14.404	14.355	14.305	14.256	14.207	14.158	14.11	14.062	14.015	13.967
271.2	14.886	14.86	14.809	14.758	14.708	14.659	14.609	14.559	14.509	14.46	14.411	14.362	14.314	14.265	14.218	14.17
271.3	15.091	15.065	15.014	14.963	14.913	14.863	14.813	14.763	14.713	14.664	14.615	14.566	14.517	14.469	14.421	14.373
271.4	15.297	15.271	15.219	15.169	15.118	15.068	15.018	14.968	14.918	14.868	14.819	14.77	14.721	14.672	14.624	14.577
271.5	15.503	15.477	15.425	15.374	15.323	15.273	15.223	15.172	15.122	15.072	15.023	14.974	14.925	14.876	14.828	14.78
271.6	15.709	15.683	15.631	15.58	15.529	15.478	15.428	15.377	15.327	15.277	15.227	15.178	15.129	15.08	15.032	14.984
271.7	15.915	15.889	15.837	15.785	15.734	15.683	15.633	15.582	15.532	15.481	15.432	15.382	15.333	15.284	15.236	15.188
271.8	16.121	16.095	16.043	15.991	15.94	15.889	15.838	15.787	15.736	15.686	15.636	15.587	15.537	15.488	15.44	15.391
271.9	16.328	16.301	16.249	16.197	16.146	16.094	16.043	15.992	15.941	15.891	15.841	15.791	15.742	15.693	15.644	15.595
272	16.534	16.508	16.455	16.403	16.351	16.3	16.249	16.197	16.146	16.096	16.046	15.996	15.946	15.897	15.848	15.799
272.1	16.74	16.714	16.661	16.609	16.557	16.506	16.454	16.403	16.351	16.301	16.25	16.2	16.151	16.101	16.052	16.003
272.2	16.947	16.92	16.867	16.815	16.763	16.711	16.659	16.608	16.556	16.505	16.455	16.405	16.355	16.305	16.256	16.207
272.3	17.153	17.126	17.073	17.02	16.968	16.916	16.864	16.813	16.761	16.71	16.659	16.609	16.559	16.509	16.46	16.411
272.4	17.359	17.332	17.279	17.226	17.174	17.121	17.069	17.017	16.965	16.914	16.863	16.813	16.763	16.713	16.663	16.614
272.5	17.565	17.538	17.484	17.432	17.379	17.326	17.274	17.221	17.17	17.118	17.067	17.017	16.966	16.916	16.867	16.817
272.6	17.771	17.744	17.69	17.637	17.584	17.531	17.479	17.426	17.374	17.323	17.272	17.221	17.171	17.12	17.07	17.021
272.7	17.978	17.95	17.897	17.843	17.79	17.737	17.684	17.632	17.579	17.528	17.476	17.426	17.375	17.325	17.275	17.225
272.8	18.184	18.157	18.103	18.05	17.996	17.943	17.89	17.837	17.785	17.733	17.681	17.63	17.58	17.529	17.479	17.429
272.9	18.391	18.364	18.309	18.256	18.202	18.148	18.095	18.043	17.99	17.938	17.886	17.835	17.784	17.734	17.683	17.633
273	18.598	18.57	18.516	18.462	18.408	18.355	18.301	18.248	18.196	18.144	18.092	18.04	17.989	17.938	17.888	17.838
273.1	18.805	18.777	18.723	18.669	18.615	18.561	18.507	18.454	18.402	18.349	18.297	18.245	18.194	18.143	18.092	18.042
273.2	19.012	18.985	18.93	18.876	18.822	18.767	18.714	18.66	18.607	18.555	18.503	18.451	18.399	18.348	18.297	18.247
273.3	19.219	19.192	19.137	19.083	19.028	18.974	18.92	18.867	18.814	18.761	18.708	18.656	18.605	18.553	18.502	18.452
273.4	19.427	19.399	19.344	19.29	19.235	19.181	19.127	19.073	19.02	18.967	18.914	18.862	18.81	18.759	18.708	18.657
273.5	19.635	19.607	19.552	19.497	19.442	19.387	19.333	19.279	19.226	19.173	19.12	19.068	19.016	18.964	18.913	18.862
273.6	19.842	19.814	19.759	19.704	19.649	19.594	19.539	19.486	19.432	19.379	19.326	19.273	19.221	19.169	19.118	19.067
273.7	20.049	20.021	19.966	19.911	19.855	19.8	19.746	19.691	19.638	19.584	19.531	19.478	19.426	19.374	19.322	19.271
273.8	20.256	20.228	20.172	20.117	20.062	20.006	19.952	19.897	19.843	19.79	19.736	19.683	19.631	19.579	19.527	19.475
273.9	20.464	20.435	20.379	20.324	20.268	20.213	20.158	20.103	20.049	19.995	19.942	19.889	19.836	19.783	19.731	19.68
274	20.671	20.643	20.587	20.531	20.475	20.419	20.364	20.309	20.255	20.201	20.148	20.094	20.041	19.988	19.936	19.885
274.1	20.879	20.85	20.794	20.738	20.682	20.626	20.571	20.516	20.461	20.407	20.353	20.3	20.246	20.194	20.141	20.09
274.2	21.086	21.058	21.001	20.945	20.889	20.833	20.777	20.722	20.667	20.613	20.559	20.505	20.452	20.399	20.346	20.294
274.3	21.294	21.266	21.209	21.152	21.096	21.039	20.984	20.928	20.873	20.819	20.765	20.711	20.657	20.604	20.551	20.499
274.4	21.502	21.473	21.416	21.359	21.303	21.246	21.19	21.135	21.08	21.025	20.97	20.916	20.863	20.809	20.757	20.704
274.5	21.71	21.681	21.624	21.567	21.51	21.453	21.397	21.341	21.286	21.231	21.176	21.122	21.068	21.015	20.962	20.909
274.6	21.918	21.889	21.831	21.774	21.717	21.66	21.604	21.548	21.492	21.437	21.382	21.328	21.274	21.22	21.167	21.114
274.7	22.126	22.097	22.039	21.981	21.924	21.867	21.81	21.754	21.698	21.643	21.588	21.533	21.479	21.425	21.372	21.319
274.8	22.333	22.304	22.246	22.189	22.131	22.074	22.017	21.96	21.904	21.849	21.794	21.739	21.685	21.631	21.577	21.524
274.9	22.541	22.512	22.454	22.396	22.338	22.28	22.224	22.167	22.111	22.055	22	21.945	21.89	21.836	21.782	21.729
275	22.749	22.72	22.662	22.603	22.545	22.488	22.43	22.374	22.317	22.261	22.206	22.151	22.096	22.042	21.988	21.935
275.1	22.958	22.928	22.869	22.811	22.753	22.695	22.637	22.58	22.524	22.467	22.412	22.356	22.302	22.247	22.193	22.14
275.2	23.166	23.137	23.077	23.019	22.96	22.902	22.844	22.787	22.73	22.673	22.618	22.562	22.507	22.453	22.398	22.345
275.3	23.374	23.345	23.285	23.227	23.168	23.109	23.051	22.994	22.937	22.88	22.824	22.768	22.713	22.658	22.604	22.55
275.4	23.583	23.553	23.494	23.434	23.376	23.317	23.259	23.201	23.143	23.087	23.03	22.974	22.919	22.864	22.81	22.756
275.5	23.792	23.762	23.702	23.643	23.584	23.525	23.466	23.408	23.35	23.293	23.237	23.181	23.125	23.07	23.016	22.961
275.6	24	23.97	23.91	23.851	23.791	23.732	23.674	23.615	23.557	23.5	23.443	23.387	23.331	23.276	23.221	23.167
275.7	24.209	24.179	24.119	24.059	23.999	23.94	23.881	23.822	23.764	23.707	23.65	23.593	23.538	23.482	23.427	23.372
275.8	24.418	24.388	24.327	24.267	24.207	24.148	24.088	24.03	23.971	23.914	23.856	23.8	23.744	23.688	23.633	23.578
275.9	24.627	24.597	24.536	24.475	24.415	24.356	24.296	24.237	24.179	24.121	24.063	24.007	23.95	23.895	23.839	23.784
276	24.837	24.806	24.745	24.685	24.624	24.564	24.505	24.445	24.387	24.328	24.271	24.214	24.157	24.101	24.046	23.991
276.1	25.047	25.016	24.955	24.894	24.833	24.773	24.713	24.654	24.595	24.536	24.479	24.421	24.365	24.309	24.253	24.197
276.2	25.257	25.226	25.164	25.103	25.043	24.982	24.922	24.862	24.803	24.745	24.686	24.629	24.572	24.516	24.46	24.404
276.3	25.467	25.436	25.374	25.313	25.252	25.191	25.131	25.071	25.012	24.953	24.894	24.837	24.78	24.723	24.667	24.611
276.4	25.677	25.646	25.584	25.523	25.461	25.4	25.34	25.28	25.22	25.161	25.102	25.044	24.987	24.93	24.874	24.818
276.5	25.888	25.857	25.794	25.732	25.671	25.609	25.549	25.488	25.429	25.369	25.311	25.252	25.195	25.138	25.081	25.025
276.6	26.098	26.067	26.004	25.942	25.88	25.819	25.758	25.697	25.637	25.578	25.519	25.46	25.402	25.345	25.288	25.232
276.7	26.308	26.276	26.214	26.151	26.089	26.027	25.966	25.905	25.845	25.785	25.726	25.668	25.61	25.552	25.495	25.439
276.8	26.518	26.486	26.423	26.36	26.298	26.236	26.174	26.113	26.053	25.993	25.933	25.875	25.816	25.759	25.701	25.645
276.9	26.727	26.695	26.632	26.569	26.506	26.444	26.382	26.321	26.26	26.2	26.14	26.081	26.023	25.965	25.907	25.851
277	26.936	26.904	26.841	26.778	26.715	26.652	26.59	26.529	26.468	26.407	26.347	26.288	26.229	26.171	26.113	26.056
277.1	27.146	27.114	27.05	26.986	26.923	26.86	26.798	26.736	26.675	26.614	26.554	26.495	26.436	26.377	26.32	26.262
277.2	27.355	27.323	27.259	27.195	27.132	27.068	27.006	26.944	26.883	26.822	26.761	26.702	26.642	26.584	26.526	26.468
277.3	27.565	27.532	27.468	27.404	27.34	27.277	27.214	27.152	27.09	27.029	26.969	26.909	26.849	26.79	26.732	26.674
277.4	27.775	27.742	27.677	27.613	27.549	27.485	27.422	27.36	27.298	27.237	27.176	27.116	27.056	26.997	26.939	26.881
277.5	27.985	27.952	27.887	27.823	27.758	27.694	27.631	27.568	27.506	27.445	27.384	27.323	27.263	27.204	27.145	27.087
277.6	28.195	28.163	28.097	28.032	27.968	27.904	27.84	27.777	27.715	27.653	27.592	27.531	27.471	27.412	27.353	27.294
277.7	28.406	28.373	28.308	28.243	28.178	28.113	28.05	27.986	27.924	27.862	27.8	27.739	27.679	27.619	27.56	27.502
277.8	28.618	28.585	28.519	28.453	28.388	28.324	28.26	28.196	28.133	28.071	28.009	27.948	27.887	27.828	27.768	27.709
277.9	28.83	28.796	28.73	28.665	28.599	28.534	28.47	28.406	28.343	28.281	28.219	28.157	28.096	28.036	27.977	27.918
278	29.042	29.008	28.942	28.876	28.81	28.745	28.68	28.616	28.553	28.49	28.428	28.366	28.305	28.245	28.185	28.126
278.1	29.253	29.22	29.153	29.087	29.021	28.955	28.89	28.826	28.763	28.699	28.637	28.575	28.514	28.453	28.393	28.334
278.2	29.465	29.431	29.364	29.298	29.231	29.165	29.1	29.036	28.972	28.909	28.846	28.784	28.722	28.661	28.601	28.541
278.3	29.676	29.643	29.575	29.509	29.442	29.376	29.31	29.246	29.181	29.118	29.055	28.992	28.931	28.869	28.809	28.749
278.4	29.889	29.855	29.787	29.72	29.653	29.586	29.521	29.456	29.391	29.327	29.264	29.202	29.139	29.078	29.017	28.957
278.5	30.101	30.067	29.999	29.931	29.864	29.797	29.731	29.666	29.601	29.537	29.474	29.411	29.348	29.287	29.226	29.166
278.6	30.313	30.279	30.21	30.143	30.075	30.008	29.942	29.876	29.811	29.747	29.683	29.62	29.557	29.495	29.434	29.374
278.7	30.525	30.491	30.422	30.354	30.286	30.219	30.152	30.086	30.021	29.956	29.892	29.829	29.766	29.704	29.642	29.582
278.8	30.737	30.703	30.634	30.566	30.497	30.43	30.363	30.296	30.231	30.166	30.102	30.038	29.975	29.913	29.851	29.79
278.9	30.95	30.916	30.846	30.778	30.709	30.641	30.574	30.507	30.441	30.376	30.311	30.247	30.184	30.122	30.06	29.999
279	31.163	31.128	31.059	30.99	30.921	30.852	30.785	30.718	30.651	30.586	30.521	30.457	30.394	30.331	30.269	30.207
279.1	31.376	31.341	31.271	31.201	31.132	31.063	30.995	30.928	30.862	30.796	30.731	30.666	30.603	30.54	30.477	30.416
279.2	31.589	31.553	31.483	31.413	31.344	31.274	31.206	31.138	31.072	31.005	30.94	30.876	30.811	30.748	30.686	30.624
279.3	31.801	31.766	31.695	31.625	31.555	31.485	31.417	31.349	31.282	31.215	31.15	31.085	31.02	30.957	30.894	30.832
279.4	32.014	31.978	31.907	31.836	31.766	31.696	31.627	31.559	31.492	31.425	31.359	31.294	31.229	31.165	31.102	31.04
279.5	32.227	32.191	32.119	32.048	31.978	31.907	31.838	31.769	31.702	31.635	31.568	31.503	31.438	31.374	31.311	31.248
279.6	32.439	32.403	32.331	32.26	32.189	32.118	32.049	31.98	31.912	31.844	31.778	31.712	31.647	31.583	31.519	31.456
279.7	32.652	32.616	32.543	32.472	32.401	32.33	32.26	32.19	32.122	32.054	31.988	31.922	31.856	31.792	31.728	31.665
279.8	32.866	32.829	32.756	32.684	32.613	32.541	32.471	32.401	32.333	32.265	32.198	32.131	32.066	32.001	31.937	31.874
279.9	33.08	33.043	32.97	32.897	32.825	32.754	32.683	32.613	32.544	32.476	32.408	32.342	32.276	32.211	32.147	32.083
280	33.294	33.257	33.183	33.111	33.038	32.966	32.895	32.825	32.756	32.687	32.619	32.553	32.486	32.421	32.356	32.292
280.1	33.508	33.471	33.397	33.324	33.251	33.179	33.107	33.037	32.967	32.898	32.83	32.763	32.697	32.631	32.566	32.502
280.2	33.723	33.685	33.611	33.537	33.464	33.391	33.319	33.249	33.178	33.109	33.041	32.974	32.907	32.841	32.776	32.711
280.3	33.937	33.899	33.824	33.75	33.676	33.604	33.531	33.46	33.39	33.32	33.252	33.184	33.117	33.051	32.985	32.92
280.4	34.151	34.113	34.038	33.963	33.889	33.816	33.744	33.672	33.601	33.531	33.462	33.394	33.327	33.261	33.195	33.13
280.5	34.366	34.328	34.252	34.177	34.102	34.029	33.956	33.884	33.813	33.743	33.673	33.605	33.538	33.471	33.405	33.339
280.6	34.58	34.542	34.465	34.39	34.315	34.241	34.168	34.096	34.024	33.954	33.884	33.815	33.748	33.681	33.614	33.549
280.7	34.794	34.756	34.679	34.603	34.528	34.454	34.38	34.307	34.236	34.165	34.095	34.026	33.958	33.89	33.824	33.758
280.8	35.009	34.97	34.893	34.817	34.741	34.666	34.593	34.52	34.447	34.376	34.306	34.237	34.168	34.101	34.034	33.967
280.9	35.225	35.186	35.108	35.031	34.955	34.88	34.806	34.732	34.66	34.588	34.518	34.448	34.379	34.311	34.244	34.178
281	35.441	35.402	35.323	35.246	35.17	35.094	35.019	34.946	34.873	34.801	34.73	34.66	34.591	34.523	34.455	34.388
281.1	35.658	35.618	35.539	35.461	35.385	35.309	35.234	35.16	35.087	35.014	34.943	34.873	34.803	34.735	34.667	34.6
281.2	35.875	35.835	35.755	35.677	35.6	35.524	35.448	35.374	35.3	35.228	35.156	35.085	35.016	34.947	34.879	34.811
281.3	36.092	36.052	35.971	35.893	35.815	35.739	35.663	35.588	35.514	35.441	35.369	35.298	35.228	35.159	35.09	35.023
281.4	36.309	36.268	36.188	36.108	36.03	35.953	35.877	35.802	35.728	35.654	35.582	35.511	35.44	35.371	35.302	35.234
281.5	36.526	36.485	36.404	36.324	36.245	36.168	36.092	36.016	35.941	35.868	35.795	35.723	35.653	35.583	35.514	35.446
281.6	36.743	36.702	36.62	36.54	36.461	36.383	36.306	36.23	36.155	36.081	36.008	35.936	35.865	35.795	35.725	35.657
281.7	36.96	36.919	36.836	36.756	36.676	36.598	36.521	36.444	36.369	36.294	36.221	36.149	36.077	36.007	35.937	35.868
281.8	37.177	37.136	37.053	36.971	36.891	36.813	36.735	36.658	36.582	36.508	36.434	36.361	36.289	36.219	36.149	36.08
281.9	37.394	37.352	37.269	37.187	37.107	37.027	36.949	36.872	36.796	36.721	36.647	36.574	36.502	36.43	36.36	36.291
282	37.612	37.57	37.485	37.403	37.322	37.242	37.164	37.086	37.01	36.934	36.859	36.786	36.714	36.642	36.572	36.502
282.1	37.83	37.787	37.702	37.619	37.538	37.457	37.378	37.3	37.223	37.147	37.073	36.999	36.926	36.854	36.783	36.713
282.2	38.048	38.005	37.92	37.836	37.754	37.673	37.594	37.515	37.438	37.361	37.286	37.212	37.139	37.067	36.996	36.925
282.3	38.266	38.223	38.137	38.053	37.97	37.889	37.809	37.73	37.652	37.576	37.5	37.425	37.352	37.28	37.208	37.137
282.4	38.485	38.441	38.355	38.27	38.187	38.105	38.024	37.945	37.867	37.789	37.713	37.639	37.565	37.492	37.42	37.349
282.5	38.704	38.659	38.572	38.487	38.403	38.32	38.239	38.159	38.081	38.003	37.927	37.852	37.778	37.704	37.632	37.561
282.6	38.922	38.878	38.79	38.704	38.619	38.536	38.454	38.374	38.295	38.217	38.14	38.065	37.99	37.917	37.844	37.772
282.7	39.141	39.096	39.007	38.921	38.835	38.752	38.67	38.589	38.509	38.431	38.354	38.278	38.203	38.129	38.056	37.984
282.8	39.361	39.315	39.225	39.138	39.052	38.968	38.885	38.804	38.724	38.645	38.567	38.491	38.416	38.342	38.268	38.196
282.9	39.58	39.535	39.444	39.356	39.269	39.184	39.101	39.019	38.939	38.859	38.781	38.705	38.629	38.554	38.481	38.408
283	39.8	39.754	39.663	39.574	39.486	39.401	39.317	39.235	39.154	39.074	38.995	38.918	38.842	38.767	38.693	38.62
283.1	40.021	39.974	39.882	39.792	39.704	39.618	39.533	39.45	39.369	39.289	39.21	39.132	39.056	38.98	38.906	38.833
283.2	40.242	40.195	40.102	40.011	39.922	39.835	39.75	39.667	39.585	39.504	39.425	39.347	39.27	39.194	39.119	39.046
283.3	40.464	40.416	40.322	40.23	40.141	40.053	39.967	39.883	39.801	39.72	39.64	39.562	39.484	39.408	39.333	39.259
283.4	40.687	40.638	40.543	40.45	40.36	40.272	40.185	40.1	40.017	39.936	39.856	39.777	39.699	39.622	39.547	39.472
283.5	40.909	40.86	40.764	40.67	40.579	40.49	40.403	40.318	40.234	40.152	40.072	39.992	39.914	39.837	39.761	39.686
283.6	41.132	41.083	40.985	40.891	40.799	40.709	40.621	40.535	40.451	40.369	40.287	40.208	40.129	40.051	39.975	39.9
283.7	41.355	41.305	41.206	41.111	41.018	40.927	40.839	40.752	40.668	40.585	40.503	40.423	40.344	40.266	40.189	40.113
283.8	41.579	41.528	41.428	41.332	41.238	41.146	41.057	40.97	40.885	40.801	40.719	40.638	40.559	40.48	40.403	40.327
283.9	41.803	41.751	41.65	41.553	41.458	41.366	41.276	41.188	41.102	41.018	40.935	40.854	40.774	40.695	40.618	40.541
284	42.028	41.975	41.872	41.774	41.678	41.585	41.494	41.406	41.319	41.235	41.152	41.07	40.989	40.91	40.832	40.755
284.1	42.253	42.2	42.095	41.996	41.899	41.805	41.714	41.624	41.537	41.452	41.369	41.286	41.205	41.125	41.047	40.97
284.2	42.479	42.425	42.319	42.218	42.12	42.025	41.933	41.843	41.755	41.67	41.585	41.503	41.421	41.341	41.262	41.184
284.3	42.705	42.65	42.543	42.44	42.341	42.246	42.153	42.062	41.974	41.887	41.802	41.719	41.637	41.556	41.477	41.399
284.4	42.931	42.876	42.767	42.663	42.563	42.466	42.372	42.281	42.192	42.105	42.019	41.936	41.853	41.772	41.692	41.614
284.5	43.158	43.102	42.991	42.886	42.784	42.687	42.592	42.5	42.41	42.322	42.236	42.152	42.069	41.987	41.907	41.828
284.6	43.386	43.328	43.215	43.109	43.006	42.907	42.812	42.719	42.628	42.54	42.454	42.369	42.285	42.203	42.122	42.043
284.7	43.614	43.555	43.441	43.332	43.229	43.129	43.032	42.938	42.847	42.758	42.671	42.586	42.502	42.419	42.338	42.258
284.8	43.843	43.783	43.666	43.557	43.452	43.35	43.253	43.158	43.066	42.977	42.889	42.803	42.718	42.635	42.554	42.474
284.9	44.073	44.012	43.893	43.781	43.675	43.572	43.474	43.378	43.285	43.195	43.107	43.02	42.935	42.851	42.769	42.689
285	44.303	44.241	44.12	44.006	43.898	43.795	43.695	43.599	43.505	43.414	43.325	43.238	43.152	43.068	42.986	42.904
285.1	44.535	44.471	44.348	44.232	44.122	44.018	43.917	43.819	43.725	43.633	43.543	43.456	43.37	43.285	43.202	43.12
285.2	44.768	44.702	44.576	44.459	44.348	44.241	44.139	44.041	43.946	43.853	43.763	43.674	43.588	43.503	43.419	43.337
285.3	45.001	44.935	44.806	44.686	44.573	44.466	44.363	44.263	44.167	44.073	43.982	43.893	43.806	43.721	43.637	43.554
285.4	45.236	45.168	45.037	44.915	44.8	44.69	44.586	44.485	44.388	44.294	44.202	44.112	44.025	43.939	43.854	43.771
285.5	45.471	45.401	45.267	45.143	45.026	44.915	44.809	44.707	44.609	44.514	44.421	44.331	44.243	44.156	44.071	43.988
285.6	45.706	45.635	45.498	45.371	45.252	45.139	45.032	44.929	44.83	44.734	44.64	44.549	44.46	44.373	44.288	44.204
285.7	45.942	45.869	45.729	45.599	45.478	45.364	45.255	45.151	45.051	44.954	44.859	44.768	44.678	44.59	44.504	44.42
285.8	46.179	46.104	45.961	45.828	45.705	45.588	45.478	45.373	45.272	45.174	45.079	44.986	44.896	44.808	44.721	44.636
285.9	46.418	46.341	46.194	46.058	45.932	45.814	45.702	45.596	45.493	45.394	45.298	45.205	45.114	45.025	44.938	44.852
286	46.657	46.578	46.428	46.289	46.161	46.04	45.927	45.819	45.715	45.615	45.518	45.424	45.332	45.243	45.155	45.069
286.1	46.897	46.817	46.662	46.521	46.389	46.267	46.151	46.042	45.937	45.836	45.738	45.643	45.551	45.461	45.372	45.285
286.2	47.139	47.056	46.898	46.753	46.619	46.494	46.377	46.265	46.159	46.057	45.958	45.863	45.77	45.679	45.59	45.502
286.3	47.382	47.297	47.135	46.986	46.849	46.722	46.603	46.49	46.382	46.279	46.179	46.082	45.989	45.897	45.807	45.719
286.4	47.627	47.54	47.373	47.221	47.081	46.951	46.83	46.715	46.606	46.501	46.4	46.303	46.208	46.116	46.026	45.937
286.5	47.873	47.784	47.613	47.457	47.314	47.181	47.058	46.941	46.83	46.724	46.622	46.524	46.429	46.336	46.245	46.155
286.6	48.121	48.029	47.853	47.694	47.547	47.412	47.286	47.167	47.055	46.948	46.845	46.745	46.649	46.555	46.463	46.373
286.7	48.369	48.275	48.095	47.931	47.781	47.643	47.514	47.394	47.28	47.171	47.067	46.966	46.869	46.774	46.682	46.591
286.8	48.619	48.522	48.337	48.17	48.016	47.874	47.743	47.62	47.505	47.394	47.289	47.187	47.089	46.994	46.901	46.809
286.9	48.871	48.771	48.581	48.409	48.252	48.107	47.973	47.848	47.73	47.618	47.511	47.409	47.31	47.213	47.12	47.028
287	49.125	49.022	48.827	48.65	48.489	48.341	48.204	48.076	47.957	47.843	47.735	47.631	47.531	47.434	47.339	47.246
287.1	49.38	49.274	49.073	48.892	48.727	48.575	48.436	48.305	48.184	48.068	47.958	47.853	47.752	47.654	47.559	47.465
287.2	49.637	49.528	49.321	49.136	48.966	48.811	48.668	48.535	48.411	48.293	48.182	48.076	47.973	47.874	47.778	47.684
287.3	49.895	49.783	49.57	49.379	49.206	49.046	48.9	48.764	48.638	48.519	48.406	48.298	48.194	48.094	47.997	47.902
287.4	50.154	50.038	49.82	49.624	49.445	49.282	49.132	48.994	48.865	48.744	48.629	48.52	48.415	48.314	48.216	48.12
287.5	50.414	50.296	50.071	49.869	49.686	49.519	49.366	49.224	49.092	48.969	48.853	48.742	48.636	48.534	48.434	48.338
287.6	50.677	50.555	50.324	50.117	49.929	49.757	49.6	49.455	49.321	49.195	49.077	48.964	48.857	48.754	48.654	48.556
287.7	50.941	50.816	50.578	50.365	50.173	49.996	49.835	49.687	49.55	49.422	49.302	49.188	49.079	48.974	48.873	48.775
287.8	51.208	51.079	50.835	50.616	50.418	50.237	50.072	49.92	49.78	49.65	49.527	49.412	49.301	49.195	49.093	48.994
287.9	51.477	51.345	51.093	50.868	50.665	50.479	50.31	50.155	50.012	49.879	49.754	49.636	49.524	49.417	49.314	49.214
288	51.748	51.612	51.354	51.122	50.913	50.723	50.549	50.39	50.244	50.108	49.981	49.861	49.748	49.639	49.535	49.434
288.1	52.021	51.881	51.615	51.378	51.163	50.967	50.79	50.627	50.477	50.338	50.209	50.087	49.971	49.861	49.756	49.654
288.2	52.296	52.153	51.88	51.635	51.414	51.214	51.031	50.864	50.711	50.569	50.437	50.313	50.196	50.084	49.977	49.874
288.3	52.574	52.426	52.146	51.894	51.668	51.462	51.275	51.104	50.947	50.802	50.667	50.541	50.421	50.308	50.2	50.095
288.4	52.854	52.702	52.414	52.155	51.922	51.711	51.519	51.343	51.183	51.034	50.897	50.768	50.647	50.532	50.422	50.317
288.5	53.135	52.979	52.683	52.417	52.178	51.961	51.764	51.584	51.419	51.268	51.127	50.996	50.872	50.755	50.644	50.538
288.6	53.417	53.258	52.954	52.681	52.435	52.211	52.009	51.825	51.656	51.501	51.357	51.224	51.098	50.979	50.866	50.758
288.7	53.702	53.538	53.226	52.946	52.693	52.463	52.256	52.067	51.894	51.735	51.588	51.451	51.323	51.203	51.088	50.979
288.8	53.988	53.82	53.5	53.212	52.952	52.717	52.503	52.309	52.132	51.969	51.819	51.68	51.549	51.426	51.31	51.199
288.9	54.277	54.104	53.776	53.48	53.213	52.972	52.753	52.554	52.372	52.205	52.051	51.909	51.776	51.65	51.532	51.42
289	54.568	54.391	54.054	53.751	53.477	53.228	53.004	52.799	52.613	52.442	52.285	52.139	52.003	51.876	51.755	51.641
289.1	54.861	54.68	54.335	54.024	53.742	53.487	53.256	53.046	52.855	52.68	52.519	52.37	52.231	52.101	51.979	51.863
289.2	55.157	54.972	54.618	54.299	54.01	53.748	53.51	53.295	53.099	52.919	52.754	52.601	52.46	52.327	52.203	52.085
289.3	55.456	55.266	54.903	54.576	54.279	54.01	53.767	53.545	53.344	53.16	52.991	52.835	52.69	52.555	52.428	52.308
289.4	55.757	55.562	55.191	54.855	54.551	54.275	54.025	53.797	53.591	53.402	53.228	53.069	52.921	52.783	52.654	52.532
289.5	56.06	55.863	55.485	55.141	54.829	54.546	54.289	54.055	53.843	53.649	53.472	53.308	53.157	53.016	52.884	52.76
289.6	56.366	56.151	55.75	55.398	55.078	54.788	54.524	54.284	54.066	53.867	53.685	53.517	53.363	53.219	53.084	52.958
289.7	56.674	56.438	56.013	55.652	55.324	55.026	54.755	54.509	54.285	54.081	53.894	53.723	53.564	53.417	53.28	53.151
289.8	56.983	56.743	56.309	55.939	55.603	55.297	55.02	54.767	54.537	54.327	54.136	53.96	53.798	53.647	53.507	53.376
289.9	57.294	57.05	56.607	56.229	55.885	55.571	55.286	55.027	54.791	54.576	54.379	54.199	54.033	53.879	53.736	53.602
290	57.606	57.357	56.906	56.52	56.167	55.846	55.553	55.287	55.045	54.824	54.623	54.438	54.268	54.111	53.964	53.828
290.1	57.919	57.667	57.207	56.812	56.451	56.122	55.822	55.549	55.3	55.074	54.867	54.678	54.504	54.343	54.193	54.054
290.2	58.234	57.978	57.511	57.107	56.737	56.4	56.093	55.813	55.558	55.325	55.113	54.919	54.74	54.575	54.423	54.281
290.3	58.552	58.292	57.816	57.403	57.026	56.68	56.366	56.078	55.817	55.578	55.361	55.161	54.979	54.81	54.653	54.508
290.4	58.871	58.608	58.124	57.703	57.317	56.964	56.641	56.347	56.078	55.834	55.61	55.406	55.219	55.046	54.886	54.737
290.5	59.193	58.926	58.434	58.004	57.609	57.248	56.918	56.616	56.341	56.09	55.861	55.651	55.459	55.282	55.118	54.967
290.6	59.517	59.247	58.742	58.297	57.894	57.524	57.186	56.877	56.595	56.338	56.102	55.887	55.691	55.509	55.342	55.186
290.7	59.843	59.57	59.053	58.596	58.184	57.806	57.46	57.144	56.854	56.59	56.349	56.129	55.927	55.741	55.57	55.411
290.8	60.171	59.895	59.371	58.907	58.487	58.101	57.747	57.423	57.126	56.856	56.608	56.382	56.175	55.985	55.809	55.647
290.9	60.501	60.222	59.691	59.219	58.791	58.396	58.034	57.703	57.399	57.122	56.868	56.636	56.424	56.229	56.049	55.882
291	60.833	60.55	60.014	59.534	59.097	58.694	58.324	57.985	57.674	57.39	57.129	56.891	56.674	56.474	56.29	56.12
291.1	61.166	60.881	60.338	59.85	59.407	58.995	58.617	58.27	57.952	57.66	57.393	57.149	56.926	56.721	56.533	56.358
291.2	61.5	61.212	60.663	60.167	59.714	59.295	58.908	58.553	58.228	57.929	57.656	57.405	57.176	56.967	56.773	56.595
291.3	61.836	61.545	60.99	60.483	60.019	59.591	59.197	58.834	58.501	58.195	57.915	57.658	57.423	57.208	57.01	56.827
291.4	62.172	61.879	61.319	60.803	60.329	59.893	59.491	59.12	58.779	58.466	58.179	57.916	57.675	57.455	57.252	57.065
291.5	62.509	62.214	61.649	61.127	60.645	60.202	59.792	59.413	59.064	58.744	58.45	58.18	57.933	57.707	57.5	57.308
291.6	62.848	62.551	61.98	61.452	60.963	60.512	60.094	59.708	59.352	59.024	58.723	58.446	58.193	57.961	57.748	57.552
291.7	63.19	62.89	62.315	61.78	61.284	60.825	60.4	60.005	59.641	59.306	58.998	58.715	58.455	58.217	57.999	57.798
291.8	63.532	63.231	62.651	62.11	61.607	61.14	60.707	60.305	59.933	59.591	59.275	58.985	58.719	58.475	58.251	58.045
291.9	63.876	63.573	62.988	62.442	61.931	61.457	61.016	60.606	60.227	59.877	59.554	59.257	58.984	58.735	58.505	58.294
292	64.221	63.916	63.326	62.775	62.258	61.777	61.328	60.911	60.524	60.167	59.836	59.532	59.253	58.997	58.761	58.545
292.1	64.566	64.26	63.666	63.109	62.586	62.098	61.643	61.218	60.823	60.458	60.121	59.809	59.523	59.26	59.019	58.797
292.2	64.913	64.605	64.007	63.445	62.916	62.422	61.96	61.527	61.125	60.752	60.408	60.089	59.796	59.527	59.28	59.052
292.3	65.262	64.952	64.35	63.783	63.249	62.746	62.274	61.834	61.425	61.044	60.692	60.366	60.066	59.79	59.537	59.304
292.4	65.611	65.3	64.694	64.122	63.582	63.071	62.589	62.143	61.726	61.338	60.978	60.645	60.338	60.056	59.796	59.557
292.5	65.961	65.648	65.039	64.462	63.917	63.4	62.912	62.458	62.034	61.639	61.271	60.931	60.617	60.328	60.062	59.817
292.6	66.31	65.996	65.384	64.802	64.252	63.729	63.235	62.774	62.343	61.94	61.565	61.218	60.897	60.601	60.328	60.077
292.7	66.659	66.344	65.728	65.143	64.587	64.059	63.558	63.09	62.652	62.242	61.86	61.505	61.177	60.874	60.595	60.338
292.8	67.009	66.693	66.074	65.484	64.924	64.39	63.883	63.408	62.963	62.545	62.156	61.794	61.459	61.149	60.863	60.599
292.9	67.36	67.043	66.422	65.828	65.262	64.723	64.211	63.729	63.277	62.852	62.456	62.086	61.744	61.427	61.134	60.864
293	67.712	67.394	66.77	66.172	65.602	65.058	64.54	64.052	63.593	63.161	62.758	62.381	62.032	61.708	61.408	61.132
293.1	68.064	67.745	67.119	66.517	65.943	65.394	64.87	64.377	63.911	63.473	63.062	62.678	62.322	61.991	61.684	61.401
293.2	68.416	68.096	67.467	66.862	66.283	65.73	65.201	64.701	64.227	63.782	63.364	62.973	62.609	62.272	61.958	61.669
293.3	68.768	68.447	67.816	67.207	66.625	66.067	65.534	65.026	64.544	64.092	63.668	63.27	62.899	62.555	62.234	61.938
293.4	69.121	68.8	68.167	67.555	66.969	66.407	65.868	65.355	64.868	64.409	63.978	63.574	63.196	62.844	62.517	62.214
293.5	69.475	69.154	68.519	67.904	67.314	66.748	66.206	65.687	65.194	64.729	64.291	63.88	63.495	63.137	62.803	62.493
293.6	69.83	69.508	68.872	68.254	67.661	67.091	66.544	66.021	65.522	65.05	64.605	64.188	63.796	63.431	63.09	62.773
293.7	70.184	69.862	69.225	68.604	68.007	67.434	66.882	66.355	65.85	65.372	64.921	64.496	64.098	63.726	63.378	63.055
293.8	70.538	70.216	69.577	68.954	68.354	67.776	67.221	66.689	66.179	65.696	65.238	64.807	64.403	64.024	63.669	63.339
293.9	70.891	70.573	69.938	69.313	68.71	68.129	67.57	67.033	66.519	66.029	65.566	65.129	64.718	64.332	63.971	63.634
294	71.245	70.896	70.229	69.602	68.996	68.412	67.849	67.308	66.789	66.294	65.824	65.381	64.963	64.571	64.203	63.859
294.1	71.598	71.213	70.51	69.88	69.272	68.684	68.118	67.573	67.05	66.548	66.072	65.623	65.199	64.8	64.426	64.075
294.2	71.952	71.568	70.865	70.234	69.623	69.032	68.463	67.914	67.387	66.881	66.399	65.944	65.514	65.109	64.728	64.371
294.3	72.305	71.926	71.227	70.594	69.981	69.387	68.814	68.262	67.731	67.22	66.733	66.272	65.836	65.425	65.038	64.674
294.4	72.657	72.282	71.586	70.952	70.337	69.74	69.164	68.608	68.073	67.558	67.066	66.6	66.158	65.74	65.347	64.977
294.5	73.01	72.637	71.945	71.31	70.693	70.093	69.514	68.955	68.416	67.898	67.401	66.928	66.481	66.057	65.658	65.281
294.6	73.362	72.994	72.304	71.669	71.05	70.448	69.865	69.304	68.761	68.239	67.737	67.26	66.807	66.378	65.972	65.589
294.7	73.715	73.351	72.665	72.029	71.408	70.804	70.218	69.654	69.108	68.582	68.076	67.595	67.136	66.701	66.289	65.9
294.8	74.069	73.708	73.026	72.39	71.768	71.162	70.574	70.006	69.457	68.928	68.418	67.931	67.467	67.026	66.608	66.213
294.9	74.422	74.065	73.385	72.747	72.123	71.515	70.924	70.354	69.802	69.27	68.756	68.264	67.794	67.347	66.924	66.523
295	74.774	74.421	73.735	73.087	72.463	71.853	71.259	70.686	70.132	69.596	69.079	68.583	68.108	67.656	67.227	66.82
295.1	75.126	74.777	74.09	73.436	72.811	72.199	71.603	71.027	70.47	69.932	69.411	68.911	68.432	67.974	67.54	67.127
295.2	75.478	75.133	74.452	73.8	73.175	72.561	71.963	71.385	70.825	70.284	69.76	69.256	68.772	68.309	67.869	67.451
295.3	75.829	75.487	74.812	74.162	73.536	72.921	72.321	71.74	71.178	70.634	70.107	69.599	69.111	68.643	68.198	67.774
295.4	76.178	75.84	75.17	74.522	73.896	73.28	72.679	72.095	71.53	70.984	70.454	69.943	69.45	68.978	68.527	68.098
295.5	76.526	76.192	75.528	74.882	74.256	73.639	73.036	72.45	71.883	71.333	70.801	70.286	69.79	69.313	68.857	68.423
295.6	76.872	76.542	75.883	75.238	74.61	73.993	73.388	72.801	72.231	71.679	71.144	70.626	70.126	69.644	69.182	68.743
295.7	77.217	76.891	76.238	75.591	74.96	74.342	73.736	73.146	72.574	72.019	71.482	70.961	70.457	69.971	69.505	69.06
295.8	77.561	77.239	76.592	75.946	75.313	74.695	74.088	73.497	72.922	72.365	71.824	71.301	70.794	70.304	69.833	69.384
295.9	77.904	77.586	76.945	76.302	75.671	75.052	74.445	73.852	73.275	72.715	72.172	71.646	71.136	70.642	70.167	69.713
296	78.247	77.932	77.297	76.657	76.028	75.409	74.801	74.206	73.627	73.065	72.52	71.991	71.477	70.981	70.501	70.043
296.1	78.588	78.277	77.648	77.012	76.384	75.766	75.157	74.562	73.981	73.417	72.869	72.337	71.821	71.321	70.838	70.375
296.2	78.93	78.623	78	77.367	76.74	76.121	75.512	74.915	74.332	73.766	73.215	72.681	72.162	71.659	71.173	70.705
296.3	79.271	78.968	78.351	77.722	77.094	76.473	75.864	75.266	74.682	74.113	73.56	73.023	72.502	71.996	71.506	71.035
296.4	79.612	79.312	78.701	78.076	77.45	76.83	76.22	75.622	75.036	74.465	73.91	73.371	72.847	72.338	71.845	71.37
296.5	79.951	79.656	79.051	78.43	77.807	77.189	76.579	75.98	75.393	74.82	74.263	73.721	73.195	72.683	72.188	71.709
296.6	80.291	79.999	79.401	78.784	78.164	77.547	76.938	76.338	75.75	75.176	74.617	74.072	73.543	73.029	72.531	72.048
296.7	80.629	80.341	79.749	79.136	78.519	77.904	77.296	76.696	76.107	75.531	74.97	74.423	73.892	73.376	72.874	72.388
296.8	80.965	80.681	80.095	79.487	78.873	78.26	77.653	77.053	76.463	75.886	75.323	74.774	74.24	73.722	73.218	72.729
296.9	81.299	81.019	80.439	79.836	79.225	78.615	78.009	77.41	76.819	76.241	75.676	75.125	74.589	74.068	73.561	73.07
297	81.631	81.355	80.782	80.183	79.576	78.968	78.364	77.765	77.174	76.595	76.028	75.475	74.937	74.414	73.905	73.41
297.1	81.962	81.689	81.123	80.528	79.925	79.32	78.718	78.119	77.528	76.948	76.38	75.825	75.285	74.759	74.248	73.751
297.2	82.29	82.021	81.461	80.871	80.272	79.67	79.07	78.472	77.882	77.301	76.731	76.175	75.632	75.104	74.591	74.091
297.3	82.615	82.351	81.797	81.212	80.617	80.018	79.418	78.82	78.229	77.648	77.078	76.52	75.975	75.445	74.929	74.427
297.4	82.939	82.678	82.131	81.552	80.96	80.364	79.765	79.167	78.577	77.995	77.424	76.864	76.318	75.786	75.268	74.764
297.5	83.261	83.004	82.464	81.89	81.302	80.709	80.113	79.517	78.928	78.347	77.775	77.214	76.666	76.132	75.612	75.105
297.6	83.583	83.33	82.797	82.227	81.644	81.055	80.461	79.867	79.279	78.698	78.126	77.564	77.014	76.478	75.956	75.447
297.7	83.904	83.654	83.128	82.564	81.985	81.399	80.809	80.217	79.631	79.05	78.477	77.914	77.363	76.825	76.301	75.79
297.8	84.223	83.978	83.458	82.9	82.326	81.744	81.156	80.566	79.981	79.401	78.828	78.265	77.712	77.173	76.647	76.134
297.9	84.541	84.299	83.787	83.234	82.665	82.087	81.502	80.915	80.331	79.752	79.18	78.615	78.061	77.52	76.993	76.478
298	84.857	84.62	84.116	83.57	83.005	82.431	81.849	81.265	80.683	80.105	79.533	78.968	78.413	77.871	77.341	76.825
298.1	85.172	84.935	84.433	83.893	83.334	82.764	82.186	81.604	81.024	80.447	79.876	79.311	78.755	78.211	77.68	77.162
298.2	85.485	85.223	84.7	84.166	83.611	83.046	82.472	81.893	81.315	80.739	80.168	79.603	79.047	78.501	77.969	77.449
298.3	85.796	85.519	84.985	84.457	83.908	83.348	82.777	82.201	81.624	81.048	80.478	79.914	79.357	78.811	78.277	77.755
298.4	86.105	85.838	85.318	84.797	84.254	83.698	83.131	82.559	81.984	81.409	80.84	80.276	79.719	79.172	78.637	78.113
298.5	86.412	86.152	85.642	85.128	84.59	84.039	83.477	82.908	82.336	81.763	81.195	80.632	80.075	79.527	78.99	78.466
298.6	86.717	86.464	85.965	85.457	84.925	84.379	83.821	83.256	82.687	82.116	81.55	80.988	80.43	79.882	79.344	78.818
298.7	87.021	86.775	86.286	85.784	85.259	84.718	84.165	83.603	83.037	82.469	81.904	81.343	80.786	80.237	79.698	79.171
298.8	87.324	87.084	86.605	86.111	85.591	85.056	84.507	83.95	83.387	82.821	82.258	81.698	81.141	80.592	80.053	79.524
298.9	87.625	87.392	86.923	86.435	85.922	85.392	84.848	84.295	83.735	83.173	82.611	82.052	81.497	80.947	80.407	79.878
299	87.924	87.697	87.239	86.758	86.25	85.726	85.187	84.638	84.082	83.523	82.963	82.406	81.851	81.302	80.762	80.231
299.1	88.222	88.001	87.552	87.078	86.577	86.058	85.525	84.98	84.428	83.872	83.314	82.758	82.205	81.656	81.115	80.584
299.2	88.518	88.303	87.864	87.397	86.902	86.389	85.861	85.321	84.773	84.219	83.663	83.108	82.556	82.008	81.467	80.935
299.3	88.813	88.604	88.174	87.714	87.226	86.719	86.195	85.66	85.116	84.566	84.012	83.459	82.908	82.361	81.819	81.287
299.4	89.105	88.902	88.482	88.03	87.548	87.047	86.529	85.998	85.458	84.912	84.361	83.809	83.261	82.714	82.173	81.64
299.5	89.396	89.198	88.781	88.33	87.855	87.359	86.847	86.321	85.785	85.242	84.695	84.145	83.599	83.053	82.513	81.979
299.6	89.683	89.491	89.078	88.629	88.16	87.67	87.163	86.642	86.111	85.572	85.027	84.48	83.935	83.392	82.851	82.318
299.7	89.969	89.781	89.379	88.939	88.477	87.993	87.491	86.975	86.448	85.913	85.372	84.827	84.284	83.742	83.203	82.669
299.8	90.253	90.07	89.677	89.245	88.789	88.311	87.815	87.304	86.782	86.251	85.713	85.171	84.63	84.09	83.552	83.018
299.9	90.535	90.357	89.973	89.549	89.1	88.628	88.137	87.631	87.114	86.587	86.052	85.514	84.975	84.437	83.9	83.367
300	90.816	90.643	90.268	89.851	89.408	88.943	88.458	87.957	87.444	86.921	86.391	85.855	85.319	84.782	84.246	83.714
300.1	91.095	90.926	90.56	90.15	89.715	89.255	88.776	88.28	87.772	87.254	86.727	86.194	85.66	85.126	84.591	84.06
300.2	91.372	91.208	90.849	90.448	90.019	89.566	89.092	88.602	88.098	87.584	87.062	86.533	86.001	85.468	84.936	84.405
300.3	91.647	91.487	91.137	90.743	90.322	89.875	89.407	88.922	88.424	87.914	87.396	86.87	86.342	85.811	85.28	84.751
300.4	91.921	91.766	91.424	91.036	90.619	90.179	89.717	89.238	88.744	88.239	87.725	87.203	86.678	86.15	85.621	85.093
300.5	92.195	92.043	91.709	91.326	90.915	90.482	90.026	89.552	89.064	88.564	88.054	87.535	87.013	86.488	85.961	85.434
300.6	92.466	92.318	91.992	91.617	91.213	90.786	90.337	89.869	89.386	88.89	88.384	87.87	87.351	86.828	86.304	85.779
300.7	92.736	92.592	92.273	91.905	91.508	91.088	90.645	90.183	89.705	89.214	88.713	88.203	87.686	87.167	86.645	86.122
300.8	93.003	92.863	92.551	92.191	91.801	91.387	90.95	90.494	90.022	89.536	89.039	88.533	88.02	87.504	86.984	86.463
300.9	93.269	93.132	92.828	92.474	92.092	91.684	91.254	90.804	90.337	89.856	89.364	88.862	88.353	87.839	87.322	86.803
301	93.533	93.4	93.102	92.756	92.38	91.98	91.556	91.112	90.651	90.175	89.687	89.189	88.684	88.173	87.658	87.141
301.1	93.795	93.666	93.375	93.036	92.667	92.273	91.855	91.417	90.962	90.491	90.008	89.515	89.013	88.506	87.994	87.479
301.2	94.056	93.929	93.646	93.313	92.95	92.562	92.151	91.72	91.27	90.805	90.327	89.838	89.34	88.835	88.327	87.815
301.3	94.314	94.191	93.914	93.589	93.232	92.85	92.445	92.02	91.576	91.116	90.643	90.159	89.664	89.164	88.658	88.149
301.4	94.571	94.451	94.181	93.862	93.512	93.136	92.738	92.319	91.881	91.427	90.959	90.479	89.989	89.491	88.989	88.482
301.5	94.826	94.71	94.445	94.133	93.789	93.42	93.029	92.616	92.184	91.735	91.272	90.797	90.311	89.817	89.318	88.815
301.6	95.08	94.966	94.708	94.402	94.065	93.703	93.317	92.911	92.485	92.042	91.584	91.113	90.632	90.142	89.646	89.146
301.7	95.333	95.222	94.97	94.67	94.339	93.984	93.604	93.204	92.784	92.347	91.894	91.428	90.951	90.465	89.973	89.476
301.8	95.584	95.476	95.23	94.936	94.612	94.263	93.89	93.496	93.082	92.65	92.203	91.742	91.269	90.788	90.299	89.804
301.9	95.834	95.728	95.488	95.2	94.883	94.539	94.172	93.784	93.377	92.95	92.508	92.052	91.585	91.107	90.622	90.131
302	96.082	95.979	95.744	95.463	95.151	94.813	94.452	94.071	93.669	93.249	92.812	92.361	91.898	91.424	90.943	90.456
302.1	96.328	96.228	95.999	95.723	95.418	95.086	94.732	94.356	93.961	93.546	93.115	92.669	92.211	91.742	91.264	90.78
302.2	96.573	96.476	96.252	95.982	95.683	95.357	95.009	94.64	94.25	93.841	93.415	92.975	92.521	92.057	91.583	91.103
302.3	96.817	96.722	96.503	96.239	95.946	95.627	95.284	94.921	94.537	94.134	93.714	93.279	92.83	92.37	91.901	91.424
302.4	97.059	96.966	96.753	96.494	96.207	95.894	95.558	95.2	94.823	94.426	94.011	93.581	93.138	92.683	92.218	91.744
302.5	97.3	97.21	97.001	96.748	96.467	96.16	95.83	95.478	95.107	94.716	94.307	93.882	93.444	92.993	92.533	92.063
302.6	97.54	97.452	97.248	97.001	96.725	96.424	96.1	95.755	95.389	95.004	94.601	94.182	93.749	93.303	92.847	92.381
302.7	97.778	97.692	97.493	97.252	96.981	96.686	96.368	96.029	95.67	95.291	94.893	94.48	94.052	93.611	93.159	92.698
302.8	98.015	97.932	97.738	97.501	97.236	96.947	96.635	96.302	95.948	95.575	95.183	94.776	94.353	93.917	93.47	93.013
302.9	98.251	98.17	97.98	97.749	97.49	97.206	96.9	96.573	96.225	95.857	95.472	95.07	94.652	94.221	93.778	93.326
303	98.486	98.406	98.221	97.995	97.741	97.463	97.163	96.841	96.5	96.138	95.758	95.362	94.949	94.524	94.086	93.637
303.1	98.719	98.641	98.461	98.24	97.991	97.719	97.424	97.108	96.772	96.417	96.043	95.652	95.245	94.824	94.391	93.947
303.2	98.95	98.875	98.699	98.483	98.239	97.972	97.683	97.373	97.042	96.693	96.325	95.939	95.538	95.122	94.694	94.254
303.3	99.18	99.107	98.935	98.724	98.485	98.224	97.94	97.635	97.31	96.966	96.604	96.224	95.828	95.417	94.994	94.559
303.4	99.409	99.337	99.17	98.963	98.73	98.473	98.195	97.896	97.576	97.238	96.881	96.507	96.116	95.711	95.292	94.862
303.5	99.636	99.566	99.403	99.201	98.973	98.721	98.448	98.154	97.84	97.508	97.157	96.788	96.403	96.003	95.589	95.164
303.6	99.862	99.794	99.635	99.437	99.214	98.967	98.7	98.412	98.103	97.776	97.43	97.067	96.688	96.293	95.885	95.464
303.7	100.09	100.02	99.866	99.673	99.454	99.212	98.95	98.667	98.364	98.043	97.703	97.345	96.971	96.582	96.178	95.763
303.8	100.31	100.25	100.1	99.907	99.693	99.456	99.199	98.921	98.624	98.308	97.973	97.621	97.253	96.869	96.471	96.06
303.9	100.54	100.47	100.32	100.14	99.931	99.699	99.447	99.174	98.882	98.572	98.243	97.897	97.533	97.155	96.762	96.356
304	100.76	100.7	100.55	100.37	100.17	99.94	99.693	99.426	99.139	98.834	98.511	98.17	97.813	97.439	97.051	96.65
304.1	100.98	100.92	100.78	100.6	100.4	100.18	99.938	99.676	99.394	99.095	98.777	98.442	98.089	97.721	97.339	96.942
304.2	101.2	101.14	101	100.83	100.64	100.42	100.18	99.924	99.647	99.353	99.041	98.711	98.364	98.001	97.624	97.232
304.3	101.42	101.36	101.23	101.06	100.87	100.65	100.42	100.17	99.899	99.61	99.303	98.978	98.637	98.279	97.907	97.521
304.4	101.64	101.58	101.45	101.29	101.1	100.89	100.66	100.41	100.15	99.865	99.563	99.244	98.908	98.556	98.189	97.808
304.5	101.85	101.8	101.67	101.51	101.33	101.12	100.9	100.66	100.4	100.12	99.822	99.509	99.178	98.831	98.469	98.093
304.6	102.07	102.02	101.89	101.74	101.56	101.36	101.14	100.9	100.64	100.37	100.08	99.771	99.446	99.104	98.747	98.376
304.7	102.29	102.23	102.11	101.96	101.78	101.59	101.37	101.14	100.89	100.62	100.33	100.03	99.712	99.375	99.023	98.657
304.8	102.5	102.45	102.33	102.18	102.01	101.82	101.61	101.38	101.13	100.87	100.59	100.29	99.976	99.645	99.298	98.937
304.9	102.71	102.67	102.55	102.4	102.23	102.05	101.84	101.62	101.38	101.12	100.84	100.55	100.24	99.913	99.571	99.215
305	102.93	102.88	102.77	102.62	102.46	102.28	102.08	101.86	101.62	101.36	101.09	100.81	100.5	100.18	99.843	99.492
305.1	103.14	103.09	102.98	102.84	102.68	102.5	102.31	102.09	101.86	101.61	101.34	101.06	100.76	100.45	100.11	99.768
305.2	103.35	103.31	103.2	103.06	102.91	102.73	102.54	102.33	102.1	101.85	101.59	101.31	101.02	100.71	100.38	100.04
305.3	103.56	103.52	103.41	103.28	103.13	102.96	102.77	102.56	102.34	102.1	101.84	101.57	101.28	100.97	100.65	100.31
305.4	103.78	103.73	103.63	103.5	103.35	103.18	102.99	102.79	102.57	102.34	102.09	101.82	101.53	101.23	100.91	100.58
305.5	103.98	103.94	103.84	103.71	103.57	103.4	103.22	103.02	102.81	102.58	102.33	102.07	101.79	101.49	101.18	100.85
305.6	104.19	104.15	104.05	103.93	103.79	103.62	103.45	103.25	103.04	102.81	102.57	102.31	102.04	101.75	101.44	101.12
305.7	104.4	104.36	104.27	104.14	104	103.84	103.67	103.48	103.27	103.05	102.81	102.56	102.29	102	101.7	101.38
305.8	104.61	104.57	104.48	104.36	104.22	104.06	103.89	103.71	103.5	103.29	103.05	102.8	102.54	102.25	101.96	101.65
305.9	104.82	104.78	104.68	104.57	104.43	104.28	104.11	103.93	103.73	103.52	103.29	103.04	102.78	102.51	102.21	101.91
306	105.02	104.98	104.89	104.78	104.65	104.5	104.33	104.16	103.96	103.75	103.53	103.28	103.03	102.76	102.47	102.17
306.1	105.23	105.19	105.1	104.99	104.86	104.71	104.55	104.38	104.19	103.98	103.76	103.52	103.27	103	102.72	102.42
306.2	105.43	105.39	105.31	105.2	105.07	104.93	104.77	104.6	104.41	104.21	103.99	103.76	103.51	103.25	102.97	102.68
306.3	105.63	105.6	105.51	105.41	105.28	105.14	104.99	104.82	104.64	104.44	104.23	104	103.76	103.5	103.22	102.94
306.4	105.84	105.8	105.72	105.62	105.49	105.36	105.21	105.04	104.86	104.67	104.46	104.24	104	103.74	103.47	103.19
306.5	106.04	106.01	105.93	105.82	105.7	105.57	105.42	105.26	105.09	104.89	104.69	104.47	104.24	103.99	103.72	103.44
306.6	106.24	106.21	106.13	106.03	105.91	105.78	105.64	105.48	105.31	105.12	104.92	104.7	104.47	104.23	103.97	103.69
306.7	106.44	106.41	106.33	106.24	106.12	105.99	105.85	105.7	105.53	105.34	105.15	104.93	104.71	104.47	104.21	103.94
306.8	106.64	106.61	106.54	106.44	106.33	106.2	106.06	105.91	105.75	105.57	105.37	105.16	104.94	104.71	104.46	104.19
306.9	106.84	106.81	106.74	106.65	106.54	106.41	106.28	106.13	105.96	105.79	105.6	105.39	105.18	104.94	104.7	104.44
307	107.04	107.01	106.94	106.85	106.74	106.62	106.49	106.34	106.18	106.01	105.82	105.62	105.41	105.18	104.94	104.68
307.1	107.24	107.21	107.14	107.05	106.95	106.83	106.7	106.55	106.4	106.23	106.04	105.85	105.64	105.41	105.18	104.92
307.2	107.44	107.41	107.34	107.25	107.15	107.04	106.91	106.77	106.61	106.45	106.27	106.07	105.87	105.65	105.41	105.17
307.3	107.64	107.61	107.54	107.46	107.36	107.24	107.12	106.98	106.83	106.66	106.49	106.3	106.1	105.88	105.65	105.41
307.4	107.84	107.81	107.74	107.66	107.56	107.45	107.33	107.19	107.04	106.88	106.71	106.52	106.32	106.11	105.89	105.65
307.5	108.04	108.01	107.94	107.86	107.76	107.65	107.53	107.4	107.26	107.1	106.93	106.75	106.55	106.34	106.12	105.89
307.6	108.23	108.21	108.14	108.06	107.97	107.86	107.74	107.61	107.47	107.31	107.15	106.97	106.78	106.57	106.35	106.12
307.7	108.43	108.4	108.34	108.26	108.17	108.06	107.95	107.82	107.68	107.53	107.36	107.19	107	106.8	106.59	106.36
307.8	108.63	108.6	108.54	108.46	108.37	108.27	108.15	108.03	107.89	107.74	107.58	107.41	107.22	107.03	106.82	106.59
307.9	108.82	108.8	108.74	108.66	108.57	108.47	108.36	108.23	108.1	107.95	107.8	107.63	107.45	107.25	107.05	106.83
308	109.02	108.99	108.93	108.86	108.77	108.67	108.56	108.44	108.31	108.17	108.01	107.85	107.67	107.48	107.27	107.06
308.1	109.21	109.19	109.13	109.06	108.97	108.87	108.76	108.65	108.52	108.38	108.23	108.06	107.89	107.7	107.5	107.29
308.2	109.41	109.38	109.33	109.25	109.17	109.07	108.97	108.85	108.72	108.59	108.44	108.28	108.11	107.92	107.73	107.52
308.3	109.6	109.58	109.52	109.45	109.37	109.27	109.17	109.06	108.93	108.8	108.65	108.49	108.32	108.14	107.95	107.75
308.4	109.79	109.77	109.72	109.65	109.57	109.47	109.37	109.26	109.14	109	108.86	108.71	108.54	108.36	108.17	107.97
308.5	109.99	109.97	109.91	109.84	109.76	109.67	109.57	109.46	109.34	109.21	109.07	108.92	108.76	108.58	108.4	108.2
308.6	110.18	110.16	110.11	110.04	109.96	109.87	109.77	109.67	109.55	109.42	109.28	109.13	108.97	108.8	108.62	108.43
308.7	110.37	110.35	110.3	110.23	110.16	110.07	109.97	109.87	109.75	109.63	109.49	109.34	109.19	109.02	108.84	108.65
308.8	110.57	110.55	110.49	110.43	110.35	110.27	110.17	110.07	109.96	109.83	109.7	109.55	109.4	109.24	109.06	108.87
308.9	110.76	110.74	110.69	110.62	110.55	110.47	110.37	110.27	110.16	110.04	109.91	109.76	109.61	109.45	109.28	109.09
309	110.95	110.93	110.88	110.82	110.74	110.66	110.57	110.47	110.36	110.24	110.11	109.97	109.82	109.67	109.5	109.31
309.1	111.14	111.12	111.07	111.01	110.94	110.86	110.77	110.67	110.56	110.44	110.32	110.18	110.04	109.88	109.71	109.53
309.2	111.33	111.31	111.26	111.2	111.13	111.05	110.97	110.87	110.76	110.65	110.52	110.39	110.25	110.09	109.93	109.75
309.3	111.52	111.5	111.46	111.4	111.33	111.25	111.16	111.07	110.96	110.85	110.73	110.6	110.45	110.3	110.14	109.97
309.4	111.71	111.69	111.65	111.59	111.52	111.44	111.36	111.27	111.16	111.05	110.93	110.8	110.66	110.51	110.36	110.19
309.5	111.9	111.88	111.84	111.78	111.71	111.64	111.56	111.46	111.36	111.25	111.13	111.01	110.87	110.73	110.57	110.4
309.6	112.09	112.07	112.03	111.97	111.91	111.83	111.75	111.66	111.56	111.45	111.34	111.21	111.08	110.94	110.78	110.62
309.7	112.28	112.26	112.22	112.17	112.1	112.03	111.95	111.86	111.76	111.66	111.54	111.42	111.29	111.15	110.99	110.83
309.8	112.47	112.45	112.41	112.36	112.29	112.22	112.14	112.05	111.96	111.86	111.74	111.62	111.49	111.35	111.21	111.05
309.9	112.66	112.64	112.6	112.55	112.49	112.42	112.34	112.25	112.16	112.05	111.94	111.82	111.7	111.56	111.42	111.26
310	112.85	112.83	112.79	112.74	112.68	112.61	112.53	112.45	112.35	112.25	112.14	112.03	111.9	111.77	111.62	111.47
310.1	113.04	113.02	112.98	112.93	112.87	112.8	112.72	112.64	112.55	112.45	112.34	112.23	112.11	111.97	111.83	111.68
310.2	113.23	113.21	113.17	113.12	113.06	112.99	112.92	112.83	112.75	112.65	112.54	112.43	112.31	112.18	112.04	111.89
310.3	113.41	113.4	113.36	113.31	113.25	113.18	113.11	113.03	112.94	112.84	112.74	112.63	112.51	112.38	112.25	112.1
310.4	113.6	113.58	113.55	113.5	113.44	113.37	113.3	113.22	113.14	113.04	112.94	112.83	112.71	112.59	112.45	112.31
310.5	113.79	113.77	113.73	113.69	113.63	113.57	113.49	113.42	113.33	113.24	113.14	113.03	112.91	112.79	112.66	112.52
310.6	113.98	113.96	113.92	113.88	113.82	113.76	113.69	113.61	113.52	113.43	113.34	113.23	113.12	112.99	112.86	112.73
310.7	114.16	114.15	114.11	114.06	114.01	113.95	113.88	113.8	113.72	113.63	113.53	113.43	113.32	113.2	113.07	112.93
310.8	114.35	114.33	114.3	114.25	114.2	114.14	114.07	113.99	113.91	113.82	113.73	113.63	113.52	113.4	113.27	113.14
310.9	114.54	114.52	114.49	114.44	114.39	114.33	114.26	114.19	114.11	114.02	113.92	113.82	113.72	113.6	113.48	113.34
311	114.72	114.71	114.67	114.63	114.58	114.52	114.45	114.38	114.3	114.21	114.12	114.02	113.91	113.8	113.68	113.55
311.1	114.91	114.89	114.86	114.82	114.76	114.71	114.64	114.57	114.49	114.41	114.32	114.22	114.11	114	113.88	113.75
311.2	115.09	115.08	115.05	115	114.95	114.89	114.83	114.76	114.68	114.6	114.51	114.41	114.31	114.2	114.08	113.96
311.3	115.28	115.27	115.23	115.19	115.14	115.08	115.02	114.95	114.88	114.79	114.7	114.61	114.51	114.4	114.28	114.16
311.4	115.47	115.45	115.42	115.38	115.33	115.27	115.21	115.14	115.07	114.99	114.9	114.81	114.7	114.6	114.48	114.36
311.5	115.65	115.64	115.61	115.56	115.52	115.46	115.4	115.33	115.26	115.18	115.09	115	114.9	114.8	114.68	114.56
311.6	115.84	115.82	115.79	115.75	115.7	115.65	115.59	115.52	115.45	115.37	115.29	115.19	115.1	114.99	114.88	114.76
311.7	116.02	116.01	115.98	115.94	115.89	115.84	115.78	115.71	115.64	115.56	115.48	115.39	115.29	115.19	115.08	114.96
311.8	116.21	116.19	116.16	116.12	116.08	116.02	115.96	115.9	115.83	115.75	115.67	115.58	115.49	115.39	115.28	115.16
311.9	116.39	116.38	116.35	116.31	116.26	116.21	116.15	116.09	116.02	115.94	115.86	115.78	115.68	115.58	115.48	115.36
312	116.57	116.56	116.53	116.49	116.45	116.4	116.34	116.28	116.21	116.13	116.05	115.97	115.88	115.78	115.67	115.56
312.1	116.76	116.75	116.72	116.68	116.63	116.58	116.53	116.46	116.4	116.32	116.24	116.16	116.07	115.97	115.87	115.76
312.2	116.94	116.93	116.9	116.86	116.82	116.77	116.71	116.65	116.59	116.51	116.44	116.35	116.26	116.17	116.07	115.96
312.3	117.13	117.11	117.08	117.05	117	116.95	116.9	116.84	116.77	116.7	116.63	116.54	116.46	116.36	116.26	116.16
312.4	117.31	117.3	117.27	117.23	117.19	117.14	117.09	117.03	116.96	116.89	116.82	116.74	116.65	116.56	116.46	116.35
312.5	117.49	117.48	117.45	117.42	117.37	117.33	117.27	117.21	117.15	117.08	117.01	116.93	116.84	116.75	116.65	116.55
312.6	117.68	117.66	117.64	117.6	117.56	117.51	117.46	117.4	117.34	117.27	117.2	117.12	117.03	116.94	116.85	116.75
312.7	117.86	117.85	117.82	117.78	117.74	117.7	117.65	117.59	117.53	117.46	117.39	117.31	117.22	117.14	117.04	116.94
312.8	118.04	118.03	118	117.97	117.93	117.88	117.83	117.77	117.71	117.65	117.58	117.5	117.42	117.33	117.24	117.14
312.9	118.22	118.21	118.19	118.15	118.11	118.07	118.02	117.96	117.9	117.84	117.76	117.69	117.61	117.52	117.43	117.33
313	118.41	118.4	118.37	118.34	118.3	118.25	118.2	118.15	118.09	118.02	117.95	117.88	117.8	117.71	117.62	117.53
313.1	118.59	118.58	118.55	118.52	118.48	118.44	118.39	118.33	118.27	118.21	118.14	118.07	117.99	117.9	117.82	117.72
313.2	118.77	118.76	118.74	118.7	118.66	118.62	118.57	118.52	118.46	118.4	118.33	118.26	118.18	118.1	118.01	117.91
313.3	118.95	118.94	118.92	118.89	118.85	118.8	118.76	118.7	118.65	118.58	118.52	118.44	118.37	118.29	118.2	118.11
313.4	119.14	119.13	119.1	119.07	119.03	118.99	118.94	118.89	118.83	118.77	118.7	118.63	118.56	118.48	118.39	118.3
313.5	119.32	119.31	119.28	119.25	119.21	119.17	119.12	119.07	119.02	118.96	118.89	118.82	118.75	118.67	118.58	118.49
313.6	119.5	119.49	119.46	119.43	119.4	119.35	119.31	119.26	119.2	119.14	119.08	119.01	118.93	118.86	118.77	118.68
313.7	119.68	119.67	119.65	119.62	119.58	119.54	119.49	119.44	119.39	119.33	119.26	119.2	119.12	119.04	118.96	118.87
313.8	119.86	119.85	119.83	119.8	119.76	119.72	119.68	119.63	119.57	119.51	119.45	119.38	119.31	119.23	119.15	119.07
313.9	120.04	120.03	120.01	119.98	119.94	119.9	119.86	119.81	119.76	119.7	119.64	119.57	119.5	119.42	119.34	119.26
314	120.23	120.22	120.19	120.16	120.13	120.09	120.04	120	119.94	119.89	119.82	119.76	119.69	119.61	119.53	119.45
314.1	120.41	120.4	120.37	120.35	120.31	120.27	120.23	120.18	120.13	120.07	120.01	119.94	119.88	119.8	119.72	119.64
314.2	120.59	120.58	120.56	120.53	120.49	120.45	120.41	120.36	120.31	120.26	120.2	120.13	120.06	119.99	119.91	119.83
314.3	120.77	120.76	120.74	120.71	120.68	120.64	120.59	120.55	120.5	120.44	120.38	120.32	120.25	120.18	120.1	120.02
314.4	120.95	120.94	120.92	120.89	120.86	120.82	120.78	120.73	120.68	120.63	120.57	120.5	120.44	120.37	120.29	120.21
314.5	121.13	121.12	121.1	121.07	121.04	121	120.96	120.91	120.86	120.81	120.75	120.69	120.62	120.55	120.48	120.4
314.6	121.31	121.3	121.28	121.25	121.22	121.18	121.14	121.1	121.05	120.99	120.94	120.88	120.81	120.74	120.67	120.59
314.7	121.49	121.48	121.46	121.43	121.4	121.36	121.32	121.28	121.23	121.18	121.12	121.06	121	120.93	120.85	120.78
314.8	121.67	121.66	121.64	121.61	121.58	121.55	121.51	121.46	121.41	121.36	121.31	121.25	121.18	121.11	121.04	120.96
314.9	121.85	121.84	121.82	121.79	121.76	121.73	121.69	121.64	121.6	121.54	121.49	121.43	121.37	121.3	121.23	121.15
315	122.03	122.02	122	121.98	121.94	121.91	121.87	121.83	121.78	121.73	121.67	121.61	121.55	121.48	121.41	121.34
315.1	122.21	122.2	122.18	122.16	122.12	122.09	122.05	122.01	121.96	121.91	121.86	121.8	121.74	121.67	121.6	121.53
315.2	122.39	122.38	122.36	122.34	122.31	122.27	122.23	122.19	122.14	122.09	122.04	121.98	121.92	121.86	121.79	121.71
315.3	122.57	122.56	122.54	122.52	122.49	122.45	122.41	122.37	122.33	122.28	122.22	122.17	122.11	122.04	121.97	121.9
315.4	122.75	122.74	122.72	122.7	122.67	122.63	122.59	122.55	122.51	122.46	122.41	122.35	122.29	122.23	122.16	122.09
315.5	122.93	122.92	122.9	122.88	122.85	122.81	122.78	122.73	122.69	122.64	122.59	122.53	122.47	122.41	122.34	122.27
315.6	123.11	123.1	123.08	123.06	123.03	122.99	122.96	122.92	122.87	122.82	122.77	122.72	122.66	122.6	122.53	122.46
315.7	123.29	123.28	123.26	123.24	123.21	123.17	123.14	123.1	123.05	123.01	122.95	122.9	122.84	122.78	122.71	122.65
315.8	123.47	123.46	123.44	123.42	123.39	123.35	123.32	123.28	123.23	123.19	123.14	123.08	123.03	122.96	122.9	122.83
315.9	123.64	123.64	123.62	123.59	123.57	123.53	123.5	123.46	123.41	123.37	123.32	123.27	123.21	123.15	123.08	123.02
316	123.82	123.82	123.8	123.77	123.74	123.71	123.68	123.64	123.6	123.55	123.5	123.45	123.39	123.33	123.27	123.2
