0	0	0.1	0.2	0.3	0.4	0.5	0.6	0.7	0.8	0.9	1	1.1	1.2	1.3	1.4	1.5
263.9	0	-0.019109	-0.056036	-0.092087	-0.12861	-0.16535	-0.20217	-0.23896	-0.27572	-0.31242	-0.34905	-0.3855	-0.42176	-0.45794	-0.49403	-0.52992
264	0.20255	0.1834	0.14639	0.11024	0.073637	0.036809	-0.00012003	-0.037016	-0.073888	-0.11069	-0.14742	-0.18396	-0.22032	-0.25658	-0.29275	-0.32874
264.1	0.40499	0.3858	0.3487	0.31246	0.27577	0.23886	0.20183	0.16482	0.12784	0.090934	0.054112	0.017467	-0.018987	-0.055337	-0.091597	-0.12767
264.2	0.60719	0.58797	0.55078	0.51445	0.47769	0.4407	0.40356	0.36645	0.32937	0.29235	0.25543	0.21869	0.18213	0.14569	0.10934	0.073169
264.3	0.80936	0.7901	0.75284	0.71642	0.67958	0.64251	0.60528	0.56806	0.53087	0.49375	0.45673	0.41989	0.38323	0.34669	0.31024	0.27398
264.4	1.0118	0.99247	0.95513	0.91862	0.8817	0.84456	0.80723	0.7699	0.73261	0.6954	0.65828	0.62133	0.58456	0.54792	0.51138	0.47502
264.5	1.2144	1.1951	1.1576	1.121	1.084	1.0468	1.0094	0.97196	0.93457	0.89726	0.86004	0.82298	0.7861	0.74937	0.71273	0.67628
264.6	1.4173	1.398	1.3605	1.3238	1.2867	1.2494	1.2119	1.1744	1.1369	1.0994	1.0621	1.025	0.98797	0.95114	0.91441	0.87786
264.7	1.6204	1.6011	1.5635	1.5267	1.4895	1.4522	1.4146	1.3769	1.3393	1.3018	1.2644	1.2271	1.19	1.1531	1.1163	1.0796
264.8	1.8236	1.8042	1.7666	1.7297	1.6924	1.655	1.6173	1.5795	1.5418	1.5042	1.4667	1.4293	1.3921	1.3551	1.3182	1.2814
264.9	2.0269	2.0075	1.9698	1.9328	1.8954	1.8579	1.8201	1.7823	1.7445	1.7068	1.6691	1.6316	1.5943	1.5572	1.5202	1.4833
265	2.2303	2.2109	2.1731	2.136	2.0985	2.0609	2.023	1.9851	1.9472	1.9093	1.8716	1.834	1.7966	1.7593	1.7222	1.6853
265.1	2.4337	2.4142	2.3764	2.3391	2.3016	2.2639	2.2259	2.1878	2.1498	2.1119	2.0741	2.0363	1.9988	1.9614	1.9242	1.8872
265.2	2.6368	2.6173	2.5794	2.542	2.5044	2.4666	2.4285	2.3904	2.3522	2.3142	2.2763	2.2384	2.2008	2.1633	2.126	2.0889
265.3	2.8397	2.8201	2.7821	2.7447	2.7069	2.669	2.6308	2.5926	2.5544	2.5163	2.4782	2.4403	2.4025	2.3649	2.3276	2.2903
265.4	3.0422	3.0226	2.9845	2.947	2.9091	2.871	2.8328	2.7944	2.7561	2.7179	2.6798	2.6417	2.6039	2.5662	2.5287	2.4914
265.5	3.2444	3.2248	3.1867	3.149	3.111	3.0728	3.0345	2.996	2.9577	2.9194	2.8811	2.843	2.805	2.7673	2.7297	2.6923
265.6	3.4466	3.427	3.3888	3.351	3.3129	3.2746	3.2361	3.1976	3.1591	3.1207	3.0824	3.0442	3.0061	2.9683	2.9306	2.8931
265.7	3.6489	3.6292	3.591	3.5531	3.5149	3.4765	3.4378	3.3992	3.3607	3.3222	3.2838	3.2455	3.2073	3.1694	3.1317	3.0941
265.8	3.8515	3.8318	3.7935	3.7556	3.7171	3.6786	3.6399	3.6012	3.5625	3.524	3.4855	3.4471	3.4089	3.3709	3.333	3.2954
265.9	4.0545	4.0347	3.9963	3.9583	3.9198	3.8811	3.8423	3.8035	3.7647	3.7261	3.6876	3.6491	3.6108	3.5726	3.5347	3.497
266	4.2577	4.2379	4.1994	4.1613	4.1226	4.0839	4.0449	4.006	3.9672	3.9285	3.8899	3.8513	3.8129	3.7747	3.7367	3.6988
266.1	4.4611	4.4412	4.4026	4.3644	4.3256	4.2867	4.2477	4.2086	4.1697	4.131	4.0923	4.0536	4.0151	3.9768	3.9387	3.9008
266.2	4.6647	4.6447	4.606	4.5677	4.5288	4.4898	4.4506	4.4115	4.3725	4.3336	4.2949	4.2562	4.2176	4.1791	4.141	4.103
266.3	4.8684	4.8484	4.8095	4.7712	4.7322	4.693	4.6537	4.6145	4.5754	4.5365	4.4976	4.4589	4.4202	4.3817	4.3434	4.3053
266.4	5.0723	5.0522	5.0132	4.9748	4.9357	4.8964	4.857	4.8177	4.7785	4.7395	4.7006	4.6617	4.6229	4.5843	4.5459	4.5078
266.5	5.2762	5.256	5.217	5.1785	5.1392	5.0998	5.0603	5.0209	4.9816	4.9425	4.9035	4.8646	4.8257	4.787	4.7486	4.7103
266.6	5.48	5.4598	5.4206	5.382	5.3427	5.3031	5.2635	5.224	5.1846	5.1455	5.1064	5.0674	5.0284	4.9896	4.9511	4.9127
266.7	5.6835	5.6632	5.6239	5.5852	5.5458	5.5062	5.4664	5.4268	5.3874	5.3481	5.309	5.2699	5.2309	5.192	5.1533	5.1149
266.8	5.887	5.8667	5.8272	5.7885	5.7489	5.7092	5.6693	5.6296	5.5901	5.5508	5.5116	5.4724	5.4333	5.3943	5.3555	5.317
266.9	6.0906	6.0702	6.0306	5.9917	5.9521	5.9123	5.8723	5.8325	5.7929	5.7535	5.7142	5.675	5.6358	5.5967	5.5578	5.5192
267	6.2942	6.2737	6.2341	6.1951	6.1553	6.1154	6.0753	6.0355	5.9958	5.9562	5.9169	5.8776	5.8383	5.7991	5.7601	5.7214
267.1	6.4977	6.4772	6.4374	6.3983	6.3585	6.3184	6.2783	6.2383	6.1985	6.1589	6.1195	6.0801	6.0407	6.0014	5.9624	5.9235
267.2	6.701	6.6804	6.6405	6.6013	6.5614	6.5213	6.481	6.441	6.4011	6.3614	6.3218	6.2823	6.2429	6.2035	6.1643	6.1254
267.3	6.904	6.8834	6.8434	6.8041	6.7641	6.7239	6.6835	6.6434	6.6034	6.5636	6.5239	6.4843	6.4448	6.4053	6.3661	6.327
267.4	7.107	7.0863	7.0462	7.0068	6.9667	6.9263	6.8859	6.8457	6.8056	6.7657	6.7259	6.6862	6.6466	6.607	6.5677	6.5285
267.5	7.31	7.2893	7.2491	7.2095	7.1693	7.1289	7.0884	7.0481	7.0079	6.9679	6.928	6.8882	6.8485	6.8088	6.7693	6.7301
267.6	7.5133	7.4925	7.4521	7.4125	7.3722	7.3317	7.2911	7.2506	7.2104	7.1703	7.1302	7.0903	7.0505	7.0108	6.9712	6.9319
267.7	7.7166	7.6957	7.6553	7.6155	7.5751	7.5345	7.4938	7.4533	7.4129	7.3727	7.3325	7.2925	7.2526	7.2128	7.1731	7.1337
267.8	7.92	7.8991	7.8585	7.8186	7.7781	7.7374	7.6967	7.656	7.6155	7.5752	7.5349	7.4948	7.4548	7.4149	7.3751	7.3356
267.9	8.1237	8.1027	8.062	8.022	7.9814	7.9406	7.8998	7.859	7.8184	7.778	7.7376	7.6973	7.6573	7.6173	7.5774	7.5378
268	8.3277	8.3067	8.2659	8.2257	8.185	8.1441	8.1032	8.0623	8.0216	7.9811	7.9406	7.9002	7.86	7.82	7.78	7.7403
268.1	8.5321	8.511	8.47	8.4298	8.389	8.348	8.307	8.266	8.2252	8.1845	8.1439	8.1034	8.0631	8.023	7.983	7.9431
268.2	8.7367	8.7155	8.6744	8.6341	8.5932	8.5521	8.511	8.4699	8.4289	8.3881	8.3474	8.3068	8.2664	8.2262	8.1861	8.1462
268.3	8.9411	8.9199	8.8787	8.8382	8.7972	8.756	8.7148	8.6736	8.6325	8.5916	8.5507	8.51	8.4696	8.4293	8.3891	8.3491
268.4	9.1452	9.1239	9.0826	9.042	9.0009	8.9596	8.9183	8.877	8.8358	8.7947	8.7537	8.7129	8.6724	8.632	8.5917	8.5516
268.5	9.3491	9.3278	9.2863	9.2456	9.2044	9.163	9.1216	9.0802	9.0388	8.9976	8.9565	8.9156	8.875	8.8345	8.7941	8.7539
268.6	9.553	9.5316	9.49	9.4492	9.4078	9.3663	9.3248	9.2833	9.2418	9.2005	9.1593	9.1183	9.0775	9.0369	8.9965	8.9562
268.7	9.7569	9.7354	9.6937	9.6528	9.6113	9.5697	9.5281	9.4864	9.4448	9.4034	9.362	9.3209	9.28	9.2394	9.1988	9.1584
268.8	9.9609	9.9393	9.8974	9.8564	9.8148	9.7731	9.7314	9.6896	9.6479	9.6063	9.5648	9.5236	9.4826	9.4418	9.4012	9.3607
268.9	10.165	10.143	10.101	10.06	10.018	9.9765	9.9346	9.8928	9.8509	9.8092	9.7676	9.7262	9.6851	9.6443	9.6036	9.563
269	10.369	10.347	10.305	10.264	10.222	10.18	10.138	10.096	10.054	10.012	9.9703	9.9288	9.8876	9.8466	9.8058	9.7652
269.1	10.573	10.551	10.509	10.467	10.425	10.383	10.341	10.299	10.257	10.215	10.173	10.132	10.09	10.049	10.008	9.9676
269.2	10.777	10.755	10.713	10.671	10.629	10.587	10.545	10.503	10.461	10.418	10.376	10.335	10.293	10.252	10.211	10.17
269.3	10.982	10.96	10.918	10.876	10.834	10.792	10.749	10.707	10.665	10.622	10.58	10.538	10.497	10.456	10.415	10.374
269.4	11.187	11.165	11.122	11.08	11.038	10.995	10.953	10.91	10.868	10.826	10.783	10.741	10.7	10.658	10.617	10.576
269.5	11.392	11.369	11.326	11.283	11.241	11.198	11.156	11.113	11.071	11.028	10.986	10.944	10.902	10.86	10.819	10.778
269.6	11.596	11.574	11.53	11.487	11.444	11.402	11.359	11.316	11.274	11.231	11.189	11.146	11.105	11.063	11.021	10.98
269.7	11.801	11.778	11.734	11.691	11.649	11.606	11.563	11.52	11.477	11.435	11.392	11.35	11.308	11.266	11.224	11.183
269.8	12.005	11.983	11.939	11.896	11.853	11.81	11.767	11.724	11.681	11.638	11.596	11.553	11.511	11.469	11.428	11.386
269.9	12.21	12.188	12.144	12.1	12.058	12.015	11.971	11.928	11.885	11.842	11.8	11.757	11.715	11.673	11.631	11.589
270	12.415	12.393	12.348	12.305	12.262	12.219	12.175	12.132	12.089	12.046	12.003	11.96	11.918	11.876	11.834	11.792
270.1	12.62	12.597	12.553	12.509	12.466	12.423	12.379	12.336	12.293	12.249	12.206	12.164	12.121	12.079	12.037	11.995
270.2	12.824	12.802	12.757	12.713	12.67	12.627	12.583	12.54	12.496	12.453	12.41	12.367	12.325	12.282	12.24	12.198
270.3	13.029	13.007	12.962	12.918	12.875	12.831	12.788	12.744	12.7	12.657	12.614	12.571	12.528	12.486	12.443	12.401
270.4	13.234	13.212	13.167	13.123	13.079	13.036	12.992	12.948	12.904	12.861	12.818	12.775	12.732	12.689	12.647	12.605
270.5	13.439	13.417	13.372	13.327	13.284	13.24	13.196	13.152	13.109	13.065	13.022	12.978	12.935	12.893	12.85	12.808
270.6	13.644	13.621	13.576	13.532	13.488	13.444	13.401	13.357	13.313	13.269	13.225	13.182	13.139	13.096	13.054	13.011
270.7	13.849	13.826	13.781	13.737	13.693	13.649	13.605	13.561	13.516	13.473	13.429	13.386	13.342	13.299	13.257	13.214
270.8	14.054	14.031	13.986	13.941	13.897	13.853	13.809	13.765	13.721	13.677	13.633	13.589	13.546	13.503	13.46	13.417
270.9	14.259	14.236	14.191	14.146	14.102	14.058	14.013	13.969	13.925	13.881	13.837	13.793	13.75	13.707	13.664	13.621
271	14.464	14.441	14.395	14.351	14.306	14.262	14.218	14.173	14.129	14.085	14.041	13.997	13.953	13.91	13.867	13.824
271.1	14.669	14.646	14.6	14.555	14.511	14.466	14.422	14.377	14.333	14.289	14.244	14.2	14.157	14.113	14.07	14.027
271.2	14.874	14.851	14.805	14.76	14.715	14.671	14.626	14.582	14.537	14.493	14.448	14.404	14.36	14.317	14.274	14.231
271.3	15.079	15.056	15.01	14.965	14.92	14.875	14.831	14.786	14.741	14.697	14.652	14.608	14.564	14.521	14.477	14.434
271.4	15.284	15.261	15.215	15.17	15.125	15.08	15.035	14.99	14.946	14.901	14.857	14.812	14.768	14.724	14.681	14.637
271.5	15.49	15.467	15.421	15.375	15.33	15.285	15.24	15.195	15.15	15.105	15.061	15.016	14.972	14.928	14.884	14.841
271.6	15.695	15.672	15.626	15.58	15.535	15.49	15.444	15.399	15.354	15.309	15.265	15.22	15.176	15.132	15.088	15.044
271.7	15.9	15.877	15.831	15.785	15.74	15.694	15.649	15.604	15.559	15.514	15.469	15.424	15.38	15.335	15.291	15.248
271.8	16.106	16.083	16.036	15.99	15.945	15.899	15.854	15.808	15.763	15.718	15.673	15.628	15.584	15.539	15.495	15.452
271.9	16.312	16.288	16.242	16.196	16.15	16.104	16.059	16.013	15.968	15.923	15.878	15.833	15.788	15.744	15.699	15.655
272	16.517	16.494	16.447	16.401	16.355	16.31	16.264	16.218	16.173	16.127	16.082	16.037	15.992	15.948	15.903	15.859
272.1	16.723	16.7	16.653	16.606	16.561	16.515	16.469	16.423	16.377	16.332	16.286	16.241	16.196	16.152	16.107	16.063
272.2	16.929	16.905	16.858	16.812	16.766	16.72	16.674	16.628	16.582	16.536	16.491	16.446	16.4	16.356	16.311	16.267
272.3	17.135	17.111	17.064	17.017	16.971	16.925	16.879	16.833	16.787	16.741	16.695	16.65	16.605	16.56	16.515	16.47
272.4	17.341	17.317	17.27	17.223	17.177	17.13	17.084	17.038	16.992	16.946	16.9	16.854	16.809	16.764	16.719	16.674
272.5	17.547	17.523	17.475	17.429	17.382	17.336	17.289	17.243	17.196	17.15	17.105	17.059	17.013	16.968	16.923	16.878
272.6	17.753	17.729	17.681	17.634	17.588	17.541	17.494	17.448	17.401	17.355	17.309	17.263	17.218	17.172	17.127	17.082
272.7	17.959	17.935	17.887	17.84	17.793	17.746	17.699	17.653	17.606	17.56	17.514	17.468	17.422	17.376	17.331	17.286
272.8	18.165	18.141	18.093	18.045	17.998	17.951	17.904	17.858	17.811	17.765	17.718	17.672	17.626	17.581	17.535	17.49
272.9	18.371	18.347	18.299	18.251	18.204	18.157	18.11	18.063	18.016	17.969	17.923	17.877	17.831	17.785	17.739	17.694
273	18.577	18.553	18.504	18.457	18.41	18.362	18.315	18.268	18.221	18.174	18.128	18.081	18.035	17.989	17.944	17.898
273.1	18.783	18.759	18.71	18.662	18.615	18.568	18.52	18.473	18.426	18.379	18.332	18.286	18.239	18.193	18.148	18.102
273.2	18.988	18.964	18.915	18.867	18.82	18.772	18.725	18.677	18.63	18.583	18.536	18.49	18.443	18.397	18.351	18.306
273.3	19.194	19.169	19.121	19.072	19.025	18.977	18.929	18.882	18.834	18.787	18.74	18.694	18.647	18.601	18.555	18.509
273.4	19.4	19.375	19.326	19.278	19.23	19.182	19.134	19.086	19.039	18.991	18.944	18.898	18.851	18.805	18.758	18.713
273.5	19.605	19.581	19.532	19.483	19.435	19.387	19.339	19.291	19.244	19.196	19.149	19.102	19.055	19.009	18.962	18.917
273.6	19.812	19.787	19.738	19.689	19.641	19.593	19.545	19.497	19.449	19.401	19.354	19.307	19.26	19.213	19.167	19.121
273.7	20.018	19.993	19.944	19.895	19.847	19.799	19.751	19.702	19.654	19.606	19.559	19.512	19.465	19.418	19.371	19.325
273.8	20.225	20.2	20.151	20.102	20.053	20.005	19.956	19.908	19.86	19.812	19.764	19.717	19.67	19.623	19.576	19.53
273.9	20.432	20.407	20.358	20.308	20.26	20.211	20.163	20.114	20.066	20.018	19.97	19.922	19.875	19.828	19.781	19.735
274	20.64	20.615	20.565	20.516	20.467	20.418	20.369	20.321	20.272	20.224	20.176	20.128	20.081	20.034	19.987	19.94
274.1	20.848	20.822	20.772	20.723	20.674	20.625	20.576	20.528	20.479	20.43	20.382	20.334	20.287	20.239	20.192	20.146
274.2	21.055	21.03	20.98	20.93	20.881	20.832	20.783	20.734	20.685	20.637	20.588	20.54	20.493	20.445	20.398	20.351
274.3	21.262	21.237	21.187	21.137	21.088	21.039	20.99	20.941	20.891	20.843	20.794	20.746	20.698	20.65	20.603	20.556
274.4	21.47	21.444	21.394	21.344	21.295	21.245	21.196	21.147	21.097	21.048	21	20.951	20.903	20.856	20.808	20.761
274.5	21.677	21.652	21.601	21.551	21.501	21.452	21.402	21.353	21.304	21.254	21.206	21.157	21.109	21.061	21.013	20.966
274.6	21.885	21.859	21.808	21.758	21.709	21.659	21.609	21.56	21.51	21.461	21.412	21.363	21.315	21.267	21.219	21.171
274.7	22.092	22.067	22.016	21.965	21.916	21.866	21.816	21.766	21.716	21.667	21.618	21.569	21.52	21.472	21.424	21.377
274.8	22.299	22.274	22.223	22.172	22.122	22.072	22.022	21.972	21.922	21.873	21.823	21.774	21.726	21.677	21.629	21.582
274.9	22.507	22.481	22.43	22.379	22.329	22.279	22.228	22.178	22.128	22.078	22.029	21.98	21.931	21.882	21.834	21.786
275	22.714	22.688	22.637	22.586	22.536	22.485	22.435	22.385	22.334	22.284	22.235	22.185	22.136	22.088	22.039	21.991
275.1	22.922	22.896	22.844	22.793	22.743	22.692	22.642	22.591	22.541	22.491	22.441	22.391	22.342	22.293	22.245	22.197
275.2	23.129	23.103	23.052	23	22.95	22.899	22.848	22.797	22.747	22.696	22.646	22.597	22.547	22.498	22.45	22.401
275.3	23.337	23.311	23.259	23.208	23.156	23.105	23.054	23.003	22.952	22.902	22.852	22.802	22.752	22.703	22.654	22.606
275.4	23.544	23.518	23.466	23.415	23.363	23.312	23.26	23.209	23.159	23.108	23.058	23.008	22.958	22.909	22.86	22.811
275.5	23.752	23.726	23.674	23.622	23.57	23.518	23.467	23.416	23.365	23.314	23.264	23.213	23.164	23.114	23.065	23.016
275.6	23.96	23.934	23.881	23.829	23.777	23.725	23.674	23.623	23.571	23.52	23.47	23.419	23.37	23.32	23.271	23.222
275.7	24.168	24.141	24.089	24.037	23.985	23.932	23.881	23.829	23.778	23.727	23.676	23.626	23.576	23.526	23.477	23.427
275.8	24.376	24.349	24.297	24.244	24.192	24.14	24.088	24.036	23.985	23.933	23.883	23.832	23.782	23.732	23.682	23.633
275.9	24.584	24.557	24.504	24.452	24.399	24.347	24.295	24.243	24.191	24.14	24.089	24.038	23.988	23.938	23.888	23.839
276	24.792	24.765	24.712	24.659	24.607	24.554	24.502	24.45	24.398	24.346	24.295	24.244	24.194	24.144	24.094	24.044
276.1	25	24.973	24.92	24.867	24.814	24.761	24.709	24.657	24.605	24.553	24.502	24.451	24.4	24.35	24.3	24.25
276.2	25.208	25.181	25.128	25.075	25.022	24.969	24.916	24.864	24.812	24.76	24.708	24.657	24.606	24.556	24.506	24.456
276.3	25.416	25.389	25.336	25.283	25.229	25.176	25.123	25.071	25.019	24.967	24.915	24.863	24.812	24.762	24.712	24.662
276.4	25.625	25.598	25.544	25.49	25.437	25.383	25.331	25.278	25.226	25.173	25.121	25.07	25.019	24.968	24.918	24.867
276.5	25.833	25.806	25.752	25.698	25.645	25.591	25.538	25.485	25.432	25.38	25.328	25.276	25.225	25.174	25.124	25.073
276.6	26.041	26.014	25.96	25.906	25.852	25.798	25.745	25.692	25.639	25.587	25.535	25.483	25.431	25.38	25.33	25.279
276.7	26.25	26.223	26.168	26.114	26.06	26.006	25.953	25.9	25.847	25.794	25.742	25.69	25.638	25.587	25.536	25.485
276.8	26.459	26.432	26.377	26.323	26.268	26.214	26.16	26.107	26.054	26.001	25.949	25.896	25.845	25.793	25.742	25.691
276.9	26.668	26.641	26.586	26.531	26.477	26.422	26.368	26.315	26.262	26.209	26.156	26.104	26.052	26	25.949	25.898
277	26.877	26.85	26.795	26.74	26.685	26.631	26.577	26.523	26.469	26.416	26.363	26.311	26.259	26.207	26.156	26.105
277.1	27.086	27.059	27.003	26.949	26.894	26.839	26.785	26.731	26.677	26.624	26.571	26.518	26.466	26.414	26.362	26.311
277.2	27.296	27.268	27.212	27.157	27.102	27.047	26.993	26.939	26.885	26.831	26.778	26.725	26.673	26.621	26.569	26.518
277.3	27.505	27.477	27.421	27.366	27.311	27.255	27.201	27.146	27.092	27.039	26.985	26.932	26.88	26.827	26.775	26.724
277.4	27.714	27.686	27.63	27.575	27.519	27.464	27.409	27.354	27.3	27.246	27.193	27.14	27.087	27.034	26.982	26.931
277.5	27.924	27.896	27.839	27.784	27.728	27.672	27.617	27.563	27.508	27.454	27.4	27.347	27.294	27.241	27.189	27.137
277.6	28.133	28.105	28.049	27.993	27.937	27.881	27.826	27.771	27.716	27.662	27.608	27.554	27.501	27.448	27.396	27.344
277.7	28.343	28.314	28.258	28.201	28.145	28.089	28.034	27.979	27.924	27.87	27.815	27.762	27.708	27.655	27.602	27.55
277.8	28.552	28.524	28.467	28.41	28.354	28.298	28.242	28.187	28.132	28.077	28.023	27.969	27.915	27.862	27.809	27.757
277.9	28.762	28.733	28.676	28.62	28.563	28.506	28.451	28.395	28.34	28.285	28.23	28.176	28.123	28.069	28.016	27.964
278	28.972	28.943	28.886	28.829	28.772	28.715	28.659	28.603	28.548	28.493	28.438	28.384	28.33	28.276	28.223	28.17
278.1	29.182	29.153	29.095	29.038	28.981	28.924	28.868	28.812	28.756	28.701	28.646	28.591	28.537	28.483	28.43	28.377
278.2	29.392	29.363	29.305	29.248	29.191	29.134	29.077	29.02	28.965	28.909	28.854	28.799	28.745	28.691	28.637	28.584
278.3	29.602	29.573	29.515	29.458	29.4	29.343	29.286	29.229	29.173	29.118	29.062	29.007	28.953	28.899	28.845	28.792
278.4	29.813	29.784	29.725	29.668	29.61	29.552	29.495	29.438	29.382	29.326	29.271	29.216	29.161	29.106	29.052	28.999
278.5	30.023	29.994	29.936	29.878	29.82	29.762	29.705	29.647	29.591	29.535	29.479	29.424	29.369	29.314	29.26	29.207
278.6	30.234	30.205	30.146	30.088	30.03	29.972	29.914	29.857	29.8	29.744	29.688	29.632	29.577	29.523	29.468	29.414
278.7	30.445	30.416	30.357	30.298	30.24	30.182	30.124	30.066	30.009	29.953	29.897	29.841	29.786	29.731	29.676	29.622
278.8	30.656	30.626	30.567	30.508	30.45	30.391	30.333	30.275	30.218	30.162	30.105	30.049	29.994	29.939	29.884	29.83
278.9	30.866	30.837	30.777	30.718	30.659	30.601	30.542	30.484	30.427	30.37	30.313	30.257	30.202	30.146	30.091	30.037
279	31.077	31.047	30.987	30.928	30.869	30.81	30.751	30.693	30.635	30.578	30.521	30.465	30.409	30.354	30.299	30.244
279.1	31.287	31.257	31.197	31.137	31.078	31.019	30.96	30.902	30.844	30.786	30.729	30.673	30.617	30.561	30.506	30.451
279.2	31.497	31.467	31.407	31.347	31.288	31.228	31.169	31.11	31.052	30.995	30.937	30.881	30.824	30.768	30.713	30.658
279.3	31.708	31.677	31.617	31.557	31.497	31.438	31.378	31.319	31.261	31.203	31.146	31.089	31.032	30.976	30.92	30.865
279.4	31.918	31.888	31.827	31.767	31.707	31.647	31.588	31.528	31.47	31.412	31.354	31.297	31.24	31.184	31.128	31.073
279.5	32.129	32.099	32.038	31.977	31.917	31.857	31.797	31.738	31.679	31.621	31.563	31.505	31.449	31.392	31.336	31.281
279.6	32.341	32.311	32.249	32.189	32.128	32.068	32.008	31.948	31.889	31.831	31.772	31.715	31.658	31.601	31.545	31.489
279.7	32.553	32.523	32.461	32.4	32.339	32.279	32.219	32.159	32.1	32.041	31.982	31.924	31.867	31.81	31.754	31.698
279.8	32.766	32.735	32.674	32.612	32.551	32.49	32.43	32.37	32.31	32.251	32.192	32.134	32.077	32.02	31.963	31.907
279.9	32.979	32.948	32.886	32.824	32.763	32.702	32.641	32.581	32.521	32.462	32.403	32.345	32.287	32.23	32.173	32.117
280	33.192	33.161	33.098	33.037	32.975	32.914	32.853	32.792	32.732	32.673	32.614	32.555	32.497	32.44	32.383	32.326
280.1	33.405	33.374	33.311	33.249	33.187	33.126	33.065	33.004	32.944	32.884	32.824	32.766	32.708	32.65	32.593	32.536
280.2	33.618	33.586	33.524	33.461	33.399	33.337	33.276	33.215	33.155	33.094	33.035	32.976	32.918	32.86	32.803	32.746
280.3	33.83	33.799	33.736	33.673	33.611	33.549	33.487	33.426	33.365	33.305	33.245	33.186	33.127	33.069	33.012	32.955
280.4	34.042	34.011	33.948	33.885	33.822	33.76	33.698	33.637	33.576	33.515	33.455	33.396	33.337	33.278	33.221	33.163
280.5	34.255	34.223	34.159	34.096	34.033	33.971	33.909	33.847	33.786	33.725	33.665	33.605	33.546	33.488	33.43	33.372
280.6	34.467	34.435	34.371	34.308	34.245	34.182	34.119	34.057	33.996	33.935	33.874	33.814	33.755	33.697	33.638	33.581
280.7	34.679	34.647	34.583	34.519	34.456	34.392	34.33	34.268	34.206	34.145	34.084	34.024	33.964	33.906	33.847	33.789
280.8	34.891	34.859	34.795	34.731	34.667	34.604	34.541	34.478	34.416	34.355	34.294	34.234	34.174	34.115	34.056	33.998
280.9	35.104	35.072	35.007	34.943	34.879	34.815	34.752	34.689	34.627	34.565	34.504	34.444	34.384	34.325	34.266	34.207
281	35.318	35.285	35.22	35.156	35.092	35.027	34.964	34.901	34.839	34.777	34.715	34.654	34.594	34.535	34.476	34.417
281.1	35.532	35.499	35.434	35.369	35.304	35.24	35.176	35.113	35.05	34.988	34.927	34.866	34.805	34.745	34.686	34.627
281.2	35.746	35.713	35.648	35.583	35.518	35.453	35.389	35.325	35.262	35.2	35.138	35.077	35.016	34.956	34.897	34.838
281.3	35.96	35.927	35.861	35.796	35.731	35.665	35.601	35.537	35.474	35.412	35.35	35.288	35.227	35.167	35.107	35.048
281.4	36.174	36.141	36.075	36.009	35.944	35.878	35.814	35.749	35.686	35.623	35.561	35.499	35.438	35.378	35.318	35.258
281.5	36.388	36.355	36.289	36.223	36.157	36.091	36.026	35.962	35.898	35.835	35.773	35.711	35.649	35.589	35.528	35.469
281.6	36.602	36.569	36.502	36.436	36.37	36.304	36.239	36.174	36.11	36.047	35.984	35.922	35.86	35.799	35.739	35.679
281.7	36.817	36.783	36.716	36.65	36.583	36.517	36.451	36.387	36.322	36.259	36.196	36.133	36.072	36.01	35.95	35.89
281.8	37.031	36.998	36.93	36.863	36.797	36.73	36.664	36.599	36.534	36.471	36.407	36.345	36.283	36.221	36.16	36.1
281.9	37.246	37.212	37.144	37.077	37.01	36.943	36.877	36.812	36.747	36.683	36.619	36.556	36.494	36.432	36.371	36.311
282	37.461	37.427	37.359	37.291	37.224	37.157	37.09	37.024	36.959	36.895	36.831	36.768	36.705	36.644	36.582	36.522
282.1	37.676	37.642	37.574	37.506	37.438	37.371	37.304	37.238	37.172	37.108	37.044	36.98	36.918	36.855	36.794	36.733
282.2	37.892	37.858	37.789	37.721	37.653	37.585	37.518	37.451	37.386	37.321	37.257	37.193	37.13	37.067	37.006	36.944
282.3	38.108	38.073	38.004	37.936	37.867	37.799	37.732	37.665	37.599	37.534	37.469	37.405	37.342	37.279	37.217	37.156
282.4	38.323	38.288	38.219	38.15	38.082	38.013	37.945	37.878	37.812	37.747	37.682	37.618	37.554	37.491	37.429	37.367
282.5	38.538	38.504	38.434	38.365	38.296	38.227	38.159	38.091	38.025	37.959	37.894	37.83	37.766	37.702	37.64	37.578
282.6	38.754	38.719	38.649	38.579	38.51	38.441	38.372	38.305	38.238	38.172	38.106	38.041	37.977	37.914	37.851	37.789
282.7	38.969	38.934	38.864	38.794	38.724	38.655	38.586	38.518	38.451	38.384	38.319	38.254	38.189	38.125	38.062	38
282.8	39.185	39.15	39.079	39.009	38.939	38.869	38.8	38.731	38.664	38.597	38.531	38.466	38.401	38.337	38.273	38.211
282.9	39.401	39.365	39.294	39.223	39.153	39.083	39.013	38.945	38.877	38.81	38.743	38.678	38.613	38.548	38.485	38.422
283	39.617	39.581	39.51	39.439	39.368	39.297	39.228	39.158	39.09	39.023	38.956	38.89	38.825	38.76	38.696	38.633
283.1	39.834	39.798	39.726	39.654	39.583	39.512	39.442	39.373	39.304	39.236	39.17	39.103	39.038	38.973	38.909	38.845
283.2	40.051	40.015	39.942	39.87	39.799	39.728	39.657	39.588	39.519	39.451	39.383	39.317	39.251	39.186	39.121	39.058
283.3	40.268	40.232	40.159	40.087	40.015	39.944	39.873	39.803	39.734	39.665	39.598	39.531	39.465	39.399	39.334	39.271
283.4	40.486	40.45	40.377	40.304	40.232	40.16	40.089	40.018	39.949	39.88	39.812	39.745	39.679	39.613	39.548	39.484
283.5	40.704	40.668	40.594	40.521	40.449	40.376	40.305	40.234	40.164	40.095	40.027	39.96	39.893	39.827	39.761	39.697
283.6	40.923	40.886	40.812	40.739	40.666	40.593	40.521	40.45	40.38	40.311	40.242	40.174	40.107	40.041	39.975	39.911
283.7	41.141	41.104	41.03	40.956	40.883	40.81	40.738	40.666	40.596	40.526	40.457	40.389	40.322	40.255	40.189	40.124
283.8	41.36	41.322	41.248	41.174	41.1	41.026	40.954	40.882	40.811	40.741	40.672	40.604	40.536	40.469	40.403	40.338
283.9	41.578	41.54	41.465	41.391	41.317	41.243	41.17	41.098	41.027	40.956	40.887	40.818	40.75	40.683	40.616	40.551
284	41.796	41.758	41.683	41.608	41.533	41.459	41.386	41.313	41.242	41.171	41.101	41.032	40.964	40.896	40.83	40.764
284.1	42.014	41.976	41.9	41.825	41.75	41.675	41.602	41.529	41.457	41.386	41.316	41.246	41.178	41.11	41.043	40.977
284.2	42.232	42.194	42.118	42.042	41.967	41.892	41.818	41.745	41.672	41.601	41.531	41.461	41.392	41.324	41.257	41.19
284.3	42.451	42.413	42.336	42.26	42.184	42.109	42.035	41.961	41.888	41.817	41.746	41.676	41.606	41.538	41.471	41.404
284.4	42.671	42.632	42.555	42.478	42.402	42.326	42.252	42.178	42.105	42.033	41.961	41.891	41.822	41.753	41.685	41.618
284.5	42.891	42.852	42.774	42.697	42.621	42.545	42.469	42.395	42.322	42.249	42.178	42.107	42.037	41.968	41.9	41.833
284.6	43.111	43.072	42.994	42.917	42.84	42.763	42.688	42.613	42.539	42.467	42.395	42.324	42.253	42.184	42.116	42.048
284.7	43.332	43.293	43.214	43.136	43.059	42.982	42.906	42.831	42.757	42.684	42.612	42.54	42.47	42.4	42.332	42.264
284.8	43.553	43.514	43.435	43.357	43.279	43.202	43.125	43.05	42.975	42.902	42.829	42.758	42.687	42.617	42.548	42.48
284.9	43.775	43.735	43.656	43.577	43.499	43.421	43.344	43.268	43.193	43.12	43.047	42.975	42.904	42.833	42.764	42.696
285	43.996	43.956	43.876	43.797	43.718	43.64	43.563	43.487	43.412	43.337	43.264	43.192	43.12	43.05	42.98	42.912
285.1	44.218	44.177	44.097	44.017	43.938	43.859	43.782	43.705	43.63	43.555	43.481	43.409	43.337	43.266	43.196	43.127
285.2	44.439	44.399	44.318	44.238	44.158	44.079	44.001	43.924	43.848	43.773	43.699	43.626	43.554	43.483	43.412	43.343
285.3	44.661	44.621	44.539	44.458	44.378	44.299	44.22	44.143	44.066	43.991	43.917	43.843	43.771	43.7	43.629	43.559
285.4	44.884	44.843	44.761	44.68	44.599	44.519	44.44	44.362	44.285	44.209	44.135	44.061	43.989	43.917	43.846	43.776
285.5	45.107	45.066	44.983	44.901	44.82	44.74	44.66	44.582	44.505	44.429	44.354	44.28	44.207	44.134	44.063	43.993
285.6	45.331	45.289	45.206	45.124	45.042	44.961	44.881	44.803	44.725	44.648	44.573	44.498	44.425	44.353	44.281	44.21
285.7	45.555	45.513	45.429	45.347	45.264	45.183	45.103	45.023	44.945	44.868	44.793	44.718	44.644	44.571	44.499	44.428
285.8	45.78	45.737	45.653	45.57	45.487	45.405	45.324	45.245	45.166	45.089	45.013	44.937	44.863	44.79	44.718	44.647
285.9	46.005	45.962	45.877	45.793	45.71	45.628	45.546	45.466	45.387	45.31	45.233	45.157	45.083	45.009	44.937	44.865
286	46.23	46.187	46.102	46.017	45.933	45.85	45.769	45.688	45.609	45.531	45.453	45.378	45.303	45.229	45.156	45.084
286.1	46.455	46.412	46.326	46.241	46.157	46.073	45.991	45.91	45.83	45.752	45.674	45.598	45.522	45.448	45.375	45.302
286.2	46.681	46.638	46.551	46.465	46.38	46.296	46.214	46.132	46.052	45.973	45.895	45.818	45.742	45.668	45.594	45.521
286.3	46.907	46.864	46.776	46.69	46.604	46.52	46.437	46.355	46.274	46.195	46.116	46.039	45.963	45.888	45.814	45.74
286.4	47.134	47.09	47.002	46.915	46.829	46.744	46.66	46.578	46.497	46.417	46.338	46.26	46.184	46.108	46.034	45.96
286.5	47.361	47.317	47.228	47.14	47.054	46.968	46.884	46.801	46.719	46.639	46.56	46.482	46.405	46.329	46.254	46.18
286.6	47.589	47.544	47.455	47.367	47.279	47.193	47.109	47.025	46.943	46.862	46.782	46.704	46.626	46.55	46.475	46.401
286.7	47.817	47.772	47.682	47.594	47.506	47.419	47.334	47.25	47.167	47.086	47.006	46.927	46.849	46.772	46.696	46.622
286.8	48.047	48.001	47.911	47.821	47.733	47.645	47.56	47.475	47.392	47.31	47.23	47.15	47.072	46.995	46.919	46.844
286.9	48.277	48.231	48.14	48.049	47.96	47.873	47.786	47.701	47.618	47.535	47.454	47.375	47.296	47.218	47.142	47.066
287	48.508	48.462	48.37	48.279	48.189	48.101	48.014	47.928	47.844	47.761	47.68	47.6	47.521	47.442	47.366	47.29
287.1	48.739	48.693	48.6	48.508	48.418	48.329	48.242	48.156	48.071	47.988	47.906	47.825	47.746	47.667	47.59	47.513
287.2	48.971	48.925	48.831	48.739	48.648	48.558	48.47	48.384	48.299	48.215	48.133	48.051	47.971	47.892	47.815	47.738
287.3	49.205	49.158	49.063	48.97	48.879	48.789	48.7	48.613	48.527	48.443	48.36	48.279	48.198	48.119	48.04	47.963
287.4	49.439	49.391	49.296	49.202	49.11	49.019	48.93	48.843	48.756	48.672	48.588	48.506	48.425	48.345	48.267	48.189
287.5	49.674	49.626	49.53	49.435	49.343	49.251	49.161	49.073	48.986	48.901	48.817	48.735	48.653	48.573	48.494	48.416
287.6	49.91	49.861	49.765	49.67	49.576	49.484	49.393	49.304	49.217	49.131	49.047	48.964	48.882	48.801	48.722	48.644
287.7	50.147	50.098	50	49.904	49.81	49.717	49.626	49.537	49.449	49.362	49.277	49.194	49.112	49.03	48.951	48.872
287.8	50.384	50.335	50.237	50.14	50.045	49.951	49.859	49.769	49.681	49.594	49.509	49.425	49.342	49.26	49.18	49.101
287.9	50.623	50.573	50.474	50.376	50.28	50.186	50.094	50.003	49.914	49.826	49.741	49.656	49.573	49.491	49.41	49.33
288	50.863	50.813	50.712	50.614	50.517	50.422	50.329	50.238	50.148	50.06	49.974	49.889	49.805	49.722	49.641	49.561
288.1	51.104	51.053	50.952	50.852	50.755	50.659	50.565	50.473	50.383	50.294	50.207	50.122	50.038	49.955	49.873	49.792
288.2	51.346	51.295	51.192	51.092	50.993	50.897	50.802	50.709	50.619	50.529	50.442	50.356	50.271	50.188	50.105	50.025
288.3	51.59	51.537	51.434	51.332	51.233	51.135	51.04	50.947	50.855	50.765	50.677	50.591	50.506	50.422	50.339	50.258
288.4	51.835	51.782	51.677	51.574	51.474	51.376	51.28	51.186	51.093	51.003	50.914	50.827	50.742	50.657	50.574	50.492
288.5	52.082	52.028	51.922	51.818	51.717	51.618	51.521	51.426	51.333	51.242	51.153	51.065	50.979	50.894	50.811	50.728
288.6	52.33	52.276	52.168	52.064	51.961	51.861	51.764	51.668	51.575	51.483	51.393	51.305	51.218	51.133	51.049	50.966
288.7	52.581	52.526	52.417	52.311	52.207	52.106	52.008	51.912	51.818	51.725	51.635	51.546	51.459	51.373	51.288	51.205
288.8	52.834	52.778	52.667	52.56	52.455	52.353	52.254	52.157	52.062	51.969	51.878	51.789	51.701	51.615	51.53	51.446
288.9	53.089	53.032	52.92	52.811	52.705	52.602	52.502	52.404	52.309	52.215	52.123	52.033	51.945	51.858	51.773	51.689
289	53.345	53.288	53.174	53.064	52.957	52.853	52.752	52.653	52.557	52.462	52.37	52.279	52.191	52.103	52.017	51.933
289.1	53.604	53.545	53.43	53.318	53.21	53.105	53.003	52.904	52.806	52.711	52.618	52.527	52.438	52.35	52.263	52.178
289.2	53.865	53.805	53.687	53.574	53.465	53.358	53.256	53.155	53.057	52.962	52.868	52.776	52.686	52.597	52.51	52.425
289.3	54.127	54.066	53.947	53.832	53.721	53.614	53.51	53.409	53.31	53.213	53.119	53.026	52.936	52.847	52.759	52.673
289.4	54.393	54.33	54.209	54.092	53.98	53.871	53.766	53.664	53.564	53.467	53.372	53.278	53.187	53.098	53.01	52.923
289.5	54.66	54.597	54.473	54.355	54.241	54.13	54.024	53.921	53.821	53.722	53.626	53.532	53.441	53.35	53.262	53.175
289.6	54.93	54.865	54.739	54.618	54.503	54.391	54.284	54.179	54.078	53.979	53.882	53.788	53.695	53.604	53.515	53.427
289.7	55.201	55.135	55.006	54.884	54.766	54.653	54.544	54.439	54.337	54.237	54.14	54.044	53.951	53.86	53.77	53.682
289.8	55.475	55.407	55.276	55.151	55.032	54.917	54.807	54.701	54.597	54.497	54.398	54.302	54.208	54.116	54.026	53.937
289.9	55.752	55.682	55.548	55.421	55.3	55.183	55.072	54.964	54.86	54.758	54.659	54.562	54.468	54.375	54.284	54.195
290	56.031	55.96	55.822	55.693	55.569	55.451	55.338	55.23	55.124	55.022	54.922	54.824	54.729	54.635	54.544	54.454
290.1	56.313	56.24	56.099	55.967	55.841	55.721	55.607	55.496	55.39	55.286	55.186	55.087	54.991	54.897	54.805	54.714
290.2	56.597	56.523	56.378	56.243	56.115	55.993	55.877	55.765	55.657	55.553	55.451	55.352	55.255	55.16	55.067	54.976
290.3	56.885	56.808	56.659	56.521	56.39	56.266	56.148	56.035	55.927	55.821	55.718	55.618	55.52	55.425	55.331	55.24
290.4	57.175	57.096	56.944	56.802	56.668	56.542	56.423	56.308	56.198	56.091	55.987	55.886	55.788	55.692	55.597	55.505
290.5	57.469	57.388	57.231	57.085	56.949	56.821	56.699	56.583	56.471	56.363	56.259	56.157	56.057	55.96	55.865	55.772
290.6	57.766	57.682	57.521	57.372	57.232	57.101	56.977	56.859	56.746	56.637	56.531	56.429	56.328	56.231	56.135	56.041
290.7	58.066	57.979	57.813	57.66	57.517	57.383	57.257	57.138	57.023	56.913	56.806	56.702	56.601	56.502	56.406	56.311
290.8	58.368	58.279	58.108	57.95	57.804	57.667	57.539	57.417	57.301	57.189	57.081	56.976	56.874	56.775	56.678	56.583
290.9	58.674	58.582	58.405	58.243	58.093	57.953	57.822	57.698	57.58	57.467	57.358	57.252	57.149	57.049	56.951	56.855
291	58.982	58.887	58.704	58.537	58.383	58.24	58.107	57.981	57.861	57.746	57.635	57.528	57.425	57.323	57.225	57.128
291.1	59.292	59.194	59.005	58.833	58.675	58.529	58.392	58.264	58.142	58.026	57.914	57.806	57.701	57.599	57.499	57.402
291.2	59.606	59.504	59.309	59.132	58.969	58.819	58.679	58.549	58.425	58.307	58.193	58.084	57.978	57.875	57.774	57.676
291.3	59.922	59.816	59.615	59.432	59.265	59.11	58.968	58.834	58.708	58.588	58.473	58.363	58.256	58.152	58.05	57.951
291.4	60.24	60.131	59.923	59.734	59.562	59.403	59.257	59.121	58.992	58.87	58.754	58.642	58.534	58.428	58.326	58.227
291.5	60.561	60.448	60.233	60.038	59.86	59.697	59.547	59.408	59.277	59.153	59.035	58.921	58.812	58.706	58.602	58.502
291.6	60.884	60.767	60.545	60.343	60.16	59.992	59.839	59.696	59.563	59.436	59.316	59.201	59.09	58.983	58.879	58.778
291.7	61.211	61.09	60.86	60.651	60.462	60.29	60.132	59.986	59.85	59.721	59.599	59.482	59.37	59.262	59.157	59.054
291.8	61.541	61.415	61.177	60.962	60.766	60.589	60.427	60.277	60.137	60.006	59.882	59.764	59.65	59.541	59.434	59.331
291.9	61.872	61.742	61.495	61.273	61.071	60.888	60.721	60.567	60.425	60.291	60.165	60.045	59.93	59.819	59.711	59.607
292	62.204	62.07	61.814	61.584	61.376	61.187	61.015	60.858	60.712	60.575	60.447	60.324	60.208	60.095	59.987	59.881
292.1	62.538	62.399	62.135	61.897	61.682	61.487	61.31	61.148	60.998	60.859	60.728	60.603	60.485	60.371	60.261	60.155
292.2	62.874	62.731	62.457	62.211	61.989	61.788	61.605	61.439	61.285	61.143	61.009	60.882	60.762	60.647	60.535	60.428
292.3	63.213	63.064	62.781	62.527	62.297	62.089	61.901	61.73	61.572	61.426	61.29	61.161	61.038	60.921	60.809	60.7
292.4	63.553	63.399	63.107	62.844	62.606	62.391	62.197	62.021	61.859	61.709	61.57	61.438	61.314	61.195	61.081	60.971
292.5	63.893	63.735	63.433	63.161	62.915	62.693	62.493	62.311	62.145	61.991	61.849	61.715	61.588	61.467	61.352	61.241
292.6	64.235	64.072	63.76	63.479	63.225	62.996	62.789	62.602	62.431	62.273	62.127	61.99	61.861	61.738	61.621	61.508
292.7	64.579	64.411	64.089	63.799	63.536	63.3	63.086	62.893	62.716	62.555	62.405	62.265	62.133	62.008	61.889	61.776
292.8	64.925	64.751	64.419	64.119	63.849	63.604	63.384	63.184	63.002	62.836	62.682	62.539	62.405	62.278	62.157	62.042
292.9	65.272	65.093	64.751	64.441	64.162	63.909	63.682	63.475	63.288	63.117	62.96	62.813	62.676	62.546	62.423	62.306
293	65.62	65.436	65.083	64.764	64.476	64.215	63.98	63.767	63.574	63.398	63.236	63.086	62.945	62.813	62.688	62.569
293.1	65.969	65.779	65.416	65.087	64.789	64.52	64.277	64.057	63.858	63.677	63.511	63.357	63.213	63.078	62.951	62.83
293.2	66.318	66.123	65.75	65.411	65.103	64.825	64.575	64.348	64.142	63.956	63.785	63.626	63.48	63.342	63.212	63.09
293.3	66.668	66.468	66.085	65.736	65.419	65.132	64.873	64.639	64.427	64.235	64.059	63.897	63.746	63.605	63.473	63.348
293.4	67.019	66.811	66.415	66.056	65.73	65.434	65.167	64.925	64.706	64.508	64.327	64.16	64.006	63.862	63.727	63.6
293.5	67.37	67.141	66.717	66.348	66.012	65.707	65.432	65.182	64.957	64.752	64.566	64.394	64.236	64.088	63.95	63.821
293.6	67.721	67.475	67.029	66.65	66.304	65.99	65.706	65.448	65.216	65.005	64.813	64.636	64.474	64.323	64.182	64.05
293.7	68.074	67.824	67.369	66.98	66.624	66.301	66.008	65.742	65.502	65.285	65.087	64.905	64.738	64.583	64.439	64.304
293.8	68.426	68.171	67.706	67.306	66.941	66.608	66.306	66.032	65.784	65.56	65.356	65.169	64.998	64.839	64.691	64.553
293.9	68.779	68.518	68.043	67.633	67.257	66.915	66.604	66.322	66.066	65.835	65.625	65.432	65.256	65.093	64.942	64.801
294	69.131	68.866	68.38	67.96	67.574	67.222	66.902	66.611	66.348	66.11	65.893	65.694	65.513	65.345	65.19	65.046
294.1	69.483	69.213	68.717	68.286	67.89	67.528	67.199	66.9	66.629	66.383	66.159	65.955	65.768	65.596	65.437	65.289
294.2	69.835	69.56	69.055	68.614	68.208	67.836	67.497	67.189	66.91	66.657	66.426	66.216	66.023	65.846	65.683	65.532
294.3	70.187	69.908	69.391	68.937	68.52	68.139	67.791	67.474	67.186	66.925	66.688	66.471	66.272	66.091	65.923	65.768
294.4	70.539	70.255	69.723	69.253	68.827	68.436	68.078	67.752	67.456	67.187	66.942	66.719	66.514	66.327	66.155	65.996
294.5	70.89	70.603	70.059	69.576	69.14	68.739	68.372	68.037	67.732	67.455	67.203	66.972	66.762	66.569	66.392	66.229
294.6	71.242	70.95	70.398	69.906	69.46	69.049	68.673	68.329	68.015	67.73	67.47	67.232	67.015	66.817	66.635	66.467
294.7	71.593	71.298	70.737	70.236	69.78	69.359	68.973	68.62	68.298	68.004	67.736	67.492	67.268	67.064	66.877	66.705
294.8	71.944	71.646	71.078	70.567	70.102	69.672	69.276	68.913	68.582	68.28	68.005	67.753	67.522	67.312	67.12	66.942
294.9	72.296	71.994	71.419	70.899	70.422	69.982	69.577	69.205	68.865	68.554	68.271	68.012	67.774	67.558	67.36	67.178
295	72.648	72.343	71.761	71.228	70.739	70.29	69.875	69.494	69.145	68.825	68.534	68.267	68.023	67.8	67.596	67.409
295.1	73	72.692	72.104	71.561	71.061	70.603	70.178	69.788	69.43	69.102	68.802	68.527	68.276	68.047	67.837	67.644
295.2	73.351	73.041	72.446	71.897	71.389	70.921	70.488	70.088	69.72	69.384	69.076	68.793	68.535	68.299	68.083	67.884
295.3	73.701	73.389	72.79	72.233	71.717	71.241	70.798	70.389	70.012	69.667	69.35	69.06	68.794	68.551	68.329	68.125
295.4	74.052	73.738	73.134	72.57	72.046	71.561	71.109	70.691	70.306	69.951	69.626	69.328	69.055	68.805	68.576	68.366
295.5	74.402	74.086	73.478	72.908	72.376	71.883	71.422	70.995	70.6	70.237	69.904	69.598	69.317	69.059	68.824	68.608
295.6	74.751	74.434	73.822	73.246	72.708	72.206	71.737	71.301	70.897	70.525	70.183	69.869	69.58	69.316	69.074	68.852
295.7	75.098	74.781	74.165	73.584	73.039	72.53	72.053	71.608	71.196	70.814	70.464	70.142	69.845	69.574	69.325	69.096
295.8	75.445	75.127	74.508	73.922	73.37	72.854	72.37	71.917	71.495	71.106	70.746	70.416	70.112	69.833	69.577	69.342
295.9	75.79	75.471	74.85	74.259	73.702	73.177	72.682	72.221	71.791	71.393	71.025	70.686	70.374	70.087	69.824	69.582
296	76.134	75.814	75.191	74.597	74.034	73.499	72.995	72.526	72.088	71.681	71.304	70.957	70.637	70.343	70.073	69.824
296.1	76.477	76.158	75.533	74.935	74.366	73.826	73.315	72.838	72.392	71.976	71.591	71.236	70.908	70.606	70.329	70.073
296.2	76.821	76.501	75.875	75.273	74.7	74.154	73.637	73.152	72.698	72.274	71.881	71.517	71.181	70.872	70.587	70.324
296.3	77.164	76.845	76.217	75.613	75.035	74.484	73.96	73.468	73.006	72.574	72.172	71.8	71.456	71.139	70.846	70.577
296.4	77.507	77.188	76.56	75.952	75.371	74.814	74.284	73.785	73.315	72.875	72.465	72.085	71.733	71.408	71.108	70.831
296.5	77.85	77.531	76.902	76.292	75.707	75.146	74.609	74.104	73.627	73.179	72.761	72.373	72.013	71.68	71.372	71.089
296.6	78.192	77.874	77.244	76.632	76.044	75.478	74.936	74.425	73.941	73.486	73.06	72.663	72.295	71.954	71.639	71.348
296.7	78.535	78.217	77.587	76.973	76.381	75.811	75.265	74.746	74.255	73.793	73.359	72.954	72.578	72.229	71.907	71.608
296.8	78.877	78.559	77.929	77.314	76.72	76.146	75.595	75.069	74.57	74.1	73.659	73.247	72.862	72.506	72.176	71.87
296.9	79.218	78.901	78.271	77.654	77.057	76.48	75.925	75.394	74.888	74.412	73.963	73.543	73.151	72.786	72.449	72.136
297	79.558	79.241	78.611	77.993	77.394	76.814	76.254	75.718	75.208	74.725	74.269	73.841	73.441	73.069	72.724	72.403
297.1	79.897	79.58	78.951	78.332	77.731	77.147	76.584	76.043	75.527	75.037	74.574	74.14	73.732	73.352	72.999	72.671
297.2	80.234	79.918	79.288	78.668	78.066	77.48	76.913	76.368	75.846	75.35	74.881	74.439	74.023	73.636	73.275	72.939
297.3	80.57	80.254	79.625	79.004	78.4	77.812	77.242	76.693	76.166	75.664	75.189	74.74	74.317	73.922	73.554	73.211
297.4	80.905	80.59	79.96	79.339	78.734	78.143	77.57	77.017	76.486	75.979	75.498	75.042	74.613	74.21	73.834	73.483
297.5	81.238	80.923	80.295	79.673	79.066	78.474	77.898	77.342	76.806	76.293	75.805	75.343	74.906	74.496	74.113	73.755
297.6	81.57	81.258	80.631	80.009	79.401	78.807	78.229	77.669	77.13	76.612	76.117	75.648	75.205	74.788	74.397	74.032
297.7	81.901	81.579	80.944	80.321	79.712	79.116	78.536	77.973	77.43	76.908	76.408	75.934	75.484	75.06	74.662	74.289
297.8	82.231	81.873	81.201	80.578	79.968	79.371	78.788	78.223	77.676	77.15	76.645	76.165	75.709	75.278	74.873	74.493
297.9	82.56	82.182	81.491	80.868	80.257	79.658	79.074	78.507	77.957	77.427	76.917	76.431	75.969	75.532	75.12	74.733
298	82.888	82.518	81.834	81.211	80.599	79.999	79.413	78.844	78.291	77.757	77.243	76.753	76.285	75.841	75.422	75.028
298.1	83.214	82.848	82.169	81.546	80.933	80.332	79.744	79.173	78.618	78.081	77.563	77.067	76.594	76.144	75.719	75.318
298.2	83.539	83.177	82.502	81.879	81.265	80.663	80.075	79.501	78.943	78.403	77.882	77.381	76.902	76.447	76.015	75.608
298.3	83.864	83.505	82.834	82.211	81.597	80.994	80.404	79.829	79.269	78.726	78.201	77.696	77.211	76.75	76.312	75.898
298.4	84.187	83.833	83.166	82.543	81.928	81.324	80.733	80.156	79.594	79.048	78.52	78.011	77.522	77.055	76.612	76.191
298.5	84.509	84.158	83.496	82.874	82.259	81.654	81.062	80.483	79.919	79.371	78.84	78.327	77.834	77.362	76.913	76.486
298.6	84.829	84.482	83.821	83.197	82.581	81.975	81.382	80.802	80.236	79.685	79.151	78.635	78.138	77.662	77.207	76.775
298.7	85.148	84.805	84.139	83.506	82.891	82.284	81.689	81.108	80.54	79.987	79.451	78.932	78.431	77.95	77.49	77.052
298.8	85.466	85.127	84.461	83.825	83.209	82.602	82.006	81.423	80.853	80.299	79.76	79.237	78.733	78.248	77.784	77.34
298.9	85.783	85.447	84.787	84.153	83.537	82.929	82.333	81.748	81.177	80.621	80.079	79.554	79.046	78.557	78.087	77.638
299	86.098	85.766	85.111	84.478	83.863	83.255	82.657	82.072	81.499	80.941	80.397	79.869	79.358	78.864	78.389	77.935
299.1	86.411	86.083	85.433	84.802	84.187	83.578	82.98	82.394	81.819	81.259	80.714	80.183	79.669	79.172	78.693	78.234
299.2	86.723	86.398	85.753	85.124	84.509	83.901	83.302	82.714	82.139	81.577	81.029	80.497	79.98	79.479	78.996	78.533
299.3	87.032	86.71	86.07	85.441	84.823	84.214	83.615	83.026	82.449	81.886	81.336	80.801	80.282	79.778	79.292	78.824
299.4	87.34	87.022	86.387	85.756	85.136	84.527	83.927	83.338	82.76	82.195	81.644	81.107	80.585	80.078	79.588	79.116
299.5	87.646	87.331	86.701	86.073	85.455	84.846	84.245	83.655	83.076	82.509	81.957	81.418	80.893	80.384	79.891	79.416
299.6	87.95	87.639	87.014	86.389	85.771	85.162	84.562	83.971	83.39	82.822	82.268	81.727	81.2	80.689	80.193	79.713
299.7	88.253	87.945	87.325	86.702	86.086	85.478	84.877	84.286	83.704	83.135	82.578	82.036	81.507	80.994	80.495	80.011
299.8	88.555	88.25	87.635	87.015	86.399	85.789	85.188	84.597	84.014	83.443	82.886	82.341	81.811	81.295	80.793	80.307
299.9	88.855	88.553	87.943	87.326	86.71	86.099	85.498	84.906	84.322	83.75	83.191	82.645	82.112	81.594	81.09	80.601
300	89.153	88.855	88.251	87.636	87.021	86.411	85.81	85.217	84.633	84.06	83.499	82.951	82.417	81.897	81.39	80.898
300.1	89.451	89.156	88.557	87.945	87.332	86.723	86.122	85.529	84.945	84.37	83.808	83.258	82.722	82.2	81.691	81.196
300.2	89.747	89.455	88.861	88.253	87.642	87.034	86.434	85.84	85.255	84.68	84.116	83.565	83.027	82.503	81.992	81.495
300.3	90.041	89.752	89.164	88.559	87.95	87.343	86.743	86.15	85.564	84.988	84.423	83.871	83.331	82.804	82.291	81.792
300.4	90.333	90.048	89.465	88.864	88.257	87.652	87.052	86.458	85.872	85.296	84.729	84.176	83.635	83.106	82.59	82.089
300.5	90.623	90.342	89.764	89.167	88.563	87.959	87.36	86.767	86.181	85.604	85.036	84.481	83.938	83.408	82.89	82.386
300.6	90.912	90.634	90.062	89.469	88.868	88.266	87.668	87.075	86.489	85.911	85.343	84.787	84.242	83.71	83.19	82.684
300.7	91.199	90.925	90.359	89.769	89.171	88.572	87.975	87.383	86.797	86.219	85.65	85.092	84.547	84.012	83.491	82.983
300.8	91.484	91.214	90.653	90.068	89.474	88.876	88.28	87.687	87.101	86.522	85.953	85.394	84.847	84.311	83.787	83.277
300.9	91.767	91.5	90.946	90.365	89.774	89.18	88.583	87.99	87.404	86.825	86.255	85.696	85.148	84.61	84.084	83.572
301	92.049	91.786	91.238	90.662	90.074	89.482	88.888	88.296	87.711	87.132	86.562	86.002	85.452	84.913	84.385	83.871
301.1	92.33	92.07	91.529	90.957	90.374	89.785	89.193	88.602	88.018	87.439	86.869	86.308	85.758	85.217	84.688	84.172
301.2	92.609	92.353	91.819	91.252	90.672	90.087	89.497	88.908	88.325	87.747	87.176	86.615	86.064	85.522	84.991	84.473
301.3	92.887	92.635	92.107	91.546	90.97	90.388	89.801	89.214	88.632	88.055	87.484	86.922	86.37	85.827	85.294	84.775
301.4	93.162	92.914	92.393	91.838	91.266	90.688	90.104	89.519	88.938	88.362	87.791	87.229	86.677	86.133	85.599	85.078
301.5	93.436	93.191	92.678	92.128	91.561	90.986	90.405	89.822	89.243	88.668	88.098	87.536	86.983	86.438	85.903	85.38
301.6	93.707	93.467	92.96	92.416	91.854	91.283	90.706	90.125	89.548	88.974	88.405	87.843	87.289	86.744	86.208	85.684
301.7	93.978	93.741	93.241	92.703	92.146	91.579	91.005	90.428	89.852	89.278	88.71	88.148	87.594	87.049	86.511	85.986
301.8	94.247	94.014	93.521	92.989	92.437	91.874	91.304	90.73	90.155	89.582	89.014	88.452	87.899	87.353	86.815	86.289
301.9	94.514	94.287	93.804	93.278	92.732	92.173	91.607	91.036	90.463	89.892	89.325	88.764	88.21	87.665	87.127	86.599
302	94.778	94.54	94.049	93.529	92.988	92.435	91.872	91.304	90.734	90.165	89.6	89.039	88.485	87.94	87.401	86.873
302.1	95.041	94.759	94.227	93.714	93.178	92.629	92.071	91.507	90.939	90.372	89.808	89.248	88.695	88.149	87.61	87.081
302.2	95.303	95.002	94.454	93.947	93.417	92.873	92.319	91.759	91.194	90.629	90.066	89.507	88.954	88.408	87.87	87.34
302.3	95.563	95.276	94.745	94.244	93.72	93.181	92.632	92.075	91.514	90.95	90.389	89.832	89.279	88.733	88.195	87.665
302.4	95.822	95.543	95.025	94.53	94.012	93.478	92.933	92.38	91.822	91.262	90.703	90.146	89.594	89.049	88.51	87.979
302.5	96.079	95.809	95.302	94.814	94.302	93.773	93.233	92.684	92.13	91.572	91.015	90.459	89.908	89.362	88.824	88.293
302.6	96.334	96.072	95.577	95.096	94.589	94.066	93.53	92.986	92.435	91.88	91.324	90.77	90.219	89.674	89.136	88.605
302.7	96.589	96.334	95.85	95.376	94.875	94.357	93.827	93.286	92.739	92.187	91.633	91.08	90.53	89.986	89.448	88.916
302.8	96.841	96.595	96.122	95.653	95.159	94.647	94.121	93.585	93.042	92.493	91.942	91.39	90.842	90.298	89.76	89.229
302.9	97.093	96.853	96.391	95.929	95.44	94.934	94.413	93.882	93.342	92.797	92.249	91.699	91.152	90.609	90.072	89.54
303	97.342	97.11	96.657	96.202	95.72	95.219	94.704	94.177	93.641	93.1	92.554	92.007	91.462	90.92	90.382	89.851
303.1	97.59	97.365	96.922	96.474	95.998	95.502	94.992	94.47	93.939	93.401	92.858	92.314	91.77	91.229	90.692	90.162
303.2	97.837	97.618	97.186	96.745	96.275	95.786	95.281	94.764	94.237	93.703	93.164	92.622	92.08	91.54	91.004	90.474
303.3	98.083	97.87	97.441	97	96.536	96.053	95.554	95.042	94.519	93.989	93.453	92.914	92.375	91.837	91.302	90.771
303.4	98.326	98.12	97.695	97.254	96.797	96.319	95.825	95.318	94.801	94.274	93.742	93.206	92.669	92.132	91.598	91.068
303.5	98.568	98.367	97.953	97.52	97.07	96.598	96.11	95.608	95.095	94.573	94.045	93.512	92.977	92.441	91.908	91.379
303.6	98.809	98.614	98.209	97.783	97.339	96.873	96.391	95.894	95.386	94.869	94.344	93.815	93.282	92.749	92.218	91.689
303.7	99.048	98.858	98.463	98.044	97.606	97.147	96.67	96.179	95.676	95.162	94.642	94.117	93.587	93.056	92.526	91.999
303.8	99.285	99.101	98.715	98.303	97.872	97.418	96.947	96.462	95.963	95.455	94.939	94.417	93.89	93.361	92.833	92.307
303.9	99.521	99.341	98.964	98.56	98.135	97.688	97.222	96.742	96.249	95.745	95.233	94.715	94.192	93.666	93.139	92.615
304	99.755	99.581	99.212	98.815	98.397	97.956	97.496	97.022	96.534	96.034	95.527	95.013	94.492	93.969	93.445	92.922
304.1	99.988	99.818	99.458	99.067	98.654	98.219	97.765	97.296	96.813	96.319	95.816	95.306	94.789	94.268	93.746	93.225
304.2	100.22	100.06	99.704	99.317	98.909	98.481	98.034	97.57	97.092	96.603	96.104	95.598	95.085	94.567	94.047	93.527
304.3	100.45	100.29	99.947	99.568	99.168	98.746	98.304	97.846	97.374	96.889	96.395	95.893	95.384	94.869	94.352	93.833
304.4	100.68	100.53	100.19	99.818	99.424	99.009	98.574	98.122	97.654	97.175	96.685	96.187	95.682	95.17	94.655	94.139
304.5	100.91	100.76	100.43	100.07	99.68	99.271	98.842	98.395	97.934	97.459	96.974	96.48	95.979	95.47	94.958	94.445
304.6	101.14	100.99	100.67	100.31	99.933	99.532	99.109	98.668	98.212	97.742	97.262	96.772	96.275	95.77	95.261	94.75
304.7	101.37	101.22	100.91	100.56	100.19	99.79	99.374	98.939	98.488	98.024	97.548	97.063	96.569	96.068	95.562	95.053
304.8	101.59	101.45	101.15	100.8	100.44	100.05	99.636	99.207	98.762	98.303	97.832	97.351	96.862	96.364	95.862	95.355
304.9	101.81	101.68	101.38	101.04	100.68	100.3	99.897	99.474	99.034	98.58	98.114	97.638	97.153	96.659	96.16	95.657
305	102.04	101.91	101.62	101.29	100.93	100.55	100.16	99.74	99.306	98.858	98.396	97.925	97.444	96.954	96.459	95.959
305.1	102.26	102.13	101.85	101.52	101.18	100.81	100.41	100	99.576	99.133	98.677	98.21	97.734	97.248	96.756	96.259
305.2	102.48	102.36	102.08	101.76	101.42	101.06	100.67	100.27	99.845	99.407	98.956	98.494	98.022	97.541	97.053	96.559
305.3	102.7	102.58	102.31	102	101.66	101.3	100.93	100.53	100.11	99.68	99.234	98.777	98.309	97.832	97.348	96.858
305.4	102.92	102.8	102.54	102.23	101.9	101.55	101.18	100.79	100.38	99.951	99.51	99.058	98.595	98.122	97.642	97.155
305.5	103.13	103.02	102.76	102.46	102.14	101.8	101.43	101.04	100.64	100.22	99.785	99.337	98.879	98.411	97.935	97.452
305.6	103.35	103.24	102.99	102.7	102.38	102.04	101.68	101.3	100.9	100.49	100.06	99.617	99.163	98.7	98.228	97.749
305.7	103.56	103.46	103.21	102.93	102.62	102.28	101.93	101.56	101.17	100.76	100.33	99.895	99.446	98.988	98.52	98.045
305.8	103.78	103.68	103.44	103.16	102.85	102.52	102.18	101.81	101.43	101.02	100.61	100.17	99.729	99.275	98.811	98.34
305.9	103.99	103.89	103.66	103.38	103.09	102.77	102.42	102.06	101.69	101.29	100.88	100.45	100.01	99.56	99.101	98.634
306	104.21	104.11	103.88	103.61	103.32	103	102.67	102.32	101.94	101.55	101.15	100.72	100.29	99.845	99.39	98.927
306.1	104.42	104.32	104.1	103.84	103.55	103.24	102.91	102.57	102.2	101.81	101.41	101	100.57	100.13	99.678	99.218
306.2	104.63	104.54	104.32	104.06	103.78	103.48	103.16	102.81	102.45	102.07	101.68	101.27	100.84	100.41	99.964	99.509
306.3	104.84	104.75	104.54	104.29	104.01	103.71	103.4	103.06	102.71	102.33	101.94	101.54	101.12	100.69	100.25	99.798
306.4	105.05	104.96	104.76	104.51	104.24	103.95	103.64	103.31	102.96	102.59	102.21	101.81	101.39	100.97	100.53	100.09
306.5	105.26	105.17	104.97	104.73	104.46	104.18	103.87	103.55	103.21	102.85	102.47	102.07	101.67	101.25	100.81	100.37
306.6	105.46	105.38	105.19	104.95	104.69	104.41	104.11	103.79	103.46	103.1	102.73	102.34	101.94	101.52	101.1	100.66
306.7	105.67	105.59	105.4	105.17	104.91	104.64	104.35	104.03	103.7	103.35	102.99	102.6	102.21	101.8	101.37	100.94
306.8	105.88	105.8	105.61	105.39	105.14	104.87	104.58	104.27	103.95	103.6	103.24	102.87	102.47	102.07	101.65	101.22
306.9	106.08	106	105.82	105.6	105.36	105.1	104.81	104.51	104.19	103.85	103.5	103.13	102.74	102.34	101.93	101.51
307	106.29	106.21	106.04	105.82	105.58	105.32	105.05	104.75	104.44	104.1	103.75	103.39	103.01	102.61	102.21	101.79
307.1	106.49	106.42	106.25	106.04	105.8	105.55	105.28	104.99	104.68	104.35	104.01	103.65	103.27	102.88	102.48	102.07
307.2	106.69	106.62	106.46	106.25	106.02	105.77	105.51	105.22	104.92	104.6	104.26	103.91	103.54	103.15	102.76	102.35
307.3	106.9	106.83	106.67	106.46	106.24	106	105.74	105.46	105.16	104.84	104.51	104.16	103.8	103.42	103.03	102.62
307.4	107.1	107.03	106.87	106.68	106.46	106.22	105.96	105.69	105.4	105.09	104.76	104.42	104.06	103.69	103.3	102.9
307.5	107.3	107.23	107.08	106.89	106.67	106.44	106.19	105.92	105.63	105.33	105.01	104.67	104.32	103.95	103.57	103.17
307.6	107.5	107.44	107.29	107.1	106.89	106.66	106.41	106.15	105.87	105.57	105.25	104.92	104.57	104.21	103.83	103.44
307.7	107.7	107.64	107.49	107.31	107.1	106.88	106.64	106.38	106.1	105.81	105.5	105.17	104.83	104.47	104.1	103.72
307.8	107.9	107.84	107.7	107.52	107.32	107.1	106.86	106.61	106.34	106.05	105.74	105.42	105.09	104.73	104.37	103.99
307.9	108.1	108.04	107.9	107.72	107.53	107.32	107.08	106.83	106.57	106.28	105.99	105.67	105.34	104.99	104.63	104.25
308	108.3	108.24	108.1	107.93	107.74	107.53	107.3	107.06	106.8	106.52	106.23	105.92	105.59	105.25	104.89	104.52
308.1	108.49	108.44	108.3	108.14	107.95	107.75	107.52	107.28	107.03	106.75	106.46	106.16	105.84	105.5	105.15	104.79
308.2	108.69	108.64	108.51	108.34	108.16	107.96	107.74	107.51	107.25	106.99	106.7	106.4	106.09	105.76	105.41	105.05
308.3	108.89	108.83	108.71	108.55	108.37	108.17	107.96	107.73	107.48	107.22	106.94	106.64	106.33	106.01	105.67	105.31
308.4	109.08	109.03	108.91	108.75	108.58	108.38	108.18	107.95	107.71	107.45	107.18	106.89	106.58	106.26	105.92	105.57
308.5	109.28	109.23	109.11	108.95	108.78	108.59	108.39	108.17	107.93	107.68	107.41	107.12	106.82	106.51	106.18	105.83
308.6	109.47	109.42	109.3	109.16	108.99	108.81	108.6	108.39	108.16	107.91	107.64	107.36	107.07	106.76	106.43	106.09
308.7	109.67	109.62	109.5	109.36	109.19	109.01	108.82	108.61	108.38	108.13	107.87	107.6	107.31	107	106.68	106.35
308.8	109.86	109.81	109.7	109.56	109.4	109.22	109.03	108.82	108.6	108.36	108.11	107.84	107.55	107.25	106.94	106.61
308.9	110.05	110.01	109.9	109.76	109.6	109.43	109.24	109.04	108.82	108.59	108.34	108.07	107.79	107.5	107.19	106.86
309	110.25	110.2	110.1	109.96	109.81	109.64	109.45	109.26	109.04	108.81	108.56	108.3	108.03	107.74	107.43	107.11
309.1	110.44	110.4	110.29	110.16	110.01	109.85	109.66	109.47	109.26	109.03	108.79	108.54	108.27	107.98	107.68	107.37
309.2	110.63	110.59	110.49	110.36	110.21	110.05	109.87	109.68	109.48	109.26	109.02	108.77	108.5	108.22	107.93	107.62
309.3	110.82	110.78	110.68	110.56	110.41	110.26	110.08	109.9	109.69	109.48	109.24	109	108.74	108.46	108.17	107.87
309.4	111.02	110.98	110.88	110.75	110.61	110.46	110.29	110.11	109.91	109.7	109.47	109.23	108.97	108.7	108.41	108.11
309.5	111.21	111.17	111.07	110.95	110.81	110.66	110.5	110.32	110.12	109.92	109.69	109.45	109.2	108.94	108.66	108.36
309.6	111.4	111.36	111.27	111.15	111.01	110.87	110.7	110.53	110.34	110.13	109.91	109.68	109.43	109.17	108.9	108.6
309.7	111.59	111.55	111.46	111.34	111.21	111.07	110.91	110.74	110.55	110.35	110.14	109.91	109.66	109.41	109.13	108.85
309.8	111.78	111.74	111.65	111.54	111.41	111.27	111.11	110.94	110.76	110.57	110.35	110.13	109.89	109.64	109.37	109.09
309.9	111.97	111.93	111.85	111.73	111.61	111.47	111.32	111.15	110.97	110.78	110.57	110.35	110.12	109.87	109.61	109.33
310	112.16	112.12	112.04	111.93	111.8	111.67	111.52	111.36	111.18	110.99	110.79	110.57	110.34	110.1	109.84	109.57
310.1	112.34	112.31	112.23	112.12	112	111.87	111.72	111.56	111.39	111.2	111.01	110.79	110.57	110.33	110.08	109.81
310.2	112.53	112.5	112.42	112.31	112.2	112.07	111.92	111.77	111.6	111.42	111.22	111.01	110.79	110.56	110.31	110.05
310.3	112.72	112.69	112.61	112.51	112.39	112.26	112.12	111.97	111.8	111.63	111.43	111.23	111.01	110.78	110.54	110.28
310.4	112.91	112.88	112.8	112.7	112.59	112.46	112.32	112.17	112.01	111.84	111.65	111.45	111.23	111.01	110.77	110.52
310.5	113.09	113.06	112.99	112.89	112.78	112.66	112.52	112.37	112.22	112.04	111.86	111.66	111.45	111.23	111	110.75
310.6	113.28	113.25	113.18	113.08	112.97	112.85	112.72	112.58	112.42	112.25	112.07	111.88	111.67	111.45	111.22	110.98
310.7	113.47	113.44	113.37	113.27	113.17	113.05	112.92	112.78	112.62	112.46	112.28	112.09	111.89	111.68	111.45	111.21
310.8	113.65	113.63	113.55	113.46	113.36	113.24	113.12	112.98	112.83	112.66	112.49	112.31	112.11	111.9	111.67	111.44
310.9	113.84	113.81	113.74	113.65	113.55	113.44	113.31	113.18	113.03	112.87	112.7	112.52	112.32	112.12	111.9	111.66
311	114.03	114	113.93	113.84	113.74	113.63	113.51	113.38	113.23	113.07	112.91	112.73	112.54	112.33	112.12	111.89
311.1	114.21	114.18	114.12	114.03	113.93	113.82	113.7	113.57	113.43	113.28	113.11	112.94	112.75	112.55	112.34	112.12
311.2	114.4	114.37	114.3	114.22	114.12	114.02	113.9	113.77	113.63	113.48	113.32	113.15	112.96	112.77	112.56	112.34
311.3	114.58	114.56	114.49	114.41	114.31	114.21	114.09	113.97	113.83	113.69	113.53	113.36	113.18	112.98	112.78	112.56
311.4	114.77	114.74	114.68	114.6	114.51	114.4	114.29	114.17	114.03	113.89	113.73	113.57	113.39	113.2	113	112.79
311.5	114.95	114.93	114.87	114.79	114.7	114.59	114.48	114.36	114.23	114.09	113.94	113.77	113.6	113.41	113.22	113.01
311.6	115.14	115.11	115.05	114.97	114.89	114.79	114.68	114.56	114.43	114.29	114.14	113.98	113.81	113.63	113.43	113.23
311.7	115.32	115.3	115.24	115.16	115.07	114.98	114.87	114.75	114.63	114.49	114.34	114.19	114.02	113.84	113.65	113.45
311.8	115.51	115.48	115.42	115.35	115.26	115.17	115.06	114.95	114.82	114.69	114.55	114.39	114.23	114.05	113.86	113.67
311.9	115.69	115.67	115.61	115.54	115.45	115.36	115.26	115.14	115.02	114.89	114.75	114.6	114.43	114.26	114.08	113.88
312	115.87	115.85	115.79	115.72	115.64	115.55	115.45	115.34	115.22	115.09	114.95	114.8	114.64	114.47	114.29	114.1
312.1	116.06	116.03	115.98	115.91	115.83	115.74	115.64	115.53	115.41	115.29	115.15	115	114.85	114.68	114.5	114.31
312.2	116.24	116.22	116.16	116.09	116.01	115.93	115.83	115.72	115.61	115.48	115.35	115.2	115.05	114.89	114.71	114.53
312.3	116.42	116.4	116.35	116.28	116.2	116.11	116.02	115.91	115.8	115.68	115.55	115.41	115.25	115.09	114.92	114.74
312.4	116.6	116.58	116.53	116.46	116.39	116.3	116.21	116.11	115.99	115.87	115.74	115.61	115.46	115.3	115.13	114.95
312.5	116.78	116.76	116.71	116.65	116.57	116.49	116.4	116.3	116.19	116.07	115.94	115.81	115.66	115.5	115.34	115.16
312.6	116.97	116.95	116.9	116.83	116.76	116.68	116.59	116.49	116.38	116.26	116.14	116	115.86	115.71	115.55	115.37
312.7	117.15	117.13	117.08	117.02	116.94	116.86	116.77	116.68	116.57	116.46	116.33	116.2	116.06	115.91	115.75	115.58
312.8	117.33	117.31	117.26	117.2	117.13	117.05	116.96	116.87	116.76	116.65	116.53	116.4	116.26	116.11	115.96	115.79
312.9	117.51	117.49	117.44	117.38	117.31	117.24	117.15	117.06	116.95	116.84	116.73	116.6	116.46	116.32	116.16	116
313	117.69	117.67	117.63	117.57	117.5	117.42	117.34	117.24	117.14	117.04	116.92	116.79	116.66	116.52	116.37	116.21
313.1	117.87	117.85	117.81	117.75	117.68	117.61	117.52	117.43	117.33	117.23	117.11	116.99	116.86	116.72	116.57	116.41
313.2	118.05	118.03	117.99	117.93	117.87	117.79	117.71	117.62	117.52	117.42	117.31	117.19	117.06	116.92	116.77	116.62
313.3	118.23	118.22	118.17	118.12	118.05	117.98	117.9	117.81	117.71	117.61	117.5	117.38	117.26	117.12	116.98	116.82
313.4	118.41	118.4	118.35	118.3	118.23	118.16	118.08	118	117.9	117.8	117.69	117.58	117.45	117.32	117.18	117.03
313.5	118.6	118.58	118.54	118.48	118.42	118.35	118.27	118.18	118.09	117.99	117.89	117.77	117.65	117.52	117.38	117.23
313.6	118.78	118.76	118.72	118.66	118.6	118.53	118.46	118.37	118.28	118.18	118.08	117.97	117.84	117.72	117.58	117.43
313.7	118.96	118.94	118.9	118.85	118.78	118.72	118.64	118.56	118.47	118.37	118.27	118.16	118.04	117.91	117.78	117.63
313.8	119.14	119.12	119.08	119.03	118.97	118.9	118.83	118.74	118.66	118.56	118.46	118.35	118.23	118.11	117.98	117.83
313.9	119.31	119.3	119.26	119.21	119.15	119.08	119.01	118.93	118.84	118.75	118.65	118.54	118.43	118.3	118.17	118.04
314	119.49	119.48	119.44	119.39	119.33	119.27	119.19	119.12	119.03	118.94	118.84	118.73	118.62	118.5	118.37	118.23
314.1	119.67	119.66	119.62	119.57	119.51	119.45	119.38	119.3	119.22	119.13	119.03	118.92	118.81	118.69	118.57	118.43
314.2	119.85	119.84	119.8	119.75	119.69	119.63	119.56	119.48	119.4	119.31	119.22	119.11	119	118.89	118.76	118.63
314.3	120.03	120.02	119.98	119.93	119.87	119.81	119.74	119.67	119.59	119.5	119.41	119.3	119.2	119.08	118.96	118.83
314.4	120.21	120.19	120.16	120.11	120.06	119.99	119.93	119.85	119.77	119.69	119.59	119.49	119.39	119.27	119.15	119.03
314.5	120.39	120.37	120.34	120.29	120.24	120.18	120.11	120.04	119.96	119.87	119.78	119.68	119.58	119.47	119.35	119.22
314.6	120.57	120.55	120.52	120.47	120.42	120.36	120.29	120.22	120.14	120.06	119.97	119.87	119.77	119.66	119.54	119.42
314.7	120.75	120.73	120.7	120.65	120.6	120.54	120.48	120.41	120.33	120.25	120.16	120.06	119.96	119.85	119.74	119.62
314.8	120.92	120.91	120.88	120.83	120.78	120.72	120.66	120.59	120.51	120.43	120.34	120.25	120.15	120.04	119.93	119.81
314.9	121.1	121.09	121.06	121.01	120.96	120.9	120.84	120.77	120.7	120.62	120.53	120.44	120.34	120.24	120.12	120.01
315	121.28	121.27	121.23	121.19	121.14	121.08	121.02	120.95	120.88	120.8	120.72	120.63	120.53	120.43	120.32	120.2
315.1	121.46	121.44	121.41	121.37	121.32	121.26	121.2	121.14	121.06	120.99	120.9	120.81	120.72	120.62	120.51	120.39
315.2	121.63	121.62	121.59	121.55	121.5	121.44	121.38	121.32	121.25	121.17	121.09	121	120.9	120.8	120.7	120.58
315.3	121.81	121.8	121.77	121.72	121.68	121.62	121.56	121.5	121.43	121.35	121.27	121.18	121.09	120.99	120.89	120.78
315.4	121.99	121.97	121.94	121.9	121.86	121.8	121.74	121.68	121.61	121.54	121.46	121.37	121.28	121.18	121.08	120.97
315.5	122.16	122.15	122.12	122.08	122.03	121.98	121.92	121.86	121.79	121.72	121.64	121.56	121.47	121.37	121.27	121.16
315.6	122.34	122.33	122.3	122.26	122.21	122.16	122.1	122.04	121.97	121.9	121.82	121.74	121.65	121.56	121.46	121.35
315.7	122.52	122.5	122.47	122.44	122.39	122.34	122.28	122.22	122.16	122.08	122.01	121.93	121.84	121.74	121.65	121.54
315.8	122.69	122.68	122.65	122.61	122.57	122.52	122.46	122.4	122.34	122.27	122.19	122.11	122.02	121.93	121.83	121.73
315.9	122.87	122.86	122.83	122.79	122.75	122.7	122.64	122.58	122.52	122.45	122.37	122.29	122.21	122.12	122.02	121.92
316	123.05	123.03	123.01	122.97	122.93	122.88	122.82	122.76	122.7	122.63	122.56	122.48	122.4	122.31	122.21	122.11
