0	0	0.1	0.2	0.3	0.4	0.5	0.6	0.7	0.8	0.9	1	1.1	1.2	1.3	1.4	1.5
260.1	588.1	587.03	586.94	585.25	584.75	586.04	585.78	585.89	583.63	582.92	581.89	581.59	580.7	579.989	579.27	578.551
260.2	588.11	587.26	587.59	585.32	585.28	585.87	586.39	585.95	585.27	583.41	582.33	582.17	580.49	579.494	578.414	577.334
260.3	588.13	587.29	587.67	585.95	585.68	585.25	586.67	586.09	586.42	583.75	583.13	582.64	581.21	579.971	578.818	577.665
260.4	588.6	587.29	587.74	587.14	585.69	585.2	586.93	586.55	586.73	584.27	583.76	582.84	582.26	580.861	579.824	578.787
260.5	589.05	587.48	588.04	588.09	585.57	585.67	586.91	587.28	586.77	585.48	584.26	583.09	582.95	581.501	580.498	579.495
260.6	589.4	587.97	588.21	588.31	585.97	586.15	586.19	587.68	586.91	586.59	584.68	583.86	583.52	582.259	581.308	580.357
260.7	590.08	588.98	588.18	588.36	587.2	586.2	585.74	587.82	587.28	586.96	585.03	584.59	583.81	582.741	581.81	580.879
260.8	591.17	589.94	588.19	588.68	588.5	585.95	586.07	587.93	588.08	587.03	585.82	585.09	583.89	582.886	581.854	580.822
260.9	592.76	590.31	588.51	589.03	588.91	586.06	586.61	587.29	588.69	587.11	586.79	585.59	584.55	583.606	582.626	581.646
261	594.66	590.55	589.51	589.13	588.93	587.16	586.75	586.44	588.71	587.27	587.21	585.88	585.4	584.491	583.69	582.889
261.1	596	590.9	590.7	589.07	589.25	588.76	586.42	586.5	588.89	587.83	587.27	586.3	585.92	585.001	584.254	583.507
261.2	596.24	591.14	591.23	589.19	589.74	589.48	586.24	587.05	588.46	588.5	587.36	587.04	586.47	585.934	585.39	584.846
261.3	595.74	591.46	591.41	590.04	590.03	589.5	587.08	587.32	587.31	588.74	587.35	587.47	586.81	586.855	586.628	586.401
261.4	595.02	591.93	591.75	591.38	590.01	589.76	588.84	586.99	587	589.01	587.63	587.52	586.92	587.121	586.956	586.791
261.5	594.56	592.33	592.07	592.15	589.94	590.33	589.98	586.56	587.48	588.93	588.28	587.61	587.35	587.456	587.298	587.14
261.6	594.77	592.84	592.4	592.3	590.56	590.83	590.09	587.01	587.9	588.16	588.7	587.52	587.74	587.716	587.62	587.524
261.7	594.97	593.59	592.83	592.56	591.98	590.98	590.25	588.76	587.65	587.86	589.07	587.51	587.78	587.947	587.938	587.929
261.8	594.41	594.37	593.13	592.95	593.03	590.81	590.84	590.39	587.06	588.38	589.28	588.04	587.86	588.502	588.628	588.754
261.9	593.68	595.21	593.42	593.34	593.21	591.13	591.53	590.7	587.05	588.99	588.88	588.61	587.77	588.578	588.684	588.79
262	593.98	596.01	593.98	593.79	593.36	592.5	591.91	590.73	588.56	589.05	588.66	589.07	587.47	587.914	587.698	587.482
262.1	595.49	596.5	594.65	594.06	593.79	593.84	591.77	591.3	590.68	588.68	589.23	589.52	587.8	587.706	587.214	586.722
262.2	597.66	596.84	595.38	594.21	594.24	594.16	591.8	592.1	591.31	588.52	590	589.48	588.46	588.132	587.658	587.184
262.3	599.93	597.12	596.13	594.61	594.74	594.19	592.97	592.75	591.23	589.46	590.34	589.41	589.03	588.559	588.114	587.669
262.4	601.02	597.19	596.64	595.18	595.06	594.58	594.55	592.79	591.73	591.12	590.23	590.02	589.66	588.98	588.456	587.932
262.5	600.97	597.21	597.08	595.76	595.1	595.09	595.14	592.58	592.58	591.82	590.05	590.94	589.95	589.226	588.612	587.998
262.6	601.22	597.61	597.57	596.35	595.33	595.67	595.07	593.41	593.48	591.76	590.54	591.53	590.09	589.377	588.676	587.975
262.7	601.94	598.15	597.92	596.77	595.82	596.07	595.34	595.14	593.84	592.09	591.73	591.7	590.76	590.059	589.404	588.749
262.8	602.68	598.41	598.12	597.17	596.28	596.08	595.9	596.1	593.48	592.82	592.37	591.62	591.82	591.066	590.614	590.162
262.9	603.03	598.64	598.61	597.82	596.69	596.15	596.57	596.01	593.87	593.69	592.29	591.78	592.63	591.535	591.096	590.657
263	602.52	599.1	599.3	598.48	596.96	596.55	597.09	596.1	595.65	594.29	592.49	592.5	593.06	591.507	590.81	590.113
263.1	601.5	599.82	599.67	598.91	597.19	596.93	597.12	596.67	597.03	594.18	593.09	592.96	593.18	591.412	590.52	589.628
263.2	601.37	600.9	599.82	599.46	597.89	597.18	597.05	597.39	597.01	594.37	593.9	592.85	593.16	591.492	590.57	589.648
263.3	602.47	602.15	600	600.28	598.83	597.27	597.33	598.07	596.9	595.74	594.66	592.93	593.44	591.815	590.842	589.869
263.4	603.63	602.83	600.42	600.89	599.55	597.25	597.68	598.21	597.42	597.11	594.82	593.42	593.63	591.899	590.772	589.645
263.5	604.22	603.04	601.25	601.15	600.19	597.84	597.81	598.01	598.17	597.38	594.92	594.11	593.42	591.769	590.492	589.215
263.6	604.06	603.42	602.41	601.25	601.12	598.99	597.71	598.15	599.01	597.35	595.93	594.95	593.4	592.042	590.68	589.318
263.7	603.72	603.94	603.19	601.37	601.99	600.05	597.43	598.49	599.33	597.76	597.2	595.41	593.78	592.661	591.316	589.971
263.8	604.31	604.62	603.4	601.84	602.46	600.85	597.74	598.55	599.05	598.37	597.66	595.52	594.34	593.307	592.08	590.853
263.9	605.66	605.22	603.73	602.77	602.65	601.85	598.97	598.3	599.02	599.12	597.75	596.23	595.18	594.289	593.232	592.175
264	607.19	605.32	604.35	603.58	602.56	602.94	600.37	597.77	599.35	599.57	598.12	597.33	595.91	595.32	594.408	593.496
264.1	608.77	605.17	605.22	603.84	602.65	603.67	601.43	597.67	599.39	599.49	598.61	597.88	596.13	595.861	595.048	594.235
264.2	610.17	605.34	606.09	604.09	603.24	604.08	602.5	598.81	599.04	599.53	599.22	598.1	596.63	596.629	596.004	595.379
264.3	610.84	605.86	606.37	604.7	603.98	603.95	603.75	600.51	598.31	599.91	599.75	598.51	597.51	597.898	597.598	597.298
264.4	611.23	606.39	606.23	605.64	604.29	603.69	604.77	601.9	597.7	600.12	599.85	598.91	598.07	598.789	598.742	598.695
264.5	611.86	606.73	606.33	606.73	604.45	603.89	605.44	603.08	598.56	599.99	599.97	599.35	598.4	598.966	598.87	598.774
264.6	611.86	606.77	606.79	607.33	605.01	604.44	605.47	604.44	600.47	599.62	600.44	599.88	598.89	598.99	598.7	598.41
264.7	611.67	606.96	607.31	607.32	605.94	604.76	604.97	605.73	602.25	599.3	600.8	600.14	599.27	598.816	598.304	597.792
264.8	611.44	607.68	607.62	607.39	607.21	604.86	604.74	606.68	603.59	599.9	600.86	600.37	599.53	598.555	597.79	597.025
264.9	610.53	608.74	607.54	607.77	608.15	605.33	604.99	607.03	605.04	601.45	600.81	600.91	600	598.456	597.394	596.332
265	609.73	609.87	607.47	608.24	608.36	606.2	605.25	606.45	606.56	603.01	600.81	601.42	600.38	598.251	596.856	595.461
265.1	609.52	611.1	607.88	608.53	608.46	607.54	605.3	605.8	607.76	604.16	601.33	601.64	600.7	598.126	596.462	594.798
265.2	609.35	612.21	608.74	608.43	608.82	608.81	605.65	605.69	608.56	605.4	602.56	601.85	601.34	598.545	596.746	594.947
265.3	609.5	612.86	609.81	608.21	609.22	609.3	606.44	605.78	608.09	606.83	603.88	602.22	601.98	599.551	597.868	596.185
265.4	610.62	613.39	611.03	608.37	609.48	609.51	607.76	605.79	607.08	607.95	604.8	602.82	602.35	600.623	599.164	597.705
265.5	611.68	613.81	612.3	609	609.39	609.89	609.3	606	606.56	608.65	605.77	603.8	602.75	601.765	600.518	599.271
265.6	612.45	613.72	613.21	609.93	609.04	610.23	610.15	606.72	606.42	608.48	607.09	604.87	603.48	603.221	602.272	601.323
265.7	613.36	613.55	613.9	611.08	609	610.45	610.5	607.92	606.32	607.66	608.16	605.56	604.32	604.574	603.964	603.354
265.8	613.75	613.41	614.56	612.37	609.4	610.37	610.96	609.62	606.38	607.17	608.75	606.22	605.15	605.711	605.37	605.029
265.9	614.28	613.01	614.74	613.48	610.13	609.94	611.32	610.88	607.02	607.23	608.76	607.38	605.96	606.679	606.482	606.285
266	615.51	612.79	614.63	614.33	611.15	609.74	611.46	611.42	608.06	607.23	608.16	608.43	606.43	607.044	606.838	606.632
266.1	616.71	612.97	614.57	615.14	612.39	609.95	611.38	611.98	609.82	607.12	607.72	608.88	606.78	606.768	606.336	605.904
266.2	617.36	613.19	614.31	615.58	613.64	610.46	610.92	612.44	611.49	607.55	607.95	608.96	607.71	606.887	606.272	605.657
266.3	617.5	613.53	614	615.58	614.67	611.32	610.56	612.52	612.24	608.52	608.16	608.6	608.74	607.43	606.6533333	605.997619
266.4	617.3	614.32	614.02	615.55	615.61	612.45	610.61	612.4	612.93	610.12	607.93	608.21	609.08	607.42	606.2426667	605.374381
266.5	617.81	615.12	614.19	615.45	616.3	613.75	610.91	611.95	613.59	611.88	608.1	608.56	609.1	608.07	606.3353333	605.321619
266.6	619.18	615.89	614.37	615.2	616.46	614.92	611.56	611.43	613.64	612.84	608.97	609.06	608.96	609.11	607.01	606.0328571
266.7	620.11	616.71	614.96	615.11	616.47	616.01	612.56	611.36	613.48	613.38	610.42	608.83	608.66	609.36	607.0533333	606.0147619
266.8	620.51	617.26	615.8	615.25	616.48	616.9	613.81	611.49	613.04	614	612.21	608.7	609.06	609.2	607.282	606.2097143
266.9	620.62	617.75	616.58	615.38	616.37	617.26	615.1	611.89	612.35	614.34	613.4	609.44	609.89	609.26	608.1706667	607.2346667
267	621	618.48	617.34	615.74	616.24	617.32	616.32	612.73	612.19	614.34	613.87	610.76	609.8	609.07	608.4386667	607.5149524
267.1	621.97	619.32	617.9	616.5	616.32	617.38	617.4	613.88	612.2	614.02	614.36	612.5	609.38	609.45	609.032	608.1882857
267.2	622.56	620.11	618.32	617.33	616.46	617.44	617.99	615.22	612.34	613.42	614.91	613.92	609.93	610.65	610.5373333	609.9684762
267.3	622.2	620.65	618.97	618.07	616.64	617.37	618.16	616.56	612.98	613.22	615.15	614.42	611.14	610.81	611.1713333	610.6621905
267.4	621.45	620.96	619.87	618.65	617.22	617.39	618.24	617.81	613.97	613.32	614.97	614.74	612.78	610.12	611.2066667	610.6038095
267.5	622.02	621.46	620.75	619.05	618.08	617.56	618.41	618.64	615.3	613.55	614.48	615.38	614.38	610.44	611.8306667	611.2332381
267.6	624.11	622.25	621.36	619.54	618.83	617.65	618.49	618.94	616.72	614.13	614.26	615.89	615.03	611.56	612.4513333	611.8379048
267.7	625.73	622.99	621.73	620.38	619.4	618.01	618.48	619.06	618.16	614.92	614.43	615.88	615.14	613.05	612.9193333	612.249619
267.8	625.96	623.5	622.17	621.35	619.81	618.81	618.64	619.28	619.21	615.8	614.74	615.49	615.76	614.79	613.818	613.2045714
267.9	625.84	623.8	622.88	622.08	620.19	619.62	618.75	619.54	619.69	616.83	615.31	615.27	616.55	615.67	614.4553333	613.8559048
268	626.59	624.14	623.65	622.55	620.87	620.19	618.9	619.58	619.87	617.98	615.95	615.5	616.75	615.59	614.386	613.6562857
268.1	628.18	624.66	624.19	622.99	621.88	620.62	619.53	619.71	620.07	618.95	616.44	615.91	616.47	616.07	614.5213333	613.7221905
268.2	629.77	625.32	624.56	623.58	622.76	620.93	620.4	619.88	620.53	619.59	617.02	616.5	616.26	617.13	615.0873333	614.3013333
268.3	630.19	625.8	625.02	624.31	623.33	621.42	621.01	619.9	620.69	619.96	617.84	617.09	616.53	617.57	615.616	614.8548571
268.4	629.12	625.95	625.58	624.91	623.83	622.36	621.43	620.29	620.77	620.17	618.66	617.27	617.04	617.41	615.7953333	615.0073333
268.5	628.47	626.58	626.15	625.31	624.35	623.38	621.74	621.15	621.02	620.64	619.35	617.38	617.69	617.23	615.908	615.0574286
268.6	629.23	627.88	626.61	625.83	624.97	624.07	622.05	621.85	621.01	621.21	619.93	617.82	618.29	617.52	616.4646667	615.6555238
268.7	630.4	628.98	626.77	626.45	625.61	624.67	622.83	622.25	621.11	621.71	620.23	618.42	618.28	618.13	616.9466667	616.1752381
268.8	631.28	629.52	627.28	626.98	626.05	625.19	623.93	622.59	621.9	622.22	620.66	619.07	617.92	618.84	617.1226667	616.2715238
268.9	631.53	629.78	628.56	627.45	626.58	625.68	624.76	622.8	622.72	622.35	621.52	619.82	617.92	619.55	617.5626667	616.6815238
269	631.92	630.06	629.76	627.71	627.3	626.3	625.46	623.33	623.08	622.28	622.49	620.29	618.24	619.44	617.718	616.7888571
269.1	632.82	630.66	630.31	628.13	627.84	626.77	626.07	624.42	623.45	622.7	623.33	620.66	618.76	618.63	617.396	616.2934286
269.2	633.81	631.58	630.48	629.27	628.26	627.3	626.47	625.42	623.64	623.44	623.66	621.67	619.63	618.16	617.618	616.4517143
269.3	635.02	632.12	630.65	630.54	628.63	628.1	626.98	626.19	623.89	623.97	623.51	623.09	620.33	618.17	618.166	617.0248571
269.4	636.48	631.99	631.19	631.19	629.01	628.69	627.49	626.93	624.87	624.37	623.6	624.33	620.65	618.44	618.452	617.2354286
269.5	637.8	632.02	632.17	631.36	630	629.06	628	627.35	626.04	624.51	624.15	624.95	621.66	619.35	619.3233333	618.1461905
269.6	638.35	632.7	632.89	631.4	631.34	629.51	628.84	627.69	626.85	624.57	624.79	624.82	623.5	620.35	620.5786667	619.5592381
269.7	638.17	633.76	632.85	631.76	632.1	629.93	629.55	628.22	627.77	625.24	625.27	624.61	625.21	620.65	621.1566667	620.1180952
269.8	637.8	634.81	632.7	632.65	632.3	630.79	629.9	628.7	628.3	626.33	625.39	624.89	626.18	621.54	621.9633333	620.9704762
269.9	637.97	635.59	633.22	633.54	632.27	632.11	630.32	629.51	628.45	627.29	625.28	625.55	626.17	623.72	623.4026667	622.6386667
270	639.41	636.41	634.27	633.73	632.39	632.98	630.83	630.4	628.96	628.29	625.65	626.16	625.75	625.94	624.5706667	623.9360952
270.1	640.94	637.55	635.45	633.53	633.12	633.26	631.62	630.77	629.4	628.97	626.58	626.31	625.68	627.35	625.3426667	624.7600952
270.2	641.31	638.69	636.36	633.83	634.1	633.22	632.89	631.1	630.14	629.26	627.64	626.08	626.26	627.54	625.464	624.7908571
270.3	640.97	639.64	637.12	634.8	634.54	633.14	633.88	631.7	631.23	629.84	628.77	626.14	627.03	626.99	625.1073333	624.185619
270.4	640.89	640.51	638.15	636.05	634.4	633.61	634.23	632.48	631.69	630.42	629.62	626.86	627.27	626.56	624.9506667	623.8689524
270.5	642.3	641.28	639.34	637.15	634.51	634.57	634.23	633.67	631.88	631.13	630.03	627.94	626.95	626.94	625.212	624.0882857
270.6	644.38	641.83	640.43	637.97	635.33	635.23	634.03	634.77	632.52	632.14	630.67	629.19	626.74	627.86	625.7553333	624.5844762
270.7	645.58	642.19	641.42	638.88	636.58	635.27	634.19	635.19	633.33	632.65	631.39	630.22	627.18	628.24	626.1986667	624.9692381
270.8	646.06	642.35	642.38	640.08	637.85	635.26	635.02	635.25	634.48	632.78	632.11	630.76	628.19	627.87	626.2146667	624.838381
270.9	646.33	642.42	643.06	641.26	638.82	635.9	635.84	635.03	635.69	633.15	633.04	631.44	629.55	627.42	626.34	624.8042857
271	647.09	642.89	643.37	642.32	639.66	637.08	636.1	634.89	636.17	633.62	633.56	632.33	630.78	627.57	627.0633333	625.5561905
271.1	649.21	643.74	643.5	643.36	640.81	638.47	636.08	635.47	636.27	634.43	633.61	633.1	631.44	628.42	628.0053333	626.6130476
271.2	651.61	644.5	643.5	644.2	642.07	639.64	636.51	636.37	636.12	635.52	633.75	633.97	632.17	629.85	629.4453333	628.2687619
271.3	652.34	645.02	643.76	644.59	643.2	640.5	637.58	636.84	635.72	636.11	633.91	634.5	633.21	631.31	631.1106667	630.2489524
271.4	651.89	645.63	644.48	644.73	644.27	641.57	639	636.93	635.99	636.4	634.35	634.49	634.07	632.08	631.9233333	631.1690476
271.5	651.35	646.8	645.19	644.72	645.27	642.87	640.38	637.2	636.88	636.55	635.26	634.45	634.93	632.84	632.5646667	631.8255238
271.6	651.3	648.24	645.64	644.76	645.83	644.07	641.37	638.1	637.51	636.35	635.95	634.35	635.48	634.04	633.4573333	632.8413333
271.7	652.32	649.63	646.14	645.24	645.98	645.15	642.34	639.49	637.77	636.64	636.4	634.38	635.4	635.02	633.986	633.4291429
271.8	654.01	651.01	647.21	645.93	646.01	646.23	643.64	641.02	637.94	637.74	636.87	635.04	635.25	635.91	634.5133333	633.957619
271.9	655.05	652.05	648.73	646.38	645.91	646.98	644.93	642.23	638.66	638.74	636.97	635.76	634.93	636.49	634.576	633.9048571
272	655.51	652.84	650.23	646.83	646.08	647.21	646.03	643.16	639.97	639.23	637.26	636.31	634.55	636.34	633.9626667	633.0158095
272.1	656.53	653.92	651.65	647.76	646.68	647.3	647.15	644.39	641.57	639.44	638.54	637.06	634.87	636.11	633.6826667	632.4686667
272.2	658.03	655.01	652.82	649.22	647.15	647.16	648.08	645.77	643.05	639.82	639.92	637.51	635.55	635.64	633.3546667	631.8612381
272.3	659.66	655.57	653.69	650.82	647.56	647.04	648.45	646.93	644.01	640.77	640.66	637.85	636.14	634.84	632.79	631.0028571
272.4	660.75	655.96	654.77	652.35	648.36	647.44	648.58	648.02	645.15	642.32	640.97	639.19	637.1	634.77	632.9826667	631.0015238
272.5	661.14	656.37	656.04	653.68	649.71	647.92	648.51	649.09	646.59	643.89	641.1	640.97	637.96	635.36	633.5713333	631.4550476
272.6	661.45	656.63	656.82	654.67	651.34	648.31	648.18	649.66	647.84	644.92	641.63	642.03	638.39	635.91	633.9026667	631.6500952
272.7	661.99	657.25	657.22	655.69	652.99	649.03	648.25	649.82	648.9	645.89	643.02	642.5	639.73	637.01	634.9966667	632.7552381
272.8	663.28	658.42	657.64	656.94	654.5	650.25	648.7	649.86	650.04	647.11	644.65	642.54	641.88	638.31	636.4433333	634.2590476
272.9	664.84	659.53	657.85	657.92	655.66	651.82	649.08	649.47	650.85	648.33	645.75	642.62	643.31	638.89	637.1593333	634.9310476
273	665.9	660.5	658.16	658.45	656.67	653.56	649.73	649.17	651.05	649.43	646.61	643.72	644	640.14	638.452	636.3454286
273.1	667.2	661.58	659.1	658.92	657.84	655.26	650.84	649.47	651.21	650.43	647.6	645.4	644.08	642.67	640.5033333	638.6761905
273.2	668.95	662.64	660.18	659.21	658.92	656.62	652.31	649.87	650.9	651.08	648.66	646.61	643.76	644.5	641.984	640.3837143
273.3	670.5	663.74	661.13	659.32	659.62	657.69	654.06	650.44	650.23	651.28	649.77	647.4	644.45	645.43	643.4073333	642.0684762
273.4	671.81	664.92	662.21	659.92	660.17	658.77	655.92	651.49	650.3	651.48	650.7	648.19	646.13	645.72	644.6073333	643.4227619
273.5	672.97	666.17	663.3	660.93	660.62	659.84	657.52	652.84	650.68	651.51	651.21	649.04	647.46	645.04	644.9046667	643.6898095
273.6	673.86	667.31	664.4	661.89	660.65	660.67	658.73	654.53	651.15	651.25	651.42	650.11	648.22	645.21	645.55	644.4042857
273.7	674.94	668.29	665.64	662.94	660.88	661.34	659.77	656.5	652.17	651.43	651.69	651.05	648.88	646.86	646.8626667	645.8672381
273.8	676.32	669.55	667.04	664.06	661.72	661.97	660.77	658.33	653.44	651.88	651.98	651.41	649.48	648.31	647.7413333	646.7864762
273.9	677.32	670.93	668.4	665.11	662.67	662.09	661.67	659.74	654.99	652.42	652.16	651.54	650.43	649.07	648.1493333	647.1153333
274	678.06	672.04	669.48	666.32	663.71	662.01	662.45	660.83	656.99	653.36	652.54	651.84	651.44	649.66	648.3273333	647.095619
274.1	678.9	673.19	670.58	667.84	664.85	662.56	663.24	661.74	659.07	654.51	653.1	652.32	651.68	649.99	647.978	646.416
274.2	680.16	674.48	671.88	669.44	665.86	663.46	663.57	662.6	660.7	655.86	653.7	652.89	651.66	650.74	647.9373333	646.1313333
274.3	681.81	675.58	672.99	670.74	666.97	664.49	663.34	663.48	661.92	657.52	654.55	653.57	651.95	651.88	648.4426667	646.5029524
274.4	683.46	676.72	674.02	671.79	668.53	665.66	663.51	664.4	662.8	659.24	655.52	654.28	652.55	652.04	648.5606667	646.4146667
274.5	684.89	677.96	675.27	672.97	670.35	666.66	664.27	665.02	663.54	660.74	656.62	654.95	653.44	651.78	648.608	646.2545714
274.6	685.94	678.98	676.38	674.1	671.95	667.63	665.28	664.82	664.46	662.03	657.96	655.78	654.5	652.05	649.1146667	646.6340952
274.7	686.83	680.13	677.39	675.06	673.1	669.12	666.47	664.6	665.48	663.09	659.35	656.63	655.42	652.68	649.802	647.2382857
274.8	688.06	681.59	678.6	676.19	674.14	671.12	667.52	665.12	666.42	664.05	660.69	657.49	656.17	653.81	650.7826667	648.214381
274.9	689.67	682.96	679.69	677.31	675.25	673.04	668.37	666.06	666.41	664.98	661.97	658.55	657.04	655.31	652.436	650.072
275	691.09	684.19	680.83	678.22	676.19	674.41	669.68	667.26	665.86	665.87	663.13	659.6	657.82	656.5	654.0153333	651.8873333
275.1	692.28	685.42	682.38	679.31	677.18	675.39	671.75	668.4	666.06	666.81	664.25	660.67	658.45	657.34	655.0373333	652.9727619
275.2	693.62	686.58	683.92	680.48	678.3	676.42	673.99	669.19	666.86	667.25	665.31	661.9	659.27	658.29	656.1266667	654.1209524
275.3	694.99	687.77	685.18	681.6	679.16	677.38	675.69	670.26	668.05	667.11	666.21	663.12	660	659.07	656.9946667	655.0140952
275.4	696.29	689.17	686.4	683.14	680.08	678.24	676.74	672.26	669.3	667.28	667.14	664.39	660.73	659.49	657.5766667	655.5352381
275.5	698.18	690.61	687.52	684.87	681.26	679.31	677.65	674.76	670.1	667.88	667.89	665.61	661.83	660.1	658.5253333	656.5130476
275.6	700.41	691.91	688.63	686.26	682.39	680.16	678.6	676.86	670.89	668.8	668.15	666.55	663.07	660.56	659.2926667	657.2800952
275.7	702.15	693.16	690.01	687.5	683.85	680.9	679.41	678.12	672.7	670.02	668.42	667.43	664.46	660.86	659.628	657.4317143
275.8	703.89	694.59	691.47	688.64	685.74	682.03	680.37	678.93	675.4	671.12	668.95	668.39	665.87	661.79	660.1506667	657.740381
275.9	705.79	696.22	692.77	689.64	687.35	683.18	681.23	679.82	677.9	672.11	669.68	669.07	666.91	663	660.7073333	658.115619
276	707.62	697.79	694.01	690.9	688.63	684.54	681.84	680.64	679.52	673.7	670.78	669.54	667.73	664.45	661.5033333	658.8033333
276.1	710.18	699.28	695.43	692.41	689.82	686.49	682.8	681.45	680.29	676.01	672	670.06	668.76	666.08	662.726	660.0191429
276.2	712.77	700.9	697.1	693.74	690.76	688.35	683.99	682.33	681.08	678.32	673.11	670.61	669.84	667.26	663.666	660.8934286
276.3	714.1	702.5	698.83	694.97	691.85	689.73	685.27	682.88	681.94	679.98	674.53	671.53	670.61	668.03	664.3706667	661.4946667
276.4	714.98	704.04	700.4	696.37	693.36	691	687.17	683.6	682.6	680.87	676.5	672.82	671.2	669.03	665.4493333	662.5767619
276.5	716.01	705.92	701.92	698.04	694.75	691.95	689.27	684.79	683.48	681.64	678.57	674.09	671.62	670.45	666.6726667	663.824381
276.6	717.47	707.93	703.45	699.86	695.96	692.84	690.85	686.03	684.02	682.47	680.19	675.45	672.31	671.59	667.9346667	665.1526667
276.7	719.65	709.89	704.92	701.59	697.32	694.27	692.18	687.8	684.48	683.18	681.19	677.12	673.58	672.35	669.298	666.626
276.8	721.62	712.04	706.68	703.12	698.98	695.74	693.22	690.07	685.6	684.07	681.98	678.92	675.02	672.7	670.244	667.538
276.9	722.9	713.88	708.71	704.58	700.86	696.95	693.96	691.92	686.83	684.8	682.83	680.42	676.42	673.13	671.1333333	668.3890476
277	725.22	715.4	710.67	706	702.75	698.27	695.2	693.32	688.41	685.45	683.66	681.49	677.87	674.31	672.324	669.598
277.1	729.03	717.24	712.73	707.64	704.4	699.91	696.74	694.49	690.77	686.64	684.61	682.31	679.38	675.88	673.412	670.5968571
277.2	733.12	719.11	714.63	709.61	705.79	701.8	697.99	695.19	692.95	688	685.52	683.17	680.7	677.42	674.4366667	671.5252381
277.3	737.36	720.83	716.15	711.61	707.17	703.82	699.24	696.15	694.43	689.41	686.35	684.08	681.75	678.72	675.41	672.4442857
277.4	741.07	722.71	717.99	713.64	708.7	705.64	700.84	697.7	695.78	691.36	687.54	685.11	682.64	679.96	676.296	673.2191429
277.5	743.83	724.43	719.97	715.56	710.58	707.06	702.73	699.04	696.53	693.35	688.92	686.16	683.5	681.04	677.274	674.138
277.6	746.42	726.44	721.69	717.1	712.61	708.37	704.83	700.23	697.16	694.87	690.24	687.16	684.46	682	678.304	675.158
277.7	749.37	729.41	723.58	718.83	714.62	709.81	706.85	701.77	698.68	696.3	691.79	688.43	685.56	682.96	679.202	675.9397143
277.8	751.97	732.46	725.46	720.86	716.58	711.57	708.38	703.65	700.12	697.29	693.55	689.85	686.73	683.81	680.1986667	676.8578095
277.9	753.64	735.12	727.45	722.65	718.16	713.59	709.64	705.77	701.26	698.05	695.13	691.14	687.9	684.8	681.3726667	678.0372381
278	755.36	738.2	730.36	724.51	719.76	715.61	710.99	707.97	702.72	699.44	696.62	692.39	689.29	685.99	682.5753333	679.1944762
278.1	757.81	741.5	733.51	726.53	721.77	717.62	712.65	709.72	704.58	701.01	697.83	693.81	690.78	687.25	683.7406667	680.2732381
278.2	760.71	744.6	736.05	728.57	723.63	719.25	714.59	710.94	706.69	702.3	698.77	695.36	692.09	688.54	684.8126667	681.2472381
278.3	764.66	747.78	738.79	731.39	725.44	720.72	716.64	712.21	709.01	703.69	700.1	696.9	693.14	690.11	685.89	682.1942857
278.4	769.85	750.74	741.99	734.71	727.57	722.66	718.69	713.76	711.05	705.41	701.72	698.28	694.18	691.69	686.9953333	683.1687619
278.5	774.82	753.2	745.05	737.39	729.71	724.58	720.4	715.62	712.32	707.39	703.13	699.44	695.57	693.05	688.2666667	684.3952381
278.6	779.55	755.67	748.11	739.87	732.42	726.35	721.79	717.65	713.48	709.64	704.47	700.77	697.16	694.03	689.4193333	685.4653333
278.7	785.04	758.54	751.05	742.87	735.9	728.51	723.59	719.74	714.94	711.73	706	702.4	698.67	694.66	690.3153333	686.1959048
278.8	790.69	761.36	753.57	745.89	738.86	730.79	725.56	721.56	716.69	713.22	707.84	703.93	700.03	695.78	691.4453333	687.2159048
278.9	796.07	764.15	756.12	748.79	741.2	733.41	727.3	722.93	718.69	714.55	710.07	705.29	701.44	697.4	692.8506667	688.5489524
279	801.68	767.62	759.12	751.64	743.98	736.95	729.43	724.54	720.8	716.13	712.27	706.67	703.06	698.98	694.2606667	689.8632381
279.1	807.57	771.71	762.12	754.15	746.95	740.27	731.83	726.52	722.75	717.92	713.96	708.32	704.69	700.53	695.7186667	691.2492381
279.2	814.52	775.97	764.87	756.69	749.71	742.65	734.43	728.28	724.15	719.74	715.41	710.49	706.13	702.09	697.3966667	692.9380952
279.3	822.96	780.79	768.05	759.75	752.43	745.21	737.94	730.29	725.56	721.54	717.04	712.77	707.41	703.7	699.074	694.618
279.4	831.78	786.17	771.95	762.94	754.88	748.1	741.61	732.8	727.53	723.38	718.83	714.63	708.85	705.41	700.5993333	696.0739048
279.5	840.84	791.48	776.11	765.79	757.32	750.74	744.24	735.44	729.31	724.95	720.58	716.22	710.9	706.96	702.3273333	697.805619
279.6	850.29	796.9	780.73	768.83	760.38	753.31	746.61	738.84	731.15	726.45	722.2	717.93	713.24	708.22	704.01	699.48
279.7	860.24	802.62	785.93	772.57	763.75	755.67	749.36	742.8	733.72	728.39	723.82	719.75	715.24	709.42	705.2213333	700.5064762
279.8	870.74	808.53	791.2	776.69	766.77	757.95	751.95	745.82	736.44	730.22	725.48	721.47	716.98	711.31	706.712	701.8725714
279.9	881.18	814.97	796.59	781.19	769.75	760.92	754.36	748.09	739.69	732.03	727.16	722.95	718.79	713.7	708.332	703.364
280	892.02	821.93	802.29	786.22	773.36	764.45	756.6	750.69	743.89	734.59	729.09	724.33	720.68	715.79	709.3626667	704.0200952
280.1	904.09	829.26	808.06	791.41	777.45	767.67	758.72	753.26	747.38	737.48	731	725.95	722.41	717.68	710.4406667	704.7618095
280.2	917.63	837.45	814.11	796.75	781.89	770.66	761.49	755.52	749.67	740.55	732.75	727.8	723.79	719.59	711.7953333	705.9201905
280.3	932.87	846.48	820.61	802.44	786.78	774.16	765.09	757.63	752.13	744.33	735.05	729.79	724.92	721.6	713.0226667	706.8472381
280.4	949.78	856	827.41	808.18	791.88	778.21	768.56	759.57	754.7	747.85	737.91	731.76	726.38	723.36	714.2673333	707.7741905
280.5	968.7	866.08	835.01	814	797.13	782.6	771.63	762.06	756.83	750.31	740.93	733.5	728.37	724.71	715.7233333	709.0419048
280.6	990.04	876.6	843.62	820.16	802.82	787.42	775.04	765.63	758.81	752.7	744.35	735.58	730.47	725.61	717.1073333	710.2084762
280.7	1013.3	887.62	852.71	826.57	808.6	792.42	779.04	769.36	760.58	755.25	747.76	738.35	732.5	726.77	718.864	711.8151429
280.8	1037.4	899.56	862.44	833.64	814.27	797.54	783.41	772.57	762.71	757.45	750.4	741.37	734.29	728.87	721.0773333	713.9999048
280.9	1062.6	912.4	872.83	841.8	820.18	803.19	788.19	775.92	766.14	759.6	752.87	744.5	736.18	731.13	723.0353333	715.7873333
281	1090.9	926.18	883.61	850.55	826.28	809.04	793.14	779.87	770.12	761.66	755.58	747.71	738.79	733.23	725.0886667	717.6335238
281.1	1121.9	941.36	895.14	859.88	832.88	814.66	798.12	784.22	773.51	763.78	757.97	750.44	741.84	735.07	727.2133333	719.6261905
281.2	1152.8	958.26	907.53	870.06	840.57	820.37	803.66	788.98	776.81	766.92	760.22	752.99	744.8	736.84	729.086	721.2734286
281.3	1184.4	976.91	920.61	880.74	849.02	826.22	809.58	793.93	780.74	770.94	762.49	755.83	747.71	739.22	731.0933333	722.9804762
281.4	1217.3	997.33	934.75	891.94	857.93	832.38	815.24	798.78	785.07	774.56	764.7	758.44	750.46	742.31	733.354	725.0008571
281.5	1251	1019.3	950.42	904.01	867.81	839.57	820.8	804.11	789.8	777.84	767.57	760.77	753.06	745.21	735.2993333	726.6110476
281.6	1285.6	1043	967.59	916.69	878.44	847.71	826.46	810.09	794.81	781.55	771.46	763.24	756.02	747.8	737.1606667	728.0218095
281.7	1320	1069.3	986.5	930.09	889.41	856.22	832.27	815.87	799.59	785.53	775.14	765.62	758.85	750.46	739.0106667	729.4332381
281.8	1353.8	1097	1007.2	944.8	901.18	865.67	838.94	821.34	804.64	789.93	778.32	768.29	761.28	753.09	740.552	730.4454286
281.9	1388.1	1125.9	1029.3	960.85	913.64	876.2	846.74	826.85	810.63	794.96	781.84	771.98	763.89	756.14	742.3546667	731.6255238
282	1422.7	1157.1	1053.6	978.42	926.51	887.03	854.93	832.37	816.58	799.88	785.58	775.75	766.52	759.21	744.244	732.908
282.1	1457.9	1189.7	1079.9	997.89	940.44	898.49	863.9	838.54	822	804.76	789.62	778.87	769.09	761.74	745.774	733.8008571
282.2	1493.1	1222.5	1106.8	1018.7	955.6	910.76	874.2	845.92	827.42	810.38	794.39	782.19	772.52	764.45	747.8286667	735.2392381
282.3	1525.3	1256	1135.4	1041.4	971.99	923.3	884.99	853.87	832.73	816.1	799.26	785.76	776.37	767.37	750.316	737.1877143
282.4	1555.1	1290.2	1166.1	1066.2	990.27	936.53	896.17	862.33	838.43	821.52	804.03	789.43	779.47	769.94	752.15	738.3442857
282.5	1585.8	1324.9	1197.2	1091.9	1010.2	950.94	908.25	872.22	845.35	827.08	809.39	793.88	782.6	773.07	754.1933333	739.6119048
282.6	1615	1360.1	1228.8	1118.8	1031.3	966.28	920.62	883.02	853.07	832.53	814.97	798.68	786.05	777.01	756.782	741.4668571
282.7	1639.2	1395.8	1261.3	1148	1054.6	983.3	933.32	894	861.07	837.95	820.36	803.35	789.38	780.11	758.618	742.4031429
282.8	1658.8	1432.1	1294.5	1178	1079.4	1002.2	947.06	905.79	870.4	844.31	825.96	808.49	793.45	783.04	760.2566667	742.9180952
282.9	1673.1	1467.8	1328	1208.1	1104.8	1022.2	961.57	918.11	881.18	851.75	831.55	813.91	798.16	786.45	761.9606667	743.330381
283	1680.3	1502.2	1361.9	1239.1	1132.4	1043.9	977.39	930.43	892.04	859.6	836.97	819.18	802.73	789.44	763.1866667	743.1466667
283.1	1681	1536.3	1396.2	1271.1	1161.4	1067.5	995.32	943.53	903.51	868.6	842.98	824.78	807.66	793.09	764.7913333	743.273619
283.2	1676.1	1570.5	1431.3	1303.4	1190.2	1091.7	1014.3	957.39	915.82	879.04	849.9	830.55	812.94	797.68	766.82	743.7242857
283.3	1664.9	1602.1	1465.4	1335.8	1219.7	1117.6	1034.6	972.11	927.94	889.57	857.37	836.03	818.04	802.15	768.6953333	743.9844762
283.4	1647.9	1629.9	1498.1	1368.7	1250.6	1145.5	1056.9	988.88	940.45	900.38	865.84	841.77	823.57	806.89	770.92	744.5685714
283.5	1626.4	1654.4	1531	1401.5	1281.8	1173.3	1080.1	1007.1	953.82	912.09	875.6	848.23	829.51	812.05	773.4873333	745.3741905
283.6	1600.2	1674.1	1562.2	1433.6	1312.9	1201.2	1104.5	1026	967.59	923.94	885.7	855.29	835.1	816.94	775.742	745.7368571
283.7	1568.6	1687.5	1589.9	1465	1344.5	1230.6	1131	1046.9	983.11	936.15	895.98	863.27	840.68	822.32	777.9446667	745.8569524
283.8	1533.1	1695.1	1614.5	1496.3	1376.1	1260.8	1157.9	1069.2	1000.6	949.18	907.03	872.42	846.75	828.42	780.4533333	746.087619
283.9	1495.2	1696.9	1635.8	1527.5	1407.1	1290.7	1184.5	1092.2	1018.5	962.29	918.55	882.02	853.36	834.17	782.9846667	746.2712381
284	1456	1692.2	1651.5	1555.6	1437.5	1320.9	1212.3	1117.3	1037.9	976.69	930.51	891.79	860.88	839.68	785.1833333	745.8333333
284.1	1415.7	1681.6	1661.4	1579.8	1467.6	1351.3	1241.5	1143.3	1059.2	993.44	943.2	902.2	869.49	845.42	787.3166667	744.9809524
284.2	1371.7	1665.6	1666.4	1601.4	1496.9	1381.1	1270.4	1168.7	1081.1	1011	956.12	913.27	878.57	851.56	789.8193333	744.4524762
284.3	1323.8	1643.5	1665.6	1618.4	1523.6	1410.5	1299.2	1194.9	1104.5	1029.5	969.88	924.96	887.84	858.62	792.62	744.0685714
284.4	1274.7	1615.7	1659	1629.8	1547.6	1439.5	1328.4	1222.9	1129.7	1049.7	985.59	937.36	897.64	866.79	795.9006667	743.930381
284.5	1226.7	1578.9	1647.3	1636.6	1569.1	1467.6	1357.1	1250.9	1154.2	1070.3	1002.5	950.07	908.15	875.32	800.0953333	744.8587619
284.6	1180.4	1535.9	1630.1	1638.4	1586.8	1493.9	1385.3	1278.4	1178.7	1092.2	1020.3	963.32	919.52	884.07	804.868	746.3488571
284.7	1135.1	1494.7	1606.8	1634.7	1599.2	1517.1	1413.2	1306.3	1205.4	1116.3	1039.4	978.09	931.66	893.31	809.792	747.6297143
284.8	1090.5	1458.6	1578.5	1626	1607	1537.5	1440.3	1333.9	1232.6	1140.3	1059	994.3	944.15	903.17	815.5566667	749.8338095
284.9	1047.6	1413.5	1546.2	1612.4	1610.6	1556.3	1465.9	1360.9	1259	1163.4	1079.4	1011.5	957.02	914.15	822.9493333	754.0553333
285	1007.1	1356.4	1510.8	1593.2	1609.3	1570.5	1488.8	1387.8	1285.6	1188.1	1101.8	1029.6	970.96	926.06	831.5546667	759.5169524
285.1	970.16	1300.4	1472.8	1568.7	1603.1	1579.1	1508.8	1413.9	1312.3	1214	1124.7	1048.2	986.37	938.31	841.046	765.922
285.2	937.17	1245.5	1422.3	1540	1592.4	1584.1	1526.5	1438.6	1338.1	1239.4	1146.7	1067.2	1002.9	950.88	851.6866667	773.8266667
285.3	906.77	1192.3	1366.8	1508	1576.6	1584.9	1540.8	1461	1363.9	1265	1169.6	1087.9	1020.3	964.15	863.6866667	783.2709524
285.4	877.67	1140.6	1318.4	1472.8	1555.5	1581	1550.6	1480.5	1389.2	1290.9	1194.1	1109.7	1037.9	978.66	877.1333333	794.387619
285.5	850.27	1091.3	1270.2	1433.6	1530.1	1572.9	1556.6	1497.8	1412.8	1315.6	1218.4	1130.7	1055.6	994.64	892.1066667	807.5780952
285.6	824.82	1045.2	1220.7	1390.6	1501.3	1560.2	1559	1512.2	1434.7	1340.3	1242.8	1151.8	1074.7	1011.3	908.7866667	822.9352381
285.7	801.01	1002.4	1171.1	1340.5	1469.2	1542.5	1557.1	1522.3	1453.8	1364.9	1267.8	1174.6	1095.2	1028	927.5866667	840.9780952
285.8	778.91	963.08	1122.7	1285.9	1433.4	1520.2	1551.2	1529.4	1470.5	1388	1291.9	1197.9	1115.3	1044.6	947.2066667	860.3038095
285.9	759.11	926.92	1076.8	1236.4	1393.4	1494.3	1541.3	1533.5	1485.1	1409.8	1315.8	1221.1	1134.9	1062.1	968.0266667	881.3295238
286	741.73	893.08	1033.9	1191.5	1350.6	1465.2	1526.7	1533.4	1495.7	1428.9	1339.8	1245.1	1155.9	1081.2	992.48	907.16
286.1	727.23	862.26	994.12	1145.9	1307.1	1432.5	1507.4	1529.5	1502.5	1445	1362.5	1268.6	1178	1100.4	1018.96	935.9485714
286.2	715.68	835.2	957.3	1100.4	1258.9	1395.8	1484.4	1522.1	1507.3	1459.5	1383.9	1291.6	1200.1	1118.6	1045.433333	965.0333333
286.3	705.69	809.52	922.83	1057.8	1207.8	1356	1458.2	1510.4	1509.1	1471	1403.4	1315	1223	1137.8	1074.326667	997.5009524
286.4	696.55	785.6	890.32	1018.1	1161.3	1314.7	1428.5	1494.1	1507	1478.7	1420	1337.3	1245.9	1158.7	1105.673333	1033.599048
286.5	688.28	765.44	860.29	981.17	1119	1272.8	1395	1474	1501.6	1484.1	1434.6	1358.3	1268.1	1179.5	1137.553333	1070.844762
286.6	680.68	748.25	833.14	946.43	1078.2	1231.8	1358.3	1450.7	1492.5	1487.6	1446.9	1377.8	1290.7	1201.2	1171.153333	1110.687619
286.7	673.87	733.33	808.67	913.5	1039	1183	1319.7	1423.9	1479.1	1487.4	1455.4	1394.9	1312.7	1223.5	1205.906667	1152.689524
286.8	667.8	720.5	787.06	882.75	1002.3	1134.1	1280.3	1393.3	1461.7	1483.6	1461.2	1409.7	1333.2	1244.9	1240.38	1195.045714
286.9	661.77	709.31	768.29	854.84	967.56	1094.4	1240.7	1359.5	1441.1	1476.8	1465.3	1422.6	1352.7	1266.7	1275.5	1238.728571
287	655.72	699.33	751.88	829.5	934.5	1056.5	1201.1	1323.6	1417.1	1466.2	1466.4	1431.9	1370.1	1288.3	1309.986667	1282.36381
287.1	650.24	690.44	737.62	806.64	903.35	1020.6	1158.5	1286.6	1389.4	1451.4	1464.2	1438.3	1385.2	1308.3	1343.133333	1325.133333
287.2	645.59	682.2	725.18	786.5	874.89	986.2	1112.7	1249.2	1358.3	1433.4	1459.1	1442.9	1398.5	1327.6	1375.86	1368.02
287.3	642.21	674.39	714.05	768.75	849.04	953.24	1072.2	1211.5	1325.1	1412.1	1450.8	1445.2	1408.8	1345.4	1406.5	1408.957143
287.4	640.17	667.33	704.02	753.29	825.38	921.94	1038	1172.8	1290.6	1387.2	1438.4	1444.6	1415.7	1360.6	1433.686667	1446.306667
287.5	638.71	661.13	694.84	739.86	804.14	893.1	1004.6	1134.8	1255.4	1358.8	1422.8	1441.2	1421	1374.2	1458.8	1481.628571
287.6	637.22	655.94	686.24	727.8	785.3	867.01	971.85	1093.1	1220	1328.2	1404.3	1434.9	1424.2	1385.4	1480.726667	1513.458095
287.7	636.11	651.98	678.44	716.77	768.75	842.97	940.32	1053.6	1183.6	1296.3	1382	1424.9	1424.6	1393	1498.213333	1540.350476
287.8	635.21	648.9	671.56	706.68	754.36	820.95	911.02	1021.1	1146.6	1263.1	1356.3	1411.7	1422.7	1398.8	1512.72	1564.011429
287.9	634.01	646.21	665.51	697.34	741.46	801.24	884.61	988.79	1111.4	1229.9	1328	1395.8	1418.3	1403	1523.5	1583.242857
288	632.37	644.1	660.56	688.86	729.6	783.78	860.3	957.42	1075.7	1195.9	1298.1	1376.2	1410.5	1404.5	1530.073333	1597.670476
288.1	629.67	642.48	656.59	681.37	718.69	768.56	837.67	927.82	1038.6	1160.5	1267	1353.1	1399.6	1403.8	1533.373333	1608.499048
288.2	626.5	640.8	653.19	674.65	708.58	754.96	817.16	901.1	1004.8	1126.1	1235.7	1327.3	1386.2	1401.4	1532.406667	1613.975238
288.3	624.02	638.89	650.41	668.89	699.38	742.33	798.83	876.73	974.04	1094.1	1203.8	1299.5	1369.3	1395.7	1525.7	1612.26
288.4	621.79	636.38	648.27	664.17	691.25	730.61	782.8	853.83	944.56	1062.3	1170.6	1270.4	1348.7	1387	1514.38	1604.985714
288.5	619.02	633.31	646.26	660.12	683.88	719.73	768.53	832.69	917.48	1025	1137.4	1240.9	1325.3	1376	1500.046667	1594.246667
288.6	616.14	630.54	644.08	656.73	677.37	709.83	755.2	813.64	893.01	989.57	1106	1211.1	1299.7	1361.7	1481.407333	1577.948476
288.7	613.9	628.08	641.61	654.08	671.93	701.08	742.7	796.89	870.01	960.44	1076	1180	1272.6	1343.7	1458.018	1555.416
288.8	612.56	625.26	638.61	651.7	667.27	693.22	731.03	782.04	848.34	932.98	1046.7	1148.3	1244.9	1322.7	1431.569333	1528.973905
288.9	612.43	622.27	635.62	649.23	663.29	686.06	720.37	768.16	828.62	908.56	1012.7	1117.8	1217	1299.4	1402.445333	1499.14019
289	612.48	619.74	633	646.65	660.11	679.9	710.95	754.96	811.13	885.68	978.88	1088.7	1188.1	1274.2	1371.024667	1466.236952
289.1	611.86	617.87	630.18	643.66	657.34	674.64	702.57	742.54	795.7	863.72	951.43	1060.1	1158.1	1248.3	1338.372667	1431.367238
289.2	611.2	616.88	627.12	640.49	654.54	670.07	694.81	731.1	781.35	843.49	926.63	1031.6	1128.5	1222.3	1305.453333	1395.874762
289.3	610.68	616.39	624.41	637.66	651.73	666.34	687.96	720.99	767.5	825.3	903.91	999.73	1100.4	1195.4	1271.435333	1358.881619
289.4	610.4	615.64	622.26	634.8	648.7	663.15	682.12	712.07	754.34	809.38	881.98	967.78	1072.9	1167.2	1236.329333	1320.34819
289.5	610.19	614.82	620.76	631.68	645.4	660	677	703.78	742.08	794.69	861.15	941.72	1045.2	1138.8	1202.176667	1282.625238
289.6	609.64	614.15	619.89	628.81	642.32	656.89	672.75	696.27	731.2	780.3	842.03	918.94	1017.4	1111.5	1169.199333	1246.04819
289.7	608.75	613.58	619.03	626.45	639.36	653.75	669.14	689.83	721.69	766.47	825.01	897.17	987.77	1085.1	1135.846	1208.792
289.8	607.56	613.09	618.06	624.59	636.18	650.36	665.62	684.19	712.93	753.39	809.46	876.01	958.07	1058.7	1102.370667	1171.21181
289.9	606.5	612.48	617.26	623.37	633.15	647.02	662.15	679.41	704.78	741.7	794.68	856.14	933.45	1031.7	1070.872667	1135.767238
290	606.09	611.65	616.5	622.38	630.6	643.9	658.8	675.38	697.7	731.55	780.58	838.19	912.22	1004.4	1040.752	1101.698286
290.1	606.2	610.6	615.77	621.29	628.49	640.66	655.3	671.5	691.57	722.36	767.15	821.94	891.12	976.81	1010.552	1067.331143
290.2	606.06	609.48	615.06	620.35	626.94	637.46	651.74	667.64	686.24	713.6	754.84	806.86	870.67	949.68	981.0246667	1033.608381
290.3	605.23	608.7	614.19	619.44	625.77	634.73	648.42	664.02	681.79	705.83	744.03	792.7	851.76	926.63	954.856	1003.732
290.4	603.55	608.38	613.18	618.5	624.58	632.43	645.08	660.41	677.58	699.22	734.28	779.18	834.63	905.97	931.118	976.6345714
290.5	601.67	608.05	612.05	617.64	623.5	630.59	641.73	656.67	673.32	693.35	724.99	766.55	819.05	885.01	908.0893333	950.2924762
290.6	600.25	607.32	611.03	616.7	622.46	629.2	638.82	653.1	669.34	688.49	716.61	755.34	804.77	865.28	886.6986667	925.7635238
290.7	598.88	606.07	610.41	615.65	621.34	627.92	636.35	649.61	665.55	683.97	709.24	745.15	791.24	847.2	866.9886667	903.1592381
290.8	597.38	604.52	609.92	614.53	620.3	626.69	634.27	646.11	661.67	679.3	702.57	735.4	778.34	830.96	899.45	947.23
290.9	595.94	603.15	609.17	613.35	619.26	625.54	632.66	642.99	657.84	674.89	696.94	726.46	766.74	816.5	879.03	924.05
291	594.87	601.86	608.11	612.47	618.14	624.28	631.27	640.35	654.16	670.85	691.9	718.45	756.18	803.05	860.02	902.32
291.1	594.78	600.39	606.78	611.83	616.98	623.04	629.92	638.07	650.51	666.84	686.9	711.15	745.99	790	842.93	882.355
291.2	595.73	598.93	605.45	611.01	615.73	621.88	628.66	636.23	647.17	662.76	682.13	704.9	736.53	778.04	828.13	864.7
291.3	597.04	597.74	604.24	609.99	614.62	620.66	627.29	634.71	644.35	658.87	677.72	699.39	727.93	767.19	814.78	848.68
291.4	598.12	597.13	602.88	608.81	613.8	619.42	625.86	633.26	641.9	655.05	673.42	694.05	719.97	756.61	801.68	832.96
291.5	598.43	597.28	601.42	607.55	612.91	618.13	624.56	631.89	639.86	651.46	669.1	689.02	713.05	746.68	789.36	818.19
291.6	598.06	597.93	600.17	606.38	611.85	616.85	623.23	630.42	638.18	648.46	664.95	684.35	707.03	737.6	778.3	804.925
291.7	597.52	598.65	599.32	605.14	610.74	615.83	621.87	628.82	636.64	645.84	660.89	679.81	701.31	728.99	767.35	791.94
291.8	596.61	599.04	598.98	603.73	609.56	614.88	620.54	627.36	635.16	643.6	657.05	675.32	695.99	721.34	756.95	779.96
291.9	595.59	598.97	599.12	602.46	608.41	613.73	619.13	625.92	633.6	641.77	653.74	670.95	691.08	714.8	747.5	769.425
292	594.53	598.7	599.51	601.49	607.27	612.61	617.92	624.42	631.87	640.12	650.85	666.67	686.27	708.65	738.26	759.25
292.1	592.78	598.11	599.8	600.83	605.96	611.5	616.88	622.99	630.23	638.55	648.4	662.6	681.58	703.01	729.83	750.035
292.2	591.31	597.29	599.82	600.55	604.67	610.35	615.65	621.51	628.67	636.91	646.35	659	677.01	697.89	722.75	742.195
292.3	590.84	596.42	599.68	600.59	603.66	609.27	614.44	620.11	627.04	635.08	644.52	655.83	672.51	692.81	716.12	734.61
292.4	590.72	595.01	599.3	600.72	602.83	608.1	613.36	618.97	625.46	633.25	642.76	653.11	668.21	687.88	710.09	727.475
292.5	590.96	593.46	598.63	600.71	602.2	606.84	612.24	617.68	623.91	631.58	641.01	650.9	664.34	683.12	704.79	720.9
292.6	591.38	592.59	597.9	600.6	601.89	605.79	611.17	616.33	622.37	629.82	639.08	648.91	660.89	678.43	699.42	714.18
292.7	591.12	592.12	596.81	600.37	601.79	604.91	610.12	615.21	621.08	628.03	637	646.93	657.89	673.9	694.22	707.705
292.8	590.47	591.93	595.28	599.81	601.67	604.02	608.94	614.11	619.77	626.41	635.11	644.99	655.48	669.77	689.29	701.68
292.9	590.14	592.11	594.15	599.2	601.53	603.37	607.87	613.03	618.29	624.75	633.23	642.99	653.37	666.03	684.41	695.93
293	589.72	592.01	593.47	598.38	601.36	603.02	606.99	612.06	617.04	623.29	631.33	640.85	651.2	662.72	679.65	690.585
293.1	589.15	591.54	592.96	596.97	600.91	602.73	605.98	611	615.95	621.97	629.68	638.83	649.04	660.11	675.27	685.91
293.2	588.9	591.26	592.89	595.69	600.39	602.49	605.02	609.93	614.84	620.38	627.98	636.9	646.94	657.89	671.26	681.755
293.3	588.73	590.98	592.85	594.84	599.79	602.31	604.4	609.08	613.9	618.93	626.3	634.85	644.73	655.56	667.61	677.965
293.4	588.53	590.44	592.45	594.08	598.6	601.95	603.92	608.05	612.97	617.83	624.75	632.94	642.57	653.17	664.77	674.885
293.5	588.23	590.03	592.18	593.74	597.25	601.48	603.5	606.85	611.95	616.68	623.06	631.24	640.57	650.92	662.45	672.29
293.6	587.61	589.74	592.03	593.68	596.25	601.04	603.25	605.95	611.1	615.69	621.55	629.59	638.44	648.64	660.01	669.535
293.7	586.85	589.39	591.58	593.33	595.33	600.13	602.95	605.26	610.15	614.9	620.47	627.94	636.28	646.34	657.38	666.58
293.8	586.14	589.02	591.09	593.04	594.71	598.81	602.49	604.64	608.83	613.97	619.43	626.28	634.48	644.25	654.93	663.915
293.9	585.33	588.48	590.72	592.98	594.52	597.7	602.17	604.24	607.63	613.11	618.36	624.73	632.88	642.08	652.58	661.255
294	584.45	587.78	590.25	592.65	594.2	596.67	601.55	603.93	606.75	612.29	617.42	623.4	631.15	639.72	650.15	658.31
294.1	583.78	587.15	589.77	592.13	593.88	595.8	600.32	603.47	605.92	610.95	616.39	622.22	629.44	637.73	647.94	655.695
294.2	583.44	586.54	589.26	591.71	593.85	595.42	599.15	603.2	605.3	609.48	615.47	621.12	627.9	636.17	645.76	653.285
294.3	583.87	585.83	588.56	591.18	593.65	595.09	598.08	602.84	604.91	608.42	614.74	619.98	626.43	634.4	643.24	650.45
294.4	584.82	585.19	587.94	590.57	593.17	594.7	596.98	601.81	604.44	607.39	613.42	618.73	625.07	632.57	640.98	647.9
294.5	585.92	584.73	587.46	590.03	592.72	594.65	596.37	600.63	604.15	606.49	611.68	617.64	623.92	631.06	639.44	646.15
294.6	586.57	584.71	586.91	589.34	592.16	594.59	596	599.53	603.98	605.95	610.22	616.76	622.65	629.53	637.69	644.075
294.7	586.38	585.21	586.35	588.65	591.44	594.18	595.53	598.29	603.23	605.44	609.03	615.53	621.14	627.98	635.67	641.895
294.8	586.01	586	585.89	588.22	590.81	593.73	595.41	597.43	602.09	605.06	608.13	613.99	619.85	626.75	634.17	640.55
294.9	585.37	586.61	585.63	587.82	590.13	593.18	595.46	596.96	600.98	605.02	607.7	612.57	618.84	625.43	632.68	639.11
295	584.29	586.6	585.78	587.36	589.37	592.39	595.15	596.4	599.7	604.6	607.26	611.31	617.62	623.66	630.94	637.115
295.1	582.98	586.31	586.3	586.97	588.91	591.63	594.71	596.16	598.59	603.53	606.72	610.37	616.21	622.11	629.61	635.48
295.2	581.71	585.85	586.85	586.61	588.63	590.94	594.21	596.26	597.96	602.47	606.61	609.89	614.86	620.99	628.31	633.86
295.3	580.29	585.04	586.92	586.5	588.29	590.12	593.39	596.09	597.34	601.2	606.35	609.4	613.56	619.71	626.28	631.435
295.4	579.28	583.99	586.61	586.76	587.97	589.55	592.5	595.69	596.93	599.86	605.42	608.76	612.56	618.37	624.4	629.205
295.5	579.43	582.93	586.23	587.2	587.63	589.33	591.76	595.24	597.01	599.06	604.34	608.41	612.08	617.11	623.2	627.55
295.6	579.59	581.73	585.58	587.31	587.35	589.12	590.91	594.46	596.97	598.37	603.03	608.09	611.6	615.79	621.83	625.68
295.7	579.2	580.61	584.7	586.97	587.35	588.88	590.18	593.46	596.64	597.75	601.53	607.34	610.85	614.72	620.47	624.16
295.8	578.89	580.29	583.8	586.59	587.65	588.63	589.95	592.63	596.25	597.74	600.57	606.36	610.27	614.26	619.33	623.28
295.9	579.22	580.35	582.8	586.02	587.76	588.28	589.85	591.75	595.55	597.83	599.87	605.11	609.84	613.85	617.99	622.36
296	579.9	580.04	581.71	585.26	587.4	588.07	589.7	590.87	594.49	597.56	599.13	603.65	609.2	613.02	616.81	621.495
296.1	580.31	579.65	581.1	584.5	586.97	588.18	589.57	590.52	593.52	597.24	598.97	602.54	608.34	612.23	616.4	621.245
296.2	580.21	579.72	581.04	583.68	586.44	588.27	589.25	590.5	592.62	596.67	599.08	601.72	607.17	611.64	616.13	621.09
296.3	579.62	580.15	580.82	582.7	585.75	587.91	588.88	590.46	591.63	595.6	598.85	600.87	605.74	611.01	615.25	620.32
296.4	579.45	580.43	580.4	581.92	585.08	587.37	588.79	590.43	591.08	594.5	598.49	600.4	604.53	610.29	614.27	619.215
296.5	580.15	580.4	580.27	581.7	584.42	586.84	588.84	590.22	591.08	593.56	597.94	600.28	603.61	609.2	613.49	617.95
296.6	581.04	580.07	580.52	581.55	583.59	586.19	588.48	589.8	591.14	592.49	596.92	600.07	602.67	607.8	612.77	616.635
296.7	581.07	579.85	580.71	581.18	582.77	585.58	587.83	589.51	591.19	591.69	595.74	599.79	601.94	606.55	612.19	615.57
296.8	580.09	580.23	580.63	580.89	582.38	585.05	587.26	589.48	591.15	591.62	594.8	599.34	601.57	605.55	611.22	614.325
296.9	579.27	580.95	580.42	580.97	582.23	584.38	586.6	589.12	590.76	591.77	593.75	598.45	601.29	604.53	609.81	612.85
297	578.73	581.17	580.23	581.09	581.95	583.61	586	588.37	590.32	591.88	592.76	597.36	601.05	603.59	608.57	611.685
297.1	578.27	580.55	580.39	580.93	581.58	583.1	585.57	587.71	590.16	592	592.54	596.43	600.7	602.95	607.52	610.78
297.2	577.71	579.84	580.95	580.73	581.49	582.88	585.05	587.03	589.83	591.76	592.71	595.38	599.92	602.53	606.44	610.015
297.3	576.73	579.36	581.28	580.59	581.54	582.68	584.4	586.4	589.01	591.23	592.91	594.29	598.93	602.29	605.35	609.35
297.4	576.05	578.87	580.91	580.62	581.31	582.33	583.83	586.02	588.2	590.92	593.11	593.78	598.04	602.03	604.44	608.565
297.5	576.11	578.29	580.27	581	581.04	582.08	583.52	585.63	587.48	590.61	592.91	593.68	597.02	601.34	603.8	607.63
297.6	576.38	577.42	579.84	581.39	580.94	582.03	583.36	585.1	586.8	589.76	592.28	593.78	595.86	600.44	603.5	606.83
297.7	576.33	576.65	579.37	581.22	580.92	581.77	583.09	584.57	586.4	588.76	591.81	594.06	595.12	599.63	603.33	606.115
297.8	576.24	576.46	578.77	580.66	581.13	581.37	582.73	584.19	586.13	587.99	591.55	593.98	594.75	598.67	602.71	605.055
297.9	576.17	576.59	577.98	580.25	581.49	581.25	582.57	584.01	585.72	587.22	590.78	593.45	594.67	597.47	601.87	603.88
298	576.44	576.56	577.15	579.82	581.48	581.26	582.3	583.84	585.28	586.75	589.7	593	594.97	596.54	601.18	602.95
298.1	576.83	576.48	576.78	579.23	581.03	581.32	581.77	583.45	584.87	586.57	588.82	592.72	595.04	595.93	600.31	601.915
298.2	576.45	576.42	576.8	578.49	580.63	581.58	581.54	583.15	584.64	586.26	587.95	592.05	594.57	595.6	599.1	600.875
298.3	575.89	576.6	576.77	577.64	580.25	581.69	581.59	582.88	584.55	585.92	587.41	591.02	594.14	595.87	598.02	600.445
298.4	575.75	577	576.7	577.13	579.69	581.36	581.57	582.27	584.22	585.58	587.29	590.07	593.89	596.07	597.23	600.23
298.5	575.85	576.88	576.66	577.03	578.98	580.98	581.7	581.86	583.8	585.27	587.1	589.15	593.32	595.65	596.58	599.83
298.6	575.78	576.38	576.76	576.97	578.13	580.65	581.86	581.91	583.48	585.21	586.84	588.5	592.34	595.24	596.74	600.11
298.7	575.36	576.12	577.14	576.9	577.52	580.13	581.66	581.89	582.86	585.02	586.52	588.21	591.34	595.05	597.09	600.51
298.8	574.99	576.09	577.25	576.9	577.29	579.44	581.31	581.87	582.24	584.51	586.05	587.94	590.37	594.57	596.7	600.015
298.9	575.17	575.97	576.82	576.93	577.19	578.62	581.02	582.02	582.2	584.11	585.88	587.61	589.6	593.65	596.29	599.31
299	575.48	575.61	576.49	577.26	577.1	577.92	580.55	581.92	582.24	583.54	585.84	587.31	589.19	592.63	596.19	598.85
299.1	575.06	575.21	576.37	577.56	577.13	577.59	579.89	581.62	582.11	582.72	585.4	586.93	588.82	591.61	595.8	598.14
299.2	574.38	575.15	576.18	577.25	577.13	577.42	579.1	581.37	582.15	582.49	584.96	586.7	588.41	590.74	594.95	596.97
299.3	574.02	575.34	575.85	576.87	577.38	577.29	578.34	580.96	582.15	582.62	584.43	586.69	588.1	590.21	593.94	595.7
299.4	573.79	575.1	575.43	576.68	577.79	577.32	577.92	580.34	581.92	582.42	583.48	586.42	587.77	589.75	592.87	594.535
299.5	573.65	574.53	575.2	576.43	577.66	577.35	577.68	579.57	581.69	582.31	583	586	587.51	589.24	591.88	593.5
299.6	573.05	574.18	575.25	576.08	577.27	577.5	577.48	578.79	581.36	582.38	583.17	585.51	587.5	588.88	591.28	592.965
299.7	572.23	574.01	575.12	575.66	577.02	577.94	577.5	578.28	580.77	582.21	583.05	584.65	587.39	588.6	590.73	592.705
299.8	572.02	573.85	574.62	575.31	576.73	578.03	577.57	577.98	580.03	582	582.81	583.97	587.03	588.33	590.1	592.28
299.9	571.98	573.44	574.25	575.21	576.33	577.67	577.63	577.7	579.24	581.75	582.76	583.86	586.57	588.27	589.67	591.875
300	571.59	572.76	574.12	575.11	575.91	577.39	578.04	577.66	578.66	581.19	582.55	583.68	585.81	588.3	589.4	591.71
300.1	571.16	572.42	573.98	574.68	575.5	577.07	578.33	577.78	578.31	580.49	582.36	583.33	585	588.04	589.14	591.495
300.2	571.25	572.39	573.7	574.29	575.25	576.61	578.06	577.8	577.95	579.71	582.21	583.2	584.63	587.61	589.02	591.225
300.3	571.69	572.15	573.16	574.19	575.09	576.16	577.76	578.13	577.81	579.06	581.81	583.15	584.37	586.96	589.15	591.055
300.4	572.44	571.7	572.74	574.08	574.74	575.73	577.45	578.56	577.96	578.67	581.22	583.06	583.91	586.1	589.03	590.55
300.5	573.08	571.54	572.69	573.88	574.32	575.36	576.93	578.44	578	578.27	580.45	582.99	583.66	585.5	588.63	589.885
300.6	572.91	571.73	572.59	573.47	574.21	575.1	576.43	578.14	578.21	577.99	579.73	582.75	583.67	585.09	588.07	589.24
300.7	572.57	572.18	572.22	573.05	574.15	574.78	575.98	577.84	578.7	578.12	579.29	582.25	583.7	584.56	587.23	588.385
300.8	572.72	572.75	571.88	572.95	574.01	574.37	575.53	577.3	578.79	578.23	578.87	581.55	583.71	584.14	586.45	587.745
300.9	572.75	572.93	571.88	572.94	573.72	574.2	575.15	576.72	578.51	578.31	578.46	580.83	583.62	584.14	585.87	587.525
301	572.17	572.73	572.11	572.72	573.35	574.19	574.8	576.25	578.23	578.8	578.49	580.25	583.26	584.29	585.26	587.28
301.1	571.49	572.75	572.52	572.3	573.2	574.1	574.4	575.76	577.72	579.1	578.63	579.69	582.63	584.38	584.67	587.015
301.2	570.99	572.85	572.89	572.11	573.21	573.89	574.17	575.26	577.05	578.87	578.6	579.18	581.94	584.42	584.57	587.19
301.3	570.61	572.47	572.87	572.17	573.15	573.61	574.2	574.84	576.53	578.63	579.01	579.03	581.28	584.22	584.84	587.435
301.4	570.61	571.87	572.8	572.37	572.77	573.43	574.15	574.44	576.04	578.18	579.46	579.09	580.57	583.69	585	587.3
301.5	570.64	571.44	572.9	572.78	572.42	573.44	574	574.16	575.45	577.43	579.37	579.14	579.95	583.04	585.14	587.09
301.6	570.28	571.02	572.7	572.98	572.33	573.49	573.81	574.17	574.91	576.83	579.16	579.39	579.63	582.35	585.12	586.6
301.7	570	570.73	572.15	572.91	572.34	573.26	573.66	574.18	574.48	576.34	578.72	579.74	579.58	581.52	584.72	585.61
301.8	570.04	570.64	571.75	572.92	572.64	572.81	573.65	574.08	574.16	575.71	577.91	579.82	579.65	580.76	584.12	584.59
301.9	570.15	570.4	571.39	572.87	573.01	572.56	573.74	573.96	574.12	575.05	577.26	579.77	579.84	580.31	583.45	583.72
302	570.31	570.17	570.92	572.41	573.05	572.44	573.71	573.87	574.18	574.53	576.83	579.52	580.06	580.1	582.52	582.81
302.1	570.7	570.22	570.66	572	572.97	572.52	573.26	573.85	574.12	574.2	576.29	578.88	580.2	580.14	581.59	582.22
302.2	571.06	570.34	570.48	571.74	572.97	572.95	572.85	573.94	574.04	574.07	575.52	578.17	580.31	580.32	581.04	582.115
302.3	571.3	570.39	570.27	571.21	572.65	573.18	572.64	574.09	574.04	574.16	574.82	577.63	580.24	580.42	580.68	582.075
302.4	571.45	570.59	570.33	570.73	572.23	573.05	572.48	573.74	574.05	574.15	574.41	577.14	579.79	580.54	580.61	582.31
302.5	570.64	570.9	570.51	570.52	572.03	573.01	572.82	573.21	574.11	574.09	574.26	576.49	579.1	580.79	580.83	582.98
302.6	569.22	571.12	570.53	570.35	571.56	572.85	573.26	572.9	574.35	574.16	574.41	575.71	578.45	580.9	580.82	583.415
302.7	568.61	571.3	570.57	570.39	570.9	572.45	573.18	572.57	574.23	574.24	574.43	575.13	577.96	580.63	580.84	583.59
302.8	568.35	570.89	570.82	570.64	570.55	572.26	573.03	572.69	573.65	574.29	574.34	574.86	577.44	580.02	581.22	583.8
302.9	567.73	569.76	571.03	570.7	570.4	571.93	572.99	573.25	573.2	574.53	574.39	574.91	576.65	579.31	581.5	583.7
303	567.74	569.04	571.17	570.63	570.43	571.17	572.66	573.34	572.79	574.67	574.58	575.03	575.89	578.77	581.38	583.25
303.1	568.16	568.83	571.01	570.77	570.72	570.61	572.43	573.09	572.63	574.14	574.71	575.06	575.49	578.35	580.92	582.565
303.2	568.47	568.34	570.14	570.98	570.88	570.45	572.27	573.07	573.14	573.55	574.89	575.08	575.44	577.63	580.19	581.465
303.3	569.2	568.09	569.32	571.07	570.76	570.46	571.53	572.86	573.48	573.12	575.22	575.17	575.59	576.71	579.57	580.34
303.4	569.59	568.36	569.12	571.04	570.78	570.74	570.73	572.6	573.2	572.67	574.75	575.23	575.75	576.15	579.23	579.69
303.5	569.26	568.59	568.82	570.43	570.96	571.02	570.47	572.54	573.08	572.99	573.99	575.3	575.79	576	578.62	578.97
303.6	569.12	569.03	568.44	569.57	571.03	570.94	570.48	571.94	573.03	573.57	573.48	575.5	575.79	576.12	577.57	577.88
303.7	569.45	569.45	568.57	569.32	571.02	570.83	570.73	570.96	572.78	573.36	572.83	575.24	575.78	576.38	576.83	577.4
303.8	569.28	569.24	568.79	569.2	570.62	570.95	571.1	570.51	572.73	573.09	572.93	574.61	575.75	576.5	576.6	577.545
303.9	568.49	568.92	569.02	568.81	569.83	571.03	571.13	570.49	572.35	573.16	573.72	574.09	575.83	576.44	576.64	577.815
304	567.42	569.05	569.39	568.8	569.47	570.98	570.93	570.71	571.3	572.97	573.79	573.52	575.68	576.36	576.97	578.39
304.1	566.32	569.04	569.3	569.01	569.46	570.73	570.95	571.13	570.58	572.86	573.37	573.44	575.18	576.27	577.19	578.605
304.2	566.23	568.54	568.85	569.12	569.18	570.07	571.05	571.29	570.5	572.73	573.39	574.06	574.67	576.21	577.1	578.175
304.3	567.08	567.76	568.73	569.4	569.06	569.6	570.96	571.08	570.69	571.75	573.25	574.32	574.18	576.09	576.95	577.835
304.4	567.78	566.85	568.78	569.4	569.24	569.63	570.77	570.99	571.1	570.72	573.12	574.04	573.99	575.71	576.84	577.675
304.5	567.71	566.46	568.46	568.89	569.31	569.52	570.28	571.08	571.42	570.52	573.2	573.92	574.44	575.24	576.67	577.33
304.6	567.48	566.99	567.9	568.53	569.46	569.34	569.73	570.99	571.27	570.68	572.36	573.72	574.81	574.79	576.47	577.005
304.7	567.49	567.72	567.18	568.5	569.5	569.46	569.72	570.79	571.07	571.04	571.04	573.47	574.68	574.57	576.2	576.75
304.8	567.38	567.89	566.65	568.3	569.02	569.55	569.79	570.42	571.12	571.48	570.5	573.37	574.49	574.86	575.79	576.535
