0	0	0.1	0.2	0.3	0.4	0.5	0.6	0.7	0.8	0.9	1	1.1	1.2	1.3	1.4	1.5	1.6	1.7	1.8	1.9	2
256.1	0	101.57	106.04	108.38	110.43	111.69	112.77	113.55	114.23	114.78	115.26	115.67	116.04	116.38	116.68	116.96	117.312	117.634	117.956	118.278	118.6
256.2	0	101.52	105.99	108.33	110.38	111.63	112.72	113.5	114.18	114.72	115.21	115.62	115.99	116.32	116.63	116.91	117.26	117.582	117.904	118.226	118.548
256.3	0	101.47	105.94	108.27	110.33	111.58	112.67	113.44	114.12	114.67	115.15	115.56	115.94	116.27	116.58	116.86	117.214	117.538	117.862	118.186	118.51
256.4	0	101.41	105.89	108.22	110.28	111.53	112.61	113.39	114.07	114.61	115.1	115.51	115.88	116.22	116.52	116.81	117.16	117.484	117.808	118.132	118.456
256.5	0	101.36	105.84	108.17	110.22	111.47	112.56	113.33	114.02	114.56	115.04	115.46	115.83	116.16	116.47	116.75	117.1	117.422	117.744	118.066	118.388
256.6	0	101.3	105.79	108.11	110.17	111.42	112.5	113.28	113.96	114.51	114.99	115.4	115.78	116.11	116.42	116.7	117.054	117.378	117.702	118.026	118.35
256.7	0	101.25	105.74	108.06	110.12	111.36	112.45	113.22	113.91	114.45	114.94	115.35	115.72	116.06	116.36	116.65	117	117.324	117.648	117.972	118.296
256.8	0	101.2	105.69	108.01	110.06	111.31	112.39	113.17	113.85	114.4	114.88	115.29	115.67	116	116.31	116.59	116.944	117.268	117.592	117.916	118.24
256.9	0	101.14	105.64	107.95	110.01	111.25	112.34	113.11	113.8	114.34	114.83	115.24	115.61	115.95	116.26	116.54	116.895	117.22	117.545	117.87	118.195
257	0	101.09	105.58	107.9	109.96	111.2	112.29	113.06	113.74	114.29	114.77	115.18	115.56	115.89	116.2	116.49	116.842	117.168	117.494	117.82	118.146
257.1	0	101.03	105.53	107.85	109.9	111.14	112.23	113	113.69	114.23	114.72	115.13	115.51	115.84	116.15	116.43	116.784	117.108	117.432	117.756	118.08
257.2	0	100.97	105.48	107.79	109.85	111.09	112.18	112.95	113.63	114.18	114.66	115.07	115.45	115.78	116.09	116.38	116.732	117.058	117.384	117.71	118.036
257.3	0	100.92	105.43	107.74	109.79	111.03	112.12	112.89	113.58	114.12	114.61	115.02	115.4	115.73	116.04	116.32	116.674	116.998	117.322	117.646	117.97
257.4	0	100.86	105.38	107.68	109.74	110.98	112.06	112.84	113.52	114.06	114.55	114.96	115.34	115.68	115.99	116.27	116.629	116.956	117.283	117.61	117.937
257.5	0	100.81	105.32	107.63	109.69	110.92	112.01	112.78	113.46	114.01	114.5	114.91	115.29	115.62	115.93	116.22	116.572	116.898	117.224	117.55	117.876
257.6	0	100.75	105.27	107.57	109.63	110.87	111.95	112.72	113.41	113.95	114.44	114.85	115.23	115.57	115.88	116.16	116.519	116.846	117.173	117.5	117.827
257.7	0	100.69	105.22	107.52	109.58	110.81	111.9	112.67	113.35	113.9	114.39	114.8	115.18	115.51	115.82	116.11	116.462	116.788	117.114	117.44	117.766
257.8	0	100.64	105.17	107.46	109.52	110.75	111.84	112.61	113.3	113.84	114.33	114.74	115.12	115.45	115.77	116.05	116.407	116.734	117.061	117.388	117.715
257.9	0	100.58	105.11	107.41	109.46	110.7	111.78	112.55	113.24	113.78	114.27	114.68	115.06	115.4	115.71	116	116.357	116.686	117.015	117.344	117.673
258	0	100.52	105.06	107.35	109.41	110.64	111.73	112.5	113.18	113.73	114.22	114.63	115.01	115.34	115.66	115.94	116.297	116.624	116.951	117.278	117.605
258.1	0	100.47	105.01	107.3	109.35	110.58	111.67	112.44	113.12	113.67	114.16	114.57	114.95	115.29	115.6	115.89	116.247	116.576	116.905	117.234	117.563
258.2	0	100.41	104.95	107.24	109.3	110.53	111.61	112.38	113.07	113.61	114.1	114.52	114.9	115.23	115.54	115.83	116.182	116.508	116.834	117.16	117.486
258.3	0	100.35	104.9	107.18	109.24	110.47	111.56	112.32	113.01	113.55	114.05	114.46	114.84	115.17	115.49	115.78	116.135	116.464	116.793	117.122	117.451
258.4	0	100.29	104.85	107.13	109.18	110.41	111.5	112.27	112.95	113.5	113.99	114.4	114.78	115.12	115.43	115.72	116.077	116.406	116.735	117.064	117.393
258.5	0	100.23	104.79	107.07	109.13	110.35	111.44	112.21	112.89	113.44	113.93	114.34	114.72	115.06	115.38	115.67	116.03	116.362	116.694	117.026	117.358
258.6	0	100.18	104.74	107.01	109.07	110.3	111.38	112.15	112.84	113.38	113.87	114.29	114.67	115	115.32	115.61	115.965	116.294	116.623	116.952	117.281
258.7	0	100.12	104.68	106.96	109.01	110.24	111.33	112.09	112.78	113.32	113.82	114.23	114.61	114.95	115.26	115.55	115.907	116.236	116.565	116.894	117.223
258.8	0	100.06	104.63	106.9	108.96	110.18	111.27	112.03	112.72	113.26	113.76	114.17	114.55	114.89	115.21	115.5	115.86	116.192	116.524	116.856	117.188
258.9	0	100	104.57	106.84	108.9	110.12	111.21	111.97	112.66	113.21	113.7	114.11	114.5	114.83	115.15	115.44	115.799	116.13	116.461	116.792	117.123
259	0	99.941	104.52	106.78	108.84	110.06	111.15	111.92	112.6	113.15	113.64	114.05	114.44	114.78	115.09	115.38	115.741	116.072	116.403	116.734	117.065
259.1	0	99.882	104.46	106.73	108.78	110	111.09	111.86	112.54	113.09	113.58	114	114.38	114.72	115.04	115.33	115.69	116.022	116.354	116.686	117.018
259.2	0	99.823	104.41	106.67	108.73	109.95	111.03	111.8	112.48	113.03	113.52	113.94	114.32	114.66	114.98	115.27	115.63	115.962	116.294	116.626	116.958
259.3	0	99.764	104.35	106.61	108.67	109.89	110.97	111.74	112.43	112.97	113.46	113.88	114.26	114.6	114.92	115.21	115.57	115.902	116.234	116.566	116.898
259.4	0	99.705	104.3	106.55	108.61	109.83	110.92	111.68	112.37	112.91	113.4	113.82	114.2	114.54	114.86	115.16	115.518	115.852	116.186	116.52	116.854
259.5	0	99.645	104.24	106.49	108.55	109.77	110.86	111.62	112.31	112.85	113.34	113.76	114.15	114.49	114.8	115.1	115.459	115.792	116.125	116.458	116.791
259.6	0	99.585	104.19	106.43	108.49	109.71	110.8	111.56	112.25	112.79	113.28	113.7	114.09	114.43	114.75	115.04	115.404	115.738	116.072	116.406	116.74
259.7	0	99.525	104.13	106.38	108.43	109.65	110.74	111.5	112.19	112.73	113.22	113.64	114.03	114.37	114.69	114.98	115.344	115.678	116.012	116.346	116.68
259.8	0	99.465	104.07	106.32	108.37	109.59	110.68	111.44	112.13	112.67	113.16	113.58	113.97	114.31	114.63	114.92	115.284	115.618	115.952	116.286	116.62
259.9	0	99.405	104.02	106.26	108.31	109.53	110.62	111.38	112.07	112.61	113.1	113.52	113.91	114.25	114.57	114.86	115.224	115.558	115.892	116.226	116.56
260	0	99.344	103.96	106.2	108.25	109.47	110.56	111.32	112	112.55	113.04	113.46	113.85	114.19	114.51	114.81	115.172	115.508	115.844	116.18	116.516
260.1	0	99.283	103.9	106.14	108.2	109.41	110.5	111.25	111.94	112.48	112.98	113.4	113.79	114.13	114.45	114.75	115.112	115.448	115.784	116.12	116.456
260.2	0	99.222	103.84	106.08	108.13	109.34	110.43	111.19	111.88	112.42	112.92	113.34	113.73	114.07	114.39	114.69	115.052	115.388	115.724	116.06	116.396
260.3	0	99.161	103.79	106.02	108.07	109.28	110.37	111.13	111.82	112.36	112.86	113.28	113.67	114.01	114.33	114.63	114.992	115.328	115.664	116	116.336
260.4	0	99.1	103.73	105.96	108.01	109.22	110.31	111.07	111.76	112.3	112.8	113.22	113.61	113.95	114.27	114.57	114.932	115.268	115.604	115.94	116.276
260.5	0	99.038	103.67	105.9	107.95	109.16	110.25	111.01	111.7	112.24	112.74	113.16	113.55	113.89	114.21	114.51	114.872	115.208	115.544	115.88	116.216
260.6	0	98.976	103.61	105.84	107.89	109.1	110.19	110.95	111.64	112.18	112.67	113.09	113.48	113.83	114.15	114.45	114.817	115.156	115.495	115.834	116.173
260.7	0	98.914	103.55	105.77	107.83	109.03	110.13	110.88	111.57	112.11	112.61	113.03	113.42	113.77	114.09	114.39	114.757	115.096	115.435	115.774	116.113
260.8	0	98.852	103.49	105.71	107.77	108.97	110.06	110.82	111.51	112.05	112.55	112.97	113.36	113.71	114.03	114.33	114.697	115.036	115.375	115.714	116.053
260.9	0	98.789	103.44	105.65	107.71	108.91	110	110.76	111.45	111.99	112.49	112.91	113.3	113.65	113.97	114.27	114.637	114.976	115.315	115.654	115.993
261	0	98.727	103.37	105.59	107.65	108.85	109.94	110.7	111.39	111.93	112.43	112.85	113.24	113.58	113.91	114.21	114.575	114.914	115.253	115.592	115.931
261.1	0	98.664	103.31	105.53	107.58	108.78	109.87	110.63	111.32	111.86	112.36	112.78	113.18	113.52	113.85	114.15	114.519	114.86	115.201	115.542	115.883
261.2	0	98.601	103.25	105.46	107.52	108.72	109.81	110.57	111.26	111.8	112.3	112.72	113.11	113.46	113.79	114.09	114.46	114.802	115.144	115.486	115.828
261.3	0	98.537	103.18	105.4	107.46	108.65	109.75	110.5	111.2	111.74	112.24	112.66	113.05	113.4	113.73	114.03	114.4	114.742	115.084	115.426	115.768
261.4	0	98.474	103.12	105.34	107.39	108.59	109.68	110.44	111.13	111.67	112.17	112.59	112.99	113.34	113.66	113.96	114.331	114.672	115.013	115.354	115.695
261.5	0	98.41	103.05	105.27	107.33	108.53	109.62	110.38	111.07	111.61	112.11	112.53	112.93	113.27	113.6	113.9	114.269	114.61	114.951	115.292	115.633
261.6	0	98.346	102.99	105.21	107.27	108.46	109.55	110.31	111.01	111.55	112.05	112.47	112.86	113.21	113.54	113.84	114.21	114.552	114.894	115.236	115.578
261.7	0	98.282	102.92	105.15	107.2	108.4	109.49	110.25	110.94	111.48	111.98	112.4	112.8	113.15	113.48	113.78	114.154	114.498	114.842	115.186	115.53
261.8	0	98.217	102.86	105.08	107.14	108.33	109.42	110.18	110.88	111.42	111.92	112.34	112.74	113.08	113.41	113.72	114.087	114.43	114.773	115.116	115.459
261.9	0	98.153	102.79	105.02	107.08	108.27	109.36	110.12	110.81	111.35	111.85	112.28	112.67	113.02	113.35	113.65	114.02	114.362	114.704	115.046	115.388
262	0	98.088	102.73	104.95	107.01	108.2	109.29	110.05	110.75	111.29	111.79	112.21	112.61	112.96	113.29	113.59	113.964	114.308	114.652	114.996	115.34
262.1	0	98.022	102.66	104.89	106.95	108.13	109.23	109.98	110.68	111.22	111.73	112.15	112.54	112.89	113.23	113.53	113.903	114.248	114.593	114.938	115.283
262.2	0	97.957	102.59	104.83	106.88	108.07	109.16	109.92	110.62	111.16	111.66	112.08	112.48	112.83	113.16	113.47	113.842	114.188	114.534	114.88	115.226
262.3	0	97.891	102.53	104.76	106.82	108	109.1	109.85	110.55	111.09	111.6	112.02	112.42	112.76	113.1	113.4	113.772	114.116	114.46	114.804	115.148
262.4	0	97.825	102.46	104.69	106.75	107.94	109.03	109.78	110.48	111.02	111.53	111.95	112.35	112.7	113.03	113.34	113.712	114.058	114.404	114.75	115.096
262.5	0	97.758	102.39	104.63	106.68	107.87	108.96	109.72	110.42	110.96	111.46	111.89	112.29	112.64	112.97	113.27	113.644	113.988	114.332	114.676	115.02
262.6	0	97.692	102.32	104.56	106.62	107.8	108.9	109.65	110.35	110.89	111.4	111.82	112.22	112.57	112.9	113.21	113.582	113.928	114.274	114.62	114.966
262.7	0	97.625	102.26	104.5	106.55	107.73	108.83	109.58	110.28	110.83	111.33	111.76	112.16	112.51	112.84	113.15	113.522	113.868	114.214	114.56	114.906
262.8	0	97.558	102.19	104.43	106.49	107.67	108.76	109.52	110.22	110.76	111.27	111.69	112.09	112.44	112.78	113.08	113.457	113.804	114.151	114.498	114.845
262.9	0	97.49	102.12	104.36	106.42	107.6	108.69	109.45	110.15	110.69	111.2	111.62	112.02	112.38	112.71	113.02	113.397	113.746	114.095	114.444	114.793
263	0	97.423	102.05	104.3	106.35	107.53	108.63	109.38	110.08	110.62	111.13	111.56	111.96	112.31	112.64	112.95	113.322	113.668	114.014	114.36	114.706
263.1	0	97.355	101.98	104.23	106.29	107.46	108.56	109.31	110.01	110.56	111.06	111.49	111.89	112.24	112.58	112.89	113.265	113.614	113.963	114.312	114.661
263.2	0	97.287	101.91	104.16	106.22	107.39	108.49	109.24	109.94	110.49	111	111.42	111.83	112.18	112.51	112.82	113.196	113.544	113.892	114.24	114.588
263.3	0	97.218	101.85	104.09	106.15	107.33	108.42	109.17	109.87	110.42	110.93	111.36	111.76	112.11	112.45	112.76	113.135	113.484	113.833	114.182	114.531
263.4	0	97.15	101.78	104.02	106.08	107.26	108.35	109.1	109.81	110.35	110.86	111.29	111.69	112.04	112.38	112.69	113.065	113.414	113.763	114.112	114.461
263.5	0	97.081	101.71	103.96	106.01	107.19	108.28	109.03	109.74	110.28	110.79	111.22	111.62	111.98	112.32	112.63	113.01	113.362	113.714	114.066	114.418
263.6	0	97.012	101.64	103.89	105.94	107.12	108.21	108.96	109.67	110.21	110.72	111.15	111.56	111.91	112.25	112.56	112.939	113.29	113.641	113.992	114.343
263.7	0	96.943	101.57	103.82	105.87	107.05	108.14	108.89	109.6	110.14	110.66	111.08	111.49	111.84	112.18	112.49	112.869	113.22	113.571	113.922	114.273
263.8	0	96.873	101.49	103.75	105.81	106.98	108.07	108.82	109.53	110.07	110.59	111.01	111.42	111.78	112.12	112.43	112.814	113.168	113.522	113.876	114.23
263.9	0	96.803	101.42	103.68	105.74	106.91	108	108.75	109.46	110	110.52	110.94	111.35	111.71	112.05	112.36	112.744	113.098	113.452	113.806	114.16
264	0	96.733	101.35	103.61	105.67	106.84	107.93	108.68	109.39	109.93	110.45	110.88	111.28	111.64	111.98	112.29	112.67	113.022	113.374	113.726	114.078
264.1	0	96.662	101.28	103.54	105.6	106.76	107.86	108.61	109.32	109.86	110.38	110.81	111.21	111.57	111.91	112.23	112.608	112.962	113.316	113.67	114.024
264.2	0	96.591	101.21	103.47	105.52	106.69	107.79	108.54	109.25	109.79	110.31	110.74	111.14	111.5	111.85	112.16	112.543	112.898	113.253	113.608	113.963
264.3	0	96.52	101.14	103.4	105.45	106.62	107.72	108.47	109.17	109.72	110.24	110.67	111.07	111.43	111.78	112.09	112.473	112.828	113.183	113.538	113.893
264.4	0	96.449	101.06	103.33	105.38	106.55	107.65	108.4	109.1	109.65	110.17	110.6	111.01	111.36	111.71	112.02	112.402	112.756	113.11	113.464	113.818
264.5	0	96.377	100.99	103.25	105.31	106.48	107.58	108.32	109.03	109.58	110.09	110.52	110.94	111.3	111.64	111.95	112.338	112.694	113.05	113.406	113.762
264.6	0	96.304	100.92	103.18	105.24	106.4	107.5	108.25	108.96	109.51	110.02	110.45	110.86	111.23	111.57	111.89	112.277	112.636	112.995	113.354	113.713
264.7	0	96.232	100.84	103.11	105.17	106.33	107.43	108.18	108.89	109.43	109.95	110.38	110.79	111.16	111.5	111.82	112.207	112.566	112.925	113.284	113.643
264.8	0	96.159	100.77	103.04	105.09	106.26	107.36	108.11	108.81	109.36	109.88	110.31	110.72	111.09	111.43	111.75	112.137	112.496	112.855	113.214	113.573
264.9	0	96.085	100.69	102.96	105.02	106.18	107.28	108.03	108.74	109.29	109.81	110.24	110.65	111.01	111.36	111.68	112.065	112.424	112.783	113.142	113.501
265	0	96.012	100.62	102.89	104.95	106.11	107.21	107.96	108.67	109.21	109.74	110.17	110.58	110.94	111.29	111.61	111.995	112.354	112.713	113.072	113.431
265.1	0	95.938	100.54	102.82	104.87	106.03	107.14	107.89	108.59	109.14	109.66	110.1	110.51	110.87	111.22	111.54	111.925	112.284	112.643	113.002	113.361
265.2	0	95.863	100.47	102.74	104.8	105.96	107.06	107.81	108.52	109.07	109.59	110.02	110.44	110.8	111.15	111.47	111.859	112.22	112.581	112.942	113.303
265.3	0	95.789	100.39	102.67	104.72	105.88	106.99	107.74	108.45	108.99	109.52	109.95	110.37	110.73	111.08	111.4	111.789	112.15	112.511	112.872	113.233
265.4	0	95.714	100.32	102.59	104.65	105.81	106.91	107.66	108.37	108.92	109.44	109.88	110.29	110.66	111.01	111.33	111.72	112.082	112.444	112.806	113.168
265.5	0	95.638	100.24	102.52	104.57	105.73	106.84	107.59	108.3	108.84	109.37	109.8	110.22	110.59	110.94	111.26	111.654	112.018	112.382	112.746	113.11
265.6	0	95.562	100.16	102.44	104.5	105.66	106.76	107.51	108.22	108.77	109.29	109.73	110.15	110.51	110.87	111.19	111.582	111.946	112.31	112.674	113.038
265.7	0	95.486	100.09	102.37	104.42	105.58	106.68	107.43	108.15	108.69	109.22	109.66	110.08	110.44	110.79	111.11	111.499	111.86	112.221	112.582	112.943
265.8	0	95.41	100.01	102.29	104.35	105.5	106.61	107.36	108.07	108.62	109.14	109.58	110	110.37	110.72	111.04	111.434	111.798	112.162	112.526	112.89
265.9	0	95.333	99.93	102.22	104.27	105.42	106.53	107.28	108	108.54	109.07	109.51	109.93	110.3	110.65	110.97	111.364	111.728	112.092	112.456	112.82
266	0	95.256	99.852	102.14	104.2	105.35	106.45	107.2	107.92	108.47	108.99	109.43	109.85	110.22	110.58	110.9	111.297	111.664	112.031	112.398	112.765
266.1	0	95.179	99.773	102.06	104.12	105.27	106.38	107.13	107.84	108.39	108.92	109.36	109.78	110.15	110.5	110.83	111.222	111.588	111.954	112.32	112.686
266.2	0	95.101	99.695	101.99	104.04	105.19	106.3	107.05	107.77	108.32	108.84	109.28	109.71	110.07	110.43	110.75	111.146	111.512	111.878	112.244	112.61
266.3	0	95.023	99.616	101.91	103.96	105.11	106.22	106.97	107.69	108.24	108.77	109.21	109.63	110	110.36	110.68	111.077	111.444	111.811	112.178	112.545
266.4	0	94.945	99.536	101.83	103.89	105.03	106.14	106.89	107.61	108.16	108.69	109.13	109.56	109.93	110.28	110.61	111.006	111.374	111.742	112.11	112.478
266.5	0	94.866	99.456	101.75	103.81	104.96	106.06	106.81	107.53	108.08	108.61	109.06	109.48	109.85	110.21	110.53	110.927	111.294	111.661	112.028	112.395
266.6	0	94.787	99.376	101.67	103.73	104.88	105.98	106.74	107.46	108.01	108.54	108.98	109.41	109.78	110.13	110.46	110.856	111.224	111.592	111.96	112.328
266.7	0	94.707	99.295	101.59	103.65	104.8	105.91	106.66	107.38	107.93	108.46	108.9	109.33	109.7	110.06	110.39	110.789	111.16	111.531	111.902	112.273
266.8	0	94.627	99.214	101.51	103.57	104.72	105.83	106.58	107.3	107.85	108.38	108.82	109.25	109.62	109.98	110.31	110.709	111.08	111.451	111.822	112.193
266.9	0	94.547	99.133	101.43	103.49	104.64	105.75	106.5	107.22	107.77	108.3	108.75	109.18	109.55	109.91	110.24	110.639	111.01	111.381	111.752	112.123
267	0	94.466	99.051	101.35	103.41	104.55	105.67	106.42	107.14	107.69	108.22	108.67	109.1	109.47	109.83	110.16	110.559	110.93	111.301	111.672	112.043
267.1	0	94.385	98.969	101.27	103.33	104.47	105.58	106.33	107.06	107.61	108.14	108.59	109.02	109.4	109.76	110.09	110.494	110.868	111.242	111.616	111.99
267.2	0	94.304	98.887	101.19	103.24	104.39	105.5	106.25	106.98	107.53	108.07	108.51	108.94	109.32	109.68	110.01	110.414	110.788	111.162	111.536	111.91
267.3	0	94.222	98.804	101.11	103.16	104.31	105.42	106.17	106.9	107.45	107.99	108.43	108.87	109.24	109.6	109.94	110.341	110.716	111.091	111.466	111.841
267.4	0	94.14	98.72	101.03	103.08	104.23	105.34	106.09	106.82	107.37	107.91	108.35	108.79	109.16	109.53	109.86	110.266	110.642	111.018	111.394	111.77
267.5	0	94.057	98.636	100.95	102.99	104.14	105.26	106.01	106.73	107.29	107.83	108.28	108.71	109.08	109.45	109.78	110.182	110.556	110.93	111.304	111.678
267.6	0	93.974	98.552	100.86	102.91	104.06	105.17	105.92	106.65	107.21	107.74	108.2	108.63	109.01	109.37	109.71	110.112	110.488	110.864	111.24	111.616
267.7	0	93.89	98.467	100.78	102.82	103.98	105.09	105.84	106.57	107.12	107.66	108.11	108.55	108.93	109.29	109.63	110.036	110.414	110.792	111.17	111.548
267.8	0	93.806	98.382	100.7	102.73	103.89	105.01	105.76	106.49	107.04	107.58	108.03	108.47	108.85	109.22	109.55	109.961	110.34	110.719	111.098	111.477
267.9	0	93.721	98.296	100.61	102.65	103.81	104.92	105.67	106.4	106.96	107.5	107.95	108.39	108.77	109.14	109.48	109.889	110.27	110.651	111.032	111.413
268	0	93.637	98.21	100.53	102.56	103.72	104.84	105.59	106.32	106.88	107.42	107.87	108.31	108.69	109.06	109.4	109.809	110.19	110.571	110.952	111.333
268.1	0	93.551	98.123	100.44	102.47	103.64	104.75	105.5	106.23	106.79	107.34	107.79	108.23	108.61	108.98	109.32	109.729	110.11	110.491	110.872	111.253
268.2	0	93.465	98.036	100.36	102.39	103.55	104.67	105.42	106.15	106.71	107.25	107.71	108.15	108.53	108.9	109.24	109.649	110.03	110.411	110.792	111.173
268.3	0	93.379	97.948	100.27	102.3	103.46	104.58	105.33	106.06	106.62	107.17	107.62	108.07	108.45	108.82	109.16	109.573	109.956	110.339	110.722	111.105
268.4	0	93.293	97.86	100.19	102.21	103.38	104.49	105.25	105.98	106.54	107.08	107.54	107.98	108.37	108.74	109.08	109.494	109.878	110.262	110.646	111.03
268.5	0	93.205	97.771	100.1	102.12	103.29	104.41	105.16	105.89	106.45	107	107.46	107.9	108.28	108.66	109	109.412	109.796	110.18	110.564	110.948
268.6	0	93.118	97.682	100.01	102.03	103.2	104.32	105.07	105.81	106.37	106.92	107.37	107.82	108.2	108.58	108.92	109.336	109.722	110.108	110.494	110.88
268.7	0	93.03	97.592	99.923	101.94	103.11	104.23	104.98	105.72	106.28	106.83	107.29	107.74	108.12	108.49	108.84	109.251	109.636	110.021	110.406	110.791
268.8	0	92.942	97.502	99.835	101.85	103.02	104.14	104.9	105.63	106.2	106.75	107.2	107.65	108.04	108.41	108.76	109.176	109.564	109.952	110.34	110.728
268.9	0	92.853	97.412	99.746	101.76	102.93	104.05	104.81	105.54	106.11	106.66	107.12	107.57	107.95	108.33	108.68	109.094	109.482	109.87	110.258	110.646
269	0	92.764	97.32	99.656	101.66	102.84	103.96	104.72	105.46	106.02	106.57	107.03	107.48	107.87	108.25	108.6	109.019	109.41	109.801	110.192	110.583
269.1	0	92.675	97.229	99.566	101.57	102.75	103.87	104.63	105.37	105.93	106.49	106.95	107.4	107.79	108.16	108.51	108.926	109.314	109.702	110.09	110.478
269.2	0	92.585	97.136	99.476	101.48	102.66	103.78	104.54	105.28	105.85	106.4	106.86	107.31	107.7	108.08	108.43	108.849	109.24	109.631	110.022	110.413
269.3	0	92.495	97.044	99.384	101.38	102.57	103.69	104.45	105.19	105.76	106.31	106.77	107.23	107.62	108	108.35	108.773	109.166	109.559	109.952	110.345
269.4	0	92.405	96.95	99.293	101.29	102.48	103.6	104.36	105.1	105.67	106.22	106.69	107.14	107.53	107.91	108.27	108.687	109.08	109.473	109.866	110.259
269.5	0	92.314	96.856	99.2	101.19	102.39	103.51	104.26	105.01	105.58	106.14	106.6	107.05	107.45	107.83	108.18	108.604	108.998	109.392	109.786	110.18
269.6	0	92.223	96.762	99.107	101.1	102.29	103.42	104.17	104.92	105.49	106.05	106.51	106.97	107.36	107.74	108.1	108.521	108.916	109.311	109.706	110.101
269.7	0	92.131	96.667	99.014	101	102.2	103.32	104.08	104.83	105.4	105.96	106.42	106.88	107.27	107.66	108.01	108.436	108.832	109.228	109.624	110.02
269.8	0	92.039	96.571	98.92	100.91	102.11	103.23	103.99	104.73	105.31	105.87	106.33	106.79	107.19	107.57	107.93	108.356	108.754	109.152	109.55	109.948
269.9	0	91.947	96.475	98.825	100.81	102.01	103.13	103.89	104.64	105.22	105.78	106.24	106.7	107.1	107.49	107.85	108.279	108.68	109.081	109.482	109.883
270	0	91.853	96.378	98.73	100.71	101.92	103.04	103.8	104.55	105.12	105.69	106.16	106.61	107.01	107.4	107.76	108.185	108.584	108.983	109.382	109.781
270.1	0	91.759	96.28	98.634	100.61	101.82	102.94	103.7	104.45	105.03	105.6	106.07	106.53	106.92	107.32	107.67	108.099	108.498	108.897	109.296	109.695
270.2	0	91.665	96.182	98.538	100.51	101.72	102.84	103.61	104.36	104.94	105.51	105.97	106.44	106.84	107.23	107.59	108.023	108.426	108.829	109.232	109.635
270.3	0	91.57	96.084	98.441	100.41	101.63	102.75	103.51	104.27	104.84	105.41	105.88	106.35	106.75	107.14	107.5	107.933	108.336	108.739	109.142	109.545
270.4	0	91.474	95.985	98.343	100.31	101.53	102.65	103.42	104.17	104.75	105.32	105.79	106.26	106.66	107.05	107.41	107.843	108.246	108.649	109.052	109.455
270.5	0	91.377	95.885	98.245	100.21	101.43	102.55	103.32	104.07	104.66	105.23	105.7	106.17	106.57	106.96	107.33	107.761	108.166	108.571	108.976	109.381
270.6	0	91.279	95.784	98.147	100.11	101.33	102.45	103.22	103.98	104.56	105.13	105.61	106.07	106.48	106.88	107.24	107.677	108.084	108.491	108.898	109.305
270.7	0	91.181	95.683	98.047	100.01	101.23	102.35	103.13	103.88	104.47	105.04	105.52	105.98	106.39	106.79	107.15	107.587	107.994	108.401	108.808	109.215
270.8	0	91.082	95.582	97.948	99.907	101.13	102.25	103.03	103.78	104.37	104.95	105.42	105.89	106.3	106.7	107.06	107.501	107.91	108.319	108.728	109.137
270.9	0	90.982	95.479	97.847	99.804	101.03	102.15	102.93	103.69	104.27	104.85	105.33	105.8	106.21	106.61	106.97	107.411	107.82	108.229	108.638	109.047
271	0	90.882	95.376	97.746	99.7	100.93	102.05	102.83	103.59	104.18	104.76	105.23	105.71	106.11	106.52	106.88	107.323	107.734	108.145	108.556	108.967
271.1	0	90.78	95.272	97.644	99.596	100.83	101.95	102.73	103.49	104.08	104.66	105.14	105.61	106.02	106.42	106.79	107.229	107.64	108.051	108.462	108.873
271.2	0	90.678	95.168	97.542	99.491	100.73	101.84	102.63	103.39	103.98	104.56	105.04	105.52	105.93	106.33	106.7	107.143	107.556	107.969	108.382	108.795
271.3	0	90.575	95.063	97.439	99.386	100.62	101.74	102.53	103.29	103.88	104.47	104.95	105.42	105.84	106.24	106.61	107.054	107.468	107.882	108.296	108.71
271.4	0	90.471	94.957	97.335	99.28	100.52	101.64	102.42	103.19	103.78	104.37	104.85	105.33	105.74	106.15	106.52	106.966	107.382	107.798	108.214	108.63
271.5	0	90.367	94.851	97.231	99.173	100.42	101.53	102.32	103.09	103.68	104.27	104.75	105.23	105.65	106.06	106.43	106.881	107.3	107.719	108.138	108.557
271.6	0	90.261	94.743	97.126	99.066	100.31	101.43	102.22	102.98	103.58	104.17	104.66	105.14	105.55	105.96	106.34	106.784	107.202	107.62	108.038	108.456
271.7	0	90.155	94.635	97.02	98.958	100.21	101.32	102.12	102.88	103.48	104.07	104.56	105.04	105.46	105.87	106.24	106.691	107.11	107.529	107.948	108.367
271.8	0	90.048	94.526	96.913	98.849	100.1	101.22	102.01	102.78	103.38	103.97	104.46	104.94	105.36	105.77	106.15	106.599	107.02	107.441	107.862	108.283
271.9	0	89.94	94.417	96.806	98.74	99.993	101.11	101.91	102.67	103.28	103.87	104.36	104.84	105.27	105.68	106.06	106.514	106.938	107.362	107.786	108.21
272	0	89.831	94.306	96.698	98.629	99.885	101	101.8	102.57	103.17	103.77	104.26	104.75	105.17	105.58	105.96	106.413	106.836	107.259	107.682	108.105
272.1	0	89.722	94.195	96.589	98.518	99.777	100.89	101.7	102.46	103.07	103.67	104.16	104.65	105.07	105.49	105.87	106.326	106.752	107.178	107.604	108.03
272.2	0	89.612	94.083	96.479	98.407	99.668	100.78	101.59	102.36	102.97	103.57	104.06	104.55	104.97	105.39	105.77	106.226	106.652	107.078	107.504	107.93
272.3	0	89.5	93.97	96.369	98.294	99.559	100.67	101.48	102.25	102.86	103.46	103.96	104.45	104.87	105.29	105.68	106.134	106.562	106.99	107.418	107.846
272.4	0	89.388	93.856	96.257	98.18	99.448	100.56	101.37	102.14	102.76	103.36	103.86	104.35	104.77	105.2	105.58	106.039	106.468	106.897	107.326	107.755
272.5	0	89.275	93.741	96.145	98.066	99.337	100.45	101.26	102.04	102.65	103.26	103.75	104.25	104.67	105.1	105.48	105.943	106.374	106.805	107.236	107.667
272.6	0	89.162	93.626	96.032	97.951	99.225	100.34	101.16	101.93	102.54	103.15	103.65	104.15	104.57	105	105.38	105.843	106.274	106.705	107.136	107.567
272.7	0	89.047	93.509	95.918	97.835	99.112	100.23	101.04	101.82	102.44	103.04	103.55	104.04	104.47	104.9	105.29	105.752	106.186	106.62	107.054	107.488
272.8	0	88.931	93.392	95.803	97.718	98.998	100.11	100.93	101.71	102.33	102.94	103.44	103.94	104.37	104.8	105.19	105.656	106.092	106.528	106.964	107.4
272.9	0	88.815	93.274	95.687	97.6	98.884	99.999	100.82	101.6	102.22	102.83	103.34	103.84	104.27	104.7	105.09	105.556	105.992	106.428	106.864	107.3
273	0	88.698	93.154	95.57	97.481	98.768	99.884	100.71	101.49	102.11	102.72	103.23	103.73	104.17	104.6	104.99	105.461	105.9	106.339	106.778	107.217
273.1	0	88.579	93.034	95.453	97.362	98.652	99.768	100.6	101.38	102	102.61	103.13	103.63	104.06	104.49	104.89	105.354	105.792	106.23	106.668	107.106
273.2	0	88.46	92.913	95.334	97.241	98.535	99.651	100.48	101.26	101.89	102.5	103.02	103.53	103.96	104.39	104.79	105.258	105.698	106.138	106.578	107.018
273.3	0	88.34	92.791	95.214	97.12	98.417	99.533	100.37	101.15	101.78	102.39	102.91	103.42	103.86	104.29	104.68	105.155	105.596	106.037	106.478	106.919
273.4	0	88.219	92.668	95.094	96.997	98.298	99.415	100.25	101.04	101.67	102.28	102.8	103.31	103.75	104.19	104.58	105.058	105.502	105.946	106.39	106.834
273.5	0	88.097	92.543	94.972	96.874	98.178	99.295	100.14	100.92	101.55	102.17	102.69	103.21	103.65	104.08	104.48	104.957	105.402	105.847	106.292	106.737
273.6	0	87.974	92.418	94.849	96.749	98.057	99.175	100.02	100.81	101.44	102.06	102.58	103.1	103.54	103.98	104.38	104.86	105.308	105.756	106.204	106.652
273.7	0	87.85	92.292	94.725	96.624	97.935	99.054	99.9	100.69	101.33	101.95	102.47	102.99	103.43	103.87	104.27	104.75	105.198	105.646	106.094	106.542
273.8	0	87.725	92.165	94.601	96.498	97.813	98.932	99.781	100.57	101.21	101.83	102.36	102.88	103.33	103.77	104.17	104.655	105.106	105.557	106.008	106.459
273.9	0	87.599	92.036	94.475	96.37	97.689	98.808	99.661	100.45	101.1	101.72	102.25	102.77	103.22	103.66	104.06	104.545	104.996	105.447	105.898	106.349
274	0	87.471	91.907	94.347	96.242	97.564	98.684	99.54	100.34	100.98	101.6	102.14	102.66	103.11	103.55	103.96	104.443	104.896	105.349	105.802	106.255
274.1	0	87.343	91.776	94.219	96.112	97.438	98.559	99.418	100.22	100.86	101.49	102.02	102.55	103	103.45	103.85	104.342	104.798	105.254	105.71	106.166
274.2	0	87.213	91.644	94.089	95.981	97.312	98.433	99.296	100.09	100.74	101.37	101.91	102.43	102.89	103.34	103.75	104.241	104.7	105.159	105.618	106.077
274.3	0	87.083	91.512	93.959	95.849	97.184	98.307	99.172	99.973	100.62	101.25	101.79	102.32	102.78	103.23	103.64	104.135	104.596	105.057	105.518	105.979
274.4	0	86.95	91.378	93.827	95.717	97.055	98.179	99.047	99.85	100.5	101.13	101.68	102.21	102.67	103.12	103.53	104.025	104.486	104.947	105.408	105.869
274.5	0	86.817	91.243	93.694	95.582	96.925	98.05	98.921	99.726	100.38	101.01	101.56	102.09	102.56	103.01	103.42	103.92	104.384	104.848	105.312	105.776
274.6	0	86.683	91.107	93.559	95.447	96.794	97.92	98.794	99.602	100.26	100.9	101.44	101.98	102.44	102.9	103.31	103.812	104.278	104.744	105.21	105.676
274.7	0	86.547	90.969	93.424	95.311	96.662	97.789	98.667	99.476	100.14	100.77	101.32	101.86	102.33	102.79	103.2	103.707	104.176	104.645	105.114	105.583
274.8	0	86.409	90.831	93.287	95.173	96.529	97.657	98.538	99.349	100.02	100.65	101.2	101.74	102.21	102.67	103.09	103.595	104.066	104.537	105.008	105.479
274.9	0	86.27	90.691	93.149	95.034	96.395	97.524	98.408	99.221	99.891	100.53	101.08	101.63	102.1	102.56	102.98	103.4	103.86	104.302	104.744	105.186
275	0	86.13	90.55	93.009	94.894	96.259	97.389	98.277	99.092	99.766	100.41	100.96	101.51	101.98	102.45	102.87	103.29	103.755	104.2	104.645	105.09
275.1	0	85.987	90.408	92.868	94.752	96.122	97.254	98.145	98.963	99.639	100.28	100.84	101.39	101.87	102.33	102.76	103.18	103.647	104.094	104.541	104.988
275.2	0	85.843	90.264	92.726	94.61	95.984	97.117	98.012	98.832	99.512	100.16	100.72	101.27	101.75	102.22	102.65	103.07	103.542	103.992	104.442	104.892
275.3	0	85.698	90.118	92.583	94.465	95.845	96.98	97.878	98.7	99.383	100.03	100.6	101.15	101.63	102.1	102.53	102.96	103.43	103.882	104.334	104.786
275.4	0	85.55	89.971	92.438	94.32	95.704	96.841	97.743	98.567	99.253	99.905	100.47	101.02	101.51	101.98	102.42	102.84	103.319	103.774	104.229	104.684
275.5	0	85.401	89.822	92.292	94.173	95.562	96.7	97.607	98.432	99.123	99.777	100.35	100.9	101.39	101.87	102.3	102.73	103.209	103.666	104.123	104.58
275.6	0	85.25	89.672	92.144	94.024	95.419	96.559	97.469	98.297	98.991	99.648	100.22	100.78	101.27	101.75	102.19	102.62	103.102	103.562	104.022	104.482
275.7	0	85.097	89.52	91.995	93.874	95.274	96.416	97.33	98.161	98.858	99.518	100.09	100.65	101.15	101.63	102.07	102.5	102.986	103.448	103.91	104.372
275.8	0	84.943	89.366	91.844	93.723	95.128	96.271	97.19	98.023	98.725	99.387	99.966	100.53	101.02	101.51	101.95	102.39	102.875	103.34	103.805	104.27
275.9	0	84.786	89.21	91.692	93.57	94.98	96.126	97.049	97.884	98.59	99.255	99.837	100.4	100.9	101.39	101.83	102.27	102.759	103.226	103.693	104.16
276	0	84.628	89.053	91.539	93.415	94.831	95.978	96.906	97.744	98.454	99.122	99.707	100.27	100.78	101.26	101.71	102.15	102.641	103.11	103.579	104.048
276.1	0	84.468	88.894	91.384	93.259	94.68	95.83	96.762	97.603	98.316	98.987	99.576	100.14	100.65	101.14	101.59	102.03	102.526	102.998	103.47	103.942
276.2	0	84.305	88.732	91.227	93.101	94.528	95.68	96.616	97.461	98.178	98.852	99.444	100.01	100.52	101.02	101.47	101.92	102.419	102.896	103.373	103.85
276.3	0	84.141	88.569	91.069	92.942	94.374	95.529	96.47	97.317	98.038	98.716	99.311	99.884	100.4	100.89	101.35	101.8	102.2994	102.7776	103.2558	103.734
276.4	0	83.975	88.404	90.909	92.78	94.218	95.376	96.321	97.172	97.898	98.578	99.178	99.753	100.27	100.77	101.23	101.68	102.1848	102.6662	103.1476	103.629
276.5	0	83.807	88.237	90.747	92.617	94.061	95.221	96.172	97.026	97.756	98.44	99.043	99.621	100.14	100.64	101.1	101.56	102.0636	102.5474	103.0312	103.515
276.6	0	83.636	88.068	90.584	92.453	93.902	95.066	96.021	96.878	97.612	98.3	98.906	99.488	100.01	100.51	100.98	101.43	101.9398	102.4252	102.9106	103.396
276.7	0	83.464	87.896	90.418	92.286	93.742	94.908	95.868	96.729	97.468	98.159	98.769	99.354	99.877	100.38	100.85	101.31	101.8197	102.3082	102.7967	103.2852
276.8	0	83.289	87.722	90.251	92.118	93.579	94.749	95.714	96.578	97.322	98.017	98.631	99.219	99.745	100.25	100.73	101.19	101.7049	102.1976	102.6903	103.183
276.9	0	83.112	87.546	90.082	91.948	93.415	94.588	95.558	96.426	97.174	97.873	98.491	99.082	99.611	100.12	100.6	101.06	101.5781	102.0726	102.5671	103.0616
277	0	82.932	87.368	89.911	91.775	93.249	94.425	95.401	96.273	97.026	97.728	98.351	98.945	99.477	99.992	100.47	100.94	101.4597	101.958	102.4563	102.9546
277.1	0	82.749	87.187	89.738	91.601	93.081	94.261	95.242	96.118	96.875	97.582	98.209	98.807	99.342	99.859	100.34	100.81	101.3328	101.8332	102.3336	102.834
277.2	0	82.564	87.003	89.562	91.425	92.911	94.095	95.082	95.961	96.724	97.434	98.065	98.667	99.206	99.725	100.21	100.68	101.2066	101.7096	102.2126	102.7156
277.3	0	82.376	86.816	89.384	91.247	92.739	93.927	94.919	95.802	96.571	97.285	97.921	98.526	99.068	99.59	100.08	100.55	101.0808	101.5868	102.0928	102.5988
277.4	0	82.184	86.627	89.204	91.067	92.565	93.757	94.755	95.642	96.416	97.135	97.775	98.384	98.93	99.455	99.945	100.42	100.9529	101.4616	101.9703	102.479
277.5	0	81.988	86.434	89.02	90.884	92.39	93.585	94.59	95.481	96.259	96.983	97.628	98.24	98.79	99.318	99.811	100.29	100.8261	101.3382	101.8503	102.3624
277.6	0	81.789	86.239	88.835	90.7	92.211	93.412	94.422	95.317	96.101	96.83	97.479	98.096	98.649	99.18	99.676	100.16	100.6987	101.2142	101.7297	102.2452
277.7	0	81.585	86.04	88.646	90.513	92.031	93.236	94.253	95.152	95.942	96.675	97.329	97.949	98.507	99.041	99.54	100.03	100.5719	101.0914	101.6109	102.1304
277.8	0	81.376	85.837	88.454	90.323	91.849	93.058	94.081	94.986	95.781	96.518	97.177	97.802	98.364	98.901	99.403	99.893	100.4389	100.961	101.4831	102.0052
277.9	0	81.161	85.631	88.259	90.131	91.665	92.878	93.908	94.817	95.618	96.36	97.024	97.653	98.219	98.76	99.265	99.758	100.3078	100.8334	101.359	101.8846
278	0	80.941	85.42	88.061	89.937	91.478	92.696	93.733	94.647	95.453	96.2	96.869	97.502	98.073	98.617	99.126	99.622	100.1759	100.7052	101.2345	101.7638
278.1	0	80.713	85.205	87.86	89.74	91.289	92.511	93.556	94.474	95.287	96.039	96.713	97.351	97.926	98.473	98.986	99.485	100.0426	100.5754	101.1082	101.641
278.2	0	80.478	84.985	87.654	89.54	91.097	92.325	93.376	94.3	95.119	95.876	96.555	97.197	97.777	98.329	98.844	99.347	99.9089	100.4456	100.9823	101.519
278.3	0	80.233	84.759	87.445	89.337	90.904	92.136	93.195	94.124	94.949	95.711	96.396	97.042	97.627	98.182	98.702	99.207	99.7735	100.314	100.8545	101.395
278.4	0	79.979	84.527	87.231	89.131	90.707	91.944	93.011	93.946	94.777	95.544	96.235	96.886	97.475	98.035	98.558	99.067	99.6377	100.1822	100.7267	101.2712
278.5	0	79.713	84.289	87.013	88.921	90.508	91.751	92.825	93.766	94.603	95.376	96.072	96.728	97.322	97.886	98.413	98.925	99.5003	100.0488	100.5973	101.1458
278.6	0	79.435	84.043	86.79	88.708	90.306	91.554	92.636	93.584	94.427	95.206	95.908	96.569	97.168	97.736	98.267	98.782	99.3619	99.9144	100.4669	101.0194
278.7	0	79.143	83.789	86.561	88.491	90.102	91.356	92.446	93.399	94.25	95.034	95.742	96.408	97.012	97.584	98.119	98.637	99.2215	99.778	100.3345	100.891
278.8	0	78.834	83.525	86.326	88.27	89.894	91.154	92.253	93.213	94.07	94.859	95.574	96.245	96.854	97.431	97.97	98.492	99.0814	99.6424	100.2034	100.7644
278.9	0	78.508	83.251	86.084	88.044	89.683	90.95	92.057	93.024	93.888	94.683	95.404	96.08	96.695	97.277	97.82	98.345	98.9399	99.5054	100.0709	100.6364
279	0	78.163	82.966	85.835	87.812	89.468	90.743	91.859	92.833	93.704	94.505	95.232	95.914	96.535	97.121	97.668	98.197	98.7967	99.3666	99.9365	100.5064
279.1	0	77.795	82.667	85.578	87.576	89.249	90.533	91.658	92.639	93.518	94.325	95.059	95.746	96.372	96.964	97.515	98.048	98.6531	99.2278	99.8025	100.3772
279.2	0	77.378	82.354	85.312	87.333	89.026	90.32	91.455	92.443	93.329	94.143	94.883	95.576	96.209	96.805	97.361	97.898	98.5086	99.0882	99.6678	100.2474
279.3	0	76.893	82.026	85.035	87.083	88.798	90.103	91.248	92.245	93.138	93.958	94.705	95.404	96.043	96.645	97.205	97.746	98.3624	98.947	99.5316	100.1162
279.4	0	76.375	81.679	84.748	86.826	88.565	89.883	91.039	92.044	92.945	93.771	94.525	95.231	95.876	96.483	97.048	97.593	98.215	98.8046	99.3942	99.9838
279.5	0	75.819	81.313	84.449	86.561	88.327	89.659	90.827	91.84	92.75	93.582	94.343	95.055	95.706	96.319	96.89	97.438	98.0666	98.6616	99.2566	99.8516
279.6	0	75.223	80.924	84.135	86.287	88.083	89.43	90.612	91.633	92.552	93.391	94.159	94.877	95.535	96.154	96.729	97.282	97.9166	98.517	99.1174	99.7178
279.7	0	74.583	80.512	83.807	86.004	87.832	89.197	90.393	91.424	92.351	93.197	93.973	94.698	95.362	95.987	96.568	97.125	97.766	98.372	98.978	99.584
279.8	0	73.896	80.073	83.462	85.709	87.574	88.959	90.17	91.212	92.148	93.001	93.784	94.516	95.188	95.818	96.404	96.966	97.6132	98.2248	98.8364	99.448
279.9	0	73.157	79.604	83.098	85.402	87.308	88.716	89.944	90.997	91.943	92.803	93.593	94.332	95.011	95.648	96.239	96.806	97.46	98.0776	98.6952	99.3128
280	0	72.364	79.104	82.714	85.082	87.033	88.466	89.713	90.778	91.734	92.601	93.4	94.145	94.832	95.475	96.072	96.644	97.305	97.9288	98.5526	99.1764
280.1	0	71.512	78.569	82.307	84.747	86.749	88.21	89.478	90.556	91.523	92.398	93.205	93.957	94.651	95.301	95.904	96.48	97.1483	97.7782	98.4081	99.038
280.2	0	70.599	77.996	81.876	84.396	86.454	87.947	89.238	90.33	91.308	92.192	93.007	93.766	94.467	95.124	95.734	96.315	96.9907	97.6272	98.2637	98.9002
280.3	0	69.62	77.368	81.417	84.027	86.147	87.676	88.992	90.1	91.091	91.982	92.806	93.573	94.282	94.946	95.561	96.148	96.8307	97.4736	98.1165	98.7594
280.4	0	68.574	76.655	80.929	83.639	85.828	87.396	88.74	89.866	90.87	91.771	92.603	93.378	94.094	94.765	95.387	95.979	96.6691	97.3186	97.9681	98.6176
280.5	0	67.456	75.889	80.408	83.229	85.495	87.106	88.482	89.627	90.645	91.556	92.397	93.18	93.904	94.583	95.211	95.809	96.5069	97.1634	97.8199	98.4764
280.6	0	66.266	75.067	79.853	82.795	85.146	86.806	88.216	89.382	90.417	91.338	92.189	92.98	93.712	94.398	95.033	95.636	96.3417	97.005	97.6683	98.3316
280.7	0	65.002	74.185	79.26	82.335	84.78	86.494	87.942	89.133	90.184	91.116	91.978	92.777	93.517	94.211	94.853	95.462	96.1758	96.8464	97.517	98.1876
280.8	0	63.662	73.24	78.627	81.847	84.396	86.17	87.66	88.877	89.947	90.892	91.763	92.572	93.32	94.021	94.671	95.286	96.0077	96.6856	97.3635	98.0414
280.9	0	62.247	72.228	77.95	81.329	83.991	85.832	87.368	88.614	89.706	90.663	91.546	92.364	93.121	93.829	94.486	95.108	95.8375	96.5228	97.2081	97.8934
281	0	60.759	71.148	77.205	80.777	83.564	85.478	87.066	88.344	89.459	90.431	91.326	92.153	92.919	93.635	94.3	94.928	95.6663	96.3594	97.0525	97.7456
281.1	0	59.2	69.997	76.381	80.189	83.113	85.108	86.752	88.066	89.206	90.195	91.102	91.939	92.714	93.438	94.111	94.746	95.4929	96.194	96.8951	97.5962
281.2	0	57.572	68.774	75.5	79.563	82.635	84.72	86.426	87.779	88.947	89.954	90.875	91.722	92.507	93.239	93.919	94.561	95.3166	96.0256	96.7346	97.4436
281.3	0	55.881	67.478	74.558	78.896	82.129	84.311	86.087	87.482	88.682	89.708	90.643	91.503	92.296	93.037	93.725	94.375	95.1391	95.8564	96.5737	97.291
281.4	0	54.133	66.109	73.554	78.184	81.591	83.881	85.732	87.175	88.409	89.457	90.408	91.279	92.083	92.832	93.529	94.186	94.9598	95.6858	96.4118	97.1378
281.5	0	52.333	64.668	72.485	77.422	81.02	83.427	85.361	86.856	88.127	89.2	90.169	91.053	91.867	92.625	93.33	93.994	94.7773	95.5118	96.2463	96.9808
281.6	0	50.224	63.157	71.35	76.59	80.414	82.947	84.972	86.525	87.837	88.937	89.925	90.823	91.648	92.414	93.129	93.801	94.5941	95.3378	96.0815	96.8252
281.7	0	47.988	61.581	70.148	75.703	79.769	82.439	84.564	86.179	87.537	88.666	89.676	90.588	91.426	92.201	92.925	93.604	94.4081	95.1612	95.9143	96.6674
281.8	0	45.783	59.942	68.878	74.758	79.084	81.902	84.135	85.819	87.226	88.389	89.422	90.35	91.2	91.985	92.718	93.406	94.2208	94.9838	95.7468	96.5098
281.9	0	43.62	58.247	67.541	73.753	78.356	81.332	83.683	85.443	86.904	88.103	89.161	90.107	90.971	91.765	92.508	93.205	94.0311	94.8044	95.5777	96.351
282	0	41.508	56.503	66.139	72.687	77.582	80.728	83.207	85.049	86.569	87.808	88.894	89.86	90.737	91.543	92.295	93.001	93.8392	94.6232	95.4072	96.1912
282.1	0	39.456	54.716	64.673	71.559	76.718	80.087	82.703	84.636	86.22	87.503	88.62	89.607	90.5	91.317	92.079	92.794	93.6453	94.4406	95.2359	96.0312
282.2	0	37.471	52.895	63.147	70.369	75.798	79.407	82.172	84.202	85.857	87.187	88.339	89.349	90.259	91.087	91.86	92.585	93.4499	94.2572	95.0645	95.8718
282.3	0	35.56	51.003	61.565	69.118	74.821	78.685	81.61	83.745	85.477	86.86	88.049	89.084	90.013	90.854	91.638	92.372	93.2525	94.0726	94.8927	95.7128
282.4	0	33.727	49.029	59.932	67.805	73.786	77.92	81.015	83.264	85.08	86.521	87.75	88.812	89.762	90.617	91.413	92.157	93.0545	93.8886	94.7227	95.5568
282.5	0	31.976	47.071	58.254	66.434	72.692	77.098	80.385	82.757	84.664	86.167	87.441	88.534	89.505	90.376	91.184	91.939	92.8543	93.7032	94.5521	95.401
282.6	0	30.311	45.141	56.538	65.007	71.538	76.215	79.719	82.222	84.227	85.799	87.121	88.247	89.243	90.13	90.951	91.717	92.652	93.5168	94.3816	95.2464
282.7	0	28.734	43.248	54.791	63.528	70.325	75.281	79.013	81.658	83.769	85.414	86.79	87.952	88.974	89.879	90.715	91.492	92.4487	93.3308	94.2129	95.095
282.8	0	27.245	41.399	53.022	62.001	69.054	74.293	78.267	81.061	83.286	85.012	86.446	87.647	88.699	89.624	90.474	91.264	92.2443	93.1452	94.0461	94.947
282.9	0	25.844	39.603	51.219	60.431	67.726	73.251	77.474	80.431	82.778	84.591	86.088	87.333	88.416	89.362	90.229	91.032	92.0377	92.9588	93.8799	94.801
283	0	24.392	37.867	49.366	58.824	66.345	72.154	76.607	79.765	82.243	84.15	85.715	87.007	88.125	89.095	89.98	90.796	91.8305	92.7738	93.7171	94.6604
283.1	0	23.062	36.195	47.536	57.188	64.913	71.002	75.691	79.062	81.679	83.687	85.326	86.67	87.825	88.821	89.726	90.556	91.6215	92.5888	93.5561	94.5234
283.2	0	21.845	34.593	45.737	55.528	63.435	69.798	74.723	78.319	81.084	83.201	84.92	86.319	87.516	88.54	89.466	90.312	91.4114	92.405	93.3986	94.3922
283.3	0	20.731	33.065	43.978	53.852	61.916	68.542	73.704	77.535	80.456	82.69	84.496	85.955	87.196	88.252	89.2	90.064	91.2	92.2222	93.2444	94.2666
283.4	0	19.712	31.613	42.264	52.169	60.361	67.236	72.633	76.688	79.795	82.152	84.051	85.576	86.865	87.955	88.929	89.81	90.9866	92.0398	93.093	94.1462
283.5	0	18.779	30.239	40.603	50.441	58.777	65.884	71.51	75.796	79.097	81.585	83.585	85.181	86.523	87.649	88.65	89.552	90.7717	91.8586	92.9455	94.0324
283.6	0	17.927	28.943	39	48.714	57.17	64.49	70.337	74.856	78.362	80.989	83.096	84.769	86.168	87.334	88.365	89.288	90.5553	91.6788	92.8023	93.9258
283.7	0	17.147	27.725	37.46	47.017	55.546	63.058	69.115	73.868	77.588	80.36	82.583	84.338	85.799	87.008	88.071	89.018	90.3364	91.4996	92.6628	93.826
283.8	0	16.434	26.584	35.985	45.355	53.914	61.592	67.846	72.833	76.751	79.699	82.043	83.887	85.415	86.671	87.769	88.741	90.1152	91.3214	92.5276	93.7338
283.9	0	15.782	25.517	34.579	43.736	52.281	60.098	66.533	71.75	75.87	79.003	81.476	83.415	85.014	86.321	87.458	88.458	89.8922	91.1452	92.3982	93.6512
284	0	15.186	24.521	33.244	42.165	50.651	58.582	65.179	70.621	74.945	78.27	80.88	82.92	84.597	85.959	87.137	88.167	89.6662	90.9696	92.273	93.5764
284.1	0	14.64	23.598	31.98	40.648	49.04	57.051	63.789	69.446	73.974	77.498	80.253	82.401	84.162	85.582	86.805	87.868	89.4367	90.7944	92.1521	93.5098
284.2	0	14.142	22.744	30.787	39.188	47.458	55.511	62.366	68.229	72.959	76.672	79.594	81.856	83.706	85.191	86.462	87.56	89.2042	90.6206	92.037	93.4534
284.3	0	13.685	21.955	29.666	37.79	45.912	53.968	60.918	66.971	71.9	75.804	78.901	81.283	83.23	84.783	86.106	87.243	88.9678	90.4474	91.927	93.4066
284.4	0	13.267	21.226	28.614	36.454	44.407	52.429	59.448	65.676	70.798	74.895	78.174	80.682	82.731	84.358	85.737	86.916	88.727	90.2744	91.8218	93.3692
284.5	0	12.884	20.554	27.631	35.184	42.947	50.88	57.963	64.347	69.653	73.945	77.407	80.051	82.208	83.914	85.354	86.578	88.481	90.101	91.721	93.341
284.6	0	12.533	19.933	26.714	33.979	41.537	49.336	56.469	62.988	68.469	72.952	76.586	79.388	81.66	83.45	84.956	86.229	88.23	89.9278	91.6256	93.3234
284.7	0	12.211	19.361	25.86	32.84	40.18	47.823	54.974	61.605	67.248	71.919	75.727	78.692	81.085	82.966	84.541	85.866	87.9712	89.7516	91.532	93.3124
284.8	0	11.914	18.833	25.076	31.767	38.879	46.348	53.483	60.201	65.993	70.847	74.828	77.962	80.482	82.459	84.108	85.491	87.7056	89.574	91.4424	93.3108
284.9	0	11.642	18.346	24.348	30.758	37.636	44.914	52.002	58.784	64.707	69.736	73.89	77.192	79.849	81.929	83.658	85.101	87.4339	89.3966	91.3593	93.322
285	0	11.39	17.897	23.673	29.812	36.452	43.527	50.54	57.358	63.394	68.589	72.913	76.378	79.186	81.374	83.187	84.695	87.1545	89.218	91.2815	93.345
285.1	0	11.159	17.483	23.047	28.926	35.328	42.188	49.106	55.93	62.058	67.409	71.898	75.527	78.492	80.792	82.696	84.273	86.8648	89.0344	91.204	93.3736
285.2	0	10.944	17.1	22.467	28.1	34.263	40.902	47.705	54.505	60.705	66.197	70.846	74.639	77.765	80.184	82.184	83.833	86.5631	88.8438	91.1245	93.4052
285.3	0	10.745	16.746	21.93	27.329	33.257	39.669	46.341	53.089	59.339	64.959	69.758	73.714	76.993	79.547	81.648	83.375	86.2485	88.6462	91.0439	93.4416
285.4	0	10.56	16.418	21.431	26.611	32.31	38.491	45.018	51.689	57.965	63.697	68.637	72.754	76.181	78.88	81.087	82.897	85.9174	88.4366	90.9558	93.475
285.5	0	10.388	16.115	20.969	25.944	31.419	37.37	43.738	50.294	56.588	62.415	67.484	71.758	75.334	78.183	80.502	82.399	85.5702	88.2152	90.8602	93.5052
285.6	0	10.228	15.833	20.541	25.331	30.583	36.304	42.505	48.932	55.215	61.118	66.303	70.729	74.451	77.453	79.89	81.878	85.2013	87.975	90.7487	93.5224
285.7	0	10.077	15.57	20.143	24.761	29.8	35.295	41.319	47.604	53.85	59.81	65.097	69.667	73.535	76.681	79.25	81.334	84.8081	87.713	90.6179	93.5228
285.8	0	9.9358	15.325	19.774	24.231	29.067	34.342	40.184	46.316	52.498	58.496	63.869	68.575	72.585	75.875	78.582	80.767	84.3911	87.4292	90.4673	93.5054
285.9	0	9.8026	15.097	19.43	23.738	28.382	33.443	39.098	45.069	51.166	57.181	62.624	67.456	71.602	75.036	77.885	80.175	83.9471	87.1192	90.2913	93.4634
286	0	9.6768	14.882	19.109	23.279	27.743	32.597	38.064	43.866	49.861	55.869	61.365	66.311	70.588	74.165	77.151	79.556	83.4701	86.7754	90.0807	93.386
286.1	0	9.5575	14.681	18.81	22.851	27.146	31.803	37.081	42.709	48.589	54.566	60.098	65.143	69.545	73.262	76.381	78.911	82.96	86.3972	89.8344	93.2716
286.2	0	9.4442	14.491	18.529	22.451	26.589	31.057	36.149	41.6	47.352	53.275	58.825	63.957	68.475	72.327	75.578	78.239	82.4153	85.982	89.5487	93.1154
286.3	0	9.3362	14.311	18.267	22.078	26.07	30.359	35.267	40.538	46.154	52.002	57.553	62.756	67.38	71.363	74.745	77.539	81.8359	85.529	89.2221	92.9152
286.4	0	9.2331	14.141	18.019	21.729	25.586	29.705	34.433	39.525	44.996	50.743	56.284	61.544	66.263	70.37	73.881	76.8	81.2106	85.0236	88.8366	92.6496
286.5	0	9.1342	13.979	17.786	21.401	25.135	29.093	33.648	38.56	43.882	49.511	55.025	60.324	65.126	69.351	72.987	76.031	80.5463	84.4738	88.4013	92.3288
286.6	0	9.0393	13.825	17.566	21.094	24.713	28.521	32.908	37.643	42.811	48.312	53.779	59.101	63.973	68.308	72.063	75.233	79.8418	83.8772	87.9126	91.948
286.7	0	8.948	13.678	17.358	20.804	24.317	27.985	32.212	36.773	41.784	47.149	52.55	57.879	62.807	67.243	71.112	74.406	77.199	80.7805	84.0967	87.4129
286.8	0	8.86	13.536	17.16	20.531	23.946	27.484	31.558	35.95	40.803	46.024	51.342	56.662	61.633	66.158	70.135	73.551	76.46	80.1565	83.5887	87.0209
286.9	0	8.775	13.4	16.971	20.273	23.597	27.015	30.944	35.172	39.867	44.94	50.164	55.454	60.453	65.057	69.134	72.668	75.693	79.4985	83.0427	86.5869
287	0	8.6927	13.27	16.79	20.029	23.268	26.575	30.367	34.437	38.976	43.896	49.017	54.259	59.27	63.943	68.111	71.758	74.898	78.8055	82.4567	86.1079
287.1	0	8.613	13.143	16.618	19.797	22.959	26.162	29.825	33.744	38.129	42.896	47.904	53.081	58.09	62.819	67.068	70.823	74.076	78.078	81.8306	85.5832
287.2	0	8.5357	13.021	16.452	19.576	22.666	25.775	29.316	33.091	37.325	41.937	46.826	51.923	56.916	61.687	66.007	69.864	73.228	77.3165	81.1645	85.0125
287.3	0	8.4607	12.903	16.292	19.365	22.388	25.415	28.839	32.475	36.563	41.022	45.786	50.787	55.75	60.552	64.933	68.884	72.354	76.52	80.4557	84.3914
287.4	0	8.3877	12.788	16.138	19.163	22.125	25.076	28.389	31.896	35.842	40.149	44.784	49.68	54.598	59.417	63.848	67.884	71.456	75.6895	79.7048	83.7201
287.5	0	8.3166	12.677	15.989	18.97	21.875	24.755	27.967	31.351	35.16	39.319	43.822	48.605	53.463	58.284	62.754	66.867	70.535	74.8265	78.9131	82.9997
287.6	0	8.2474	12.569	15.845	18.784	21.637	24.451	27.568	30.837	34.515	38.529	42.899	47.565	52.347	57.158	61.654	65.835	69.592	73.9305	78.0788	82.2271
287.7	0	8.1799	12.463	15.706	18.605	21.409	24.162	27.193	30.353	33.907	37.78	42.016	46.56	51.257	56.042	60.553	64.79	68.63	73.004	77.2041	81.4042
287.8	0	8.1141	12.36	15.57	18.432	21.19	23.887	26.838	29.897	33.332	37.069	41.173	45.591	50.196	54.939	59.453	63.737	67.65	72.049	76.2907	80.5324
287.9	0	8.0498	12.26	15.438	18.265	20.981	23.626	26.502	29.467	32.789	36.396	40.369	44.66	49.166	53.853	58.357	62.677	66.655	71.067	75.3396	79.6122
288	0	7.9869	12.162	15.309	18.103	20.78	23.376	26.184	29.061	32.276	35.758	39.603	43.766	48.168	52.786	57.27	61.613	65.648	70.0615	74.3544	78.6473
288.1	0	7.9256	12.066	15.183	17.946	20.586	23.137	25.882	28.677	31.792	35.155	38.875	42.909	47.203	51.741	56.193	60.549	64.629	69.033	73.335	77.637
288.2	0	7.8656	11.973	15.061	17.793	20.398	22.908	25.594	28.313	31.335	34.584	38.183	42.09	46.273	50.718	55.13	59.488	63.604	67.989	72.2906	76.5922
288.3	0	7.8069	11.881	14.941	17.644	20.217	22.687	25.319	27.969	30.902	34.044	37.526	41.307	45.377	49.723	54.084	58.432	62.573	66.9275	71.2173	75.5071
288.4	0	7.7495	11.792	14.824	17.499	20.041	22.475	25.056	27.642	30.493	33.533	36.902	40.561	44.516	48.759	53.057	57.386	61.54	65.8535	70.1207	74.3879
288.5	0	7.6934	11.704	14.71	17.358	19.871	22.271	24.804	27.33	30.105	33.049	36.311	39.849	43.691	47.826	52.052	56.351	60.508	64.7705	69.005	73.2395
288.6	0	7.6384	11.619	14.598	17.22	19.705	22.073	24.562	27.034	29.737	32.59	35.75	39.172	42.9	46.926	51.074	55.33	59.48	63.682	67.8738	72.0656
288.7	0	7.5847	11.535	14.488	17.085	19.543	21.881	24.33	26.75	29.387	32.156	35.218	38.528	42.144	46.058	50.124	54.327	58.458	62.5925	66.7328	70.8731
288.8	0	7.5321	11.453	14.381	16.954	19.386	21.696	24.105	26.479	29.054	31.744	34.714	37.916	41.421	45.225	49.202	53.343	57.446	61.505	65.5854	69.6658
288.9	0	7.4806	11.372	14.276	16.825	19.232	21.516	23.889	26.219	28.737	31.353	34.235	37.335	40.732	44.424	48.31	52.381	56.446	60.4245	64.4382	68.4519
289	0	7.4302	11.294	14.173	16.698	19.082	21.34	23.679	25.969	28.434	30.981	33.781	36.782	40.075	43.657	47.448	51.442	55.461	59.3535	63.2941	67.2347
289.1	0	7.3808	11.216	14.072	16.575	18.935	21.169	23.477	25.729	28.144	30.627	33.349	36.258	39.448	42.922	46.617	50.529	54.493	58.2965	62.159	66.0215
289.2	0	7.3325	11.141	13.973	16.454	18.792	21.003	23.28	25.499	27.867	30.29	32.939	35.759	38.852	42.219	45.817	49.642	53.544	57.2555	61.0355	64.8155
289.3	0	7.2852	11.067	13.876	16.335	18.651	20.84	23.089	25.276	27.6	29.967	32.549	35.285	38.285	41.547	45.048	48.784	52.616	56.2345	59.9288	63.6231
289.4	0	7.2389	10.994	13.781	16.219	18.513	20.681	22.903	25.06	27.344	29.659	32.177	34.835	37.745	40.906	44.309	47.954	51.71	55.234	58.8397	62.4454
289.5	0	7.1935	10.923	13.688	16.105	18.379	20.526	22.723	24.851	27.097	29.364	31.822	34.406	37.231	40.295	43.601	47.153	50.834	54.263	57.7799	61.2968
289.6	0	7.149	10.853	13.596	15.993	18.246	20.374	22.546	24.648	26.858	29.081	31.483	33.998	36.742	39.711	42.923	46.381	49.984	53.319	56.7467	60.1744
289.7	0	7.1055	10.784	13.506	15.883	18.117	20.225	22.374	24.45	26.627	28.809	31.159	33.609	36.276	39.155	42.274	45.638	49.16	52.4015	55.7394	59.0773
289.8	0	7.0628	10.717	13.418	15.776	17.99	20.079	22.206	24.258	26.404	28.546	30.848	33.237	35.832	38.624	41.653	44.924	48.364	51.514	54.7631	58.0122
289.9	0	7.021	10.651	13.332	15.67	17.865	19.936	22.041	24.071	26.187	28.293	30.55	32.882	35.409	38.118	41.06	44.238	47.595	51.15	54.4175	57.7802
290	0	6.9799	10.586	13.247	15.567	17.743	19.795	21.88	23.888	25.977	28.049	30.264	32.542	35.005	37.636	40.493	43.58	46.854	50.33	53.5105	56.789
290.1	0	6.9397	10.523	13.164	15.465	17.622	19.658	21.722	23.71	25.772	27.812	29.988	32.216	34.619	37.176	39.951	42.95	46.14	49.536	52.6305	55.825
290.2	0	6.9002	10.46	13.082	15.365	17.505	19.523	21.567	23.535	25.573	27.583	29.722	31.903	34.25	36.737	39.434	42.346	45.453	48.769	51.7785	54.8897
290.3	0	6.8615	10.399	13.002	15.267	17.389	19.39	21.416	23.365	25.378	27.36	29.465	31.603	33.897	36.317	38.939	41.769	44.793	48.027	50.954	53.9828
290.4	0	6.8235	10.339	12.923	15.171	17.275	19.26	21.267	23.198	25.188	27.144	29.216	31.313	33.558	35.916	38.467	41.216	44.159	47.312	50.158	53.1058
290.5	0	6.7862	10.28	12.846	15.077	17.164	19.132	21.121	23.034	25.003	26.933	28.975	31.034	33.232	35.532	38.015	40.687	43.551	46.624	49.392	52.2611
290.6	0	6.7496	10.222	12.77	14.984	17.055	19.007	20.978	22.874	24.821	26.728	28.741	30.765	32.92	35.164	37.583	40.18	42.968	45.961	48.6535	51.4457
290.7	0	6.7137	10.165	12.695	14.893	16.947	18.884	20.838	22.717	24.644	26.529	28.514	30.504	32.618	34.811	37.17	39.696	42.41	45.323	47.943	50.6603
290.8	0	6.6784	10.109	12.622	14.804	16.842	18.763	20.7	22.563	24.471	26.334	28.294	30.252	32.328	34.472	36.774	39.233	41.874	44.711	47.261	49.9062
290.9	0	6.6438	10.054	12.55	14.716	16.738	18.644	20.565	22.411	24.301	26.143	28.079	30.008	32.048	34.147	36.395	38.789	41.361	44.123	46.606	49.1816
291	0	6.6098	9.9998	12.479	14.629	16.636	18.527	20.432	22.263	24.134	25.957	27.869	29.77	31.777	33.833	36.031	38.364	40.869	43.558	45.977	48.4856
291.1	0	6.5764	9.9467	12.41	14.544	16.536	18.413	20.301	22.117	23.971	25.775	27.665	29.539	31.515	33.531	35.681	37.956	40.397	43.016	45.374	47.8186
291.2	0	6.5435	9.8945	12.341	14.461	16.437	18.3	20.173	21.974	23.81	25.597	27.465	29.315	31.26	33.24	35.345	37.565	39.945	42.496	44.796	47.1793
291.3	0	6.5113	9.8431	12.274	14.379	16.34	18.189	20.047	21.833	23.653	25.423	27.27	29.096	31.014	32.958	35.021	37.19	39.511	41.997	44.242	46.5669
291.4	0	6.4796	9.7926	12.208	14.298	16.245	18.08	19.923	21.695	23.499	25.253	27.08	28.883	30.774	32.686	34.709	36.83	39.095	41.518	43.711	45.9802
291.5	0	6.4484	9.743	12.143	14.218	16.151	17.973	19.801	21.559	23.347	25.085	26.894	28.674	30.541	32.422	34.408	36.483	38.696	41.057	43.201	45.417
291.6	0	6.4178	9.6941	12.079	14.14	16.059	17.867	19.681	21.425	23.198	24.921	26.711	28.471	30.314	32.166	34.118	36.149	38.312	40.615	42.712	44.8774
291.7	0	6.3876	9.6461	12.016	14.063	15.968	17.763	19.563	21.294	23.051	24.76	26.532	28.272	30.093	31.918	33.836	35.827	37.943	40.191	42.2445	44.3626
291.8	0	6.358	9.5988	11.954	13.987	15.879	17.661	19.447	21.165	22.907	24.601	26.357	28.078	29.877	31.676	33.564	35.517	37.587	39.783	41.7945	43.8672
291.9	0	6.3288	9.5523	11.893	13.913	15.791	17.561	19.332	21.038	22.766	24.445	26.185	27.888	29.666	31.441	33.3	35.217	37.245	39.39	41.3625	43.3923
292	0	6.3001	9.5065	11.833	13.839	15.705	17.462	19.22	20.913	22.626	24.292	26.016	27.701	29.46	31.211	33.043	34.926	36.915	39.012	40.948	42.9376
292.1	0	6.2718	9.4614	11.774	13.767	15.619	17.364	19.109	20.789	22.489	24.142	25.85	27.518	29.259	30.988	32.794	34.645	36.596	38.648	40.549	42.5003
292.2	0	6.244	9.4171	11.715	13.696	15.535	17.268	19	20.668	22.354	23.994	25.687	27.339	29.061	30.77	32.551	34.372	36.288	38.297	40.1655	42.0809
292.3	0	6.2166	9.3734	11.658	13.626	15.453	17.174	18.893	20.549	22.222	23.848	25.527	27.163	28.868	30.556	32.315	34.107	35.99	37.958	39.7955	41.6767
292.4	0	6.1897	9.3304	11.601	13.556	15.371	17.081	18.788	20.432	22.091	23.705	25.369	26.991	28.679	30.348	32.084	33.85	35.701	37.631	39.4395	41.2887
292.5	0	6.1632	9.2881	11.546	13.488	15.291	16.989	18.684	20.316	21.963	23.564	25.214	26.821	28.493	30.144	31.86	33.6	35.421	37.314	39.0945	40.9128
292.6	0	6.137	9.2464	11.491	13.421	15.212	16.899	18.581	20.202	21.836	23.426	25.062	26.654	28.311	29.944	31.64	33.356	35.149	37.008	38.7625	40.5522
292.7	0	6.1113	9.2053	11.437	13.355	15.134	16.81	18.48	20.09	21.712	23.289	24.912	26.49	28.132	29.748	31.425	33.118	34.885	36.712	38.442	40.2048
292.8	0	6.0859	9.1648	11.384	13.29	15.058	16.722	18.381	19.98	21.589	23.155	24.764	26.329	27.956	29.557	31.215	32.886	34.627	36.424	38.13	39.8668
292.9	0	6.0609	9.1248	11.331	13.226	14.982	16.636	18.283	19.871	21.469	23.023	24.619	26.171	27.783	29.368	31.01	32.659	34.377	36.145	37.8285	39.5408
293	0	6.0362	9.0855	11.28	13.163	14.908	16.551	18.186	19.764	21.35	22.893	24.476	26.015	27.613	29.183	30.808	32.438	34.133	35.874	37.5365	39.2258
293.1	0	6.012	9.0467	11.229	13.1	14.834	16.467	18.091	19.658	21.233	22.765	24.336	25.862	27.446	29.002	30.611	32.221	33.895	35.61	37.252	38.9191
293.2	0	5.988	9.0084	11.179	13.039	14.762	16.384	17.997	19.554	21.117	22.639	24.197	25.711	27.282	28.824	30.417	32.01	33.662	35.353	36.9755	38.6215
293.3	0	5.9644	8.9707	11.129	12.978	14.691	16.303	17.904	19.451	21.003	22.514	24.061	25.563	27.121	28.649	30.227	31.802	33.435	35.103	36.707	38.3331
293.4	0	5.9411	8.9335	11.08	12.918	14.62	16.222	17.813	19.35	20.891	22.392	23.927	25.417	26.962	28.477	30.04	31.598	33.213	34.859	36.4455	38.0527
293.5	0	5.9182	8.8968	11.032	12.859	14.551	16.143	17.723	19.25	20.781	22.271	23.795	25.274	26.805	28.307	29.857	31.399	32.995	34.621	36.19	37.7788
293.6	0	5.8955	8.8606	10.985	12.801	14.483	16.065	17.634	19.151	20.672	22.152	23.665	25.133	26.652	28.141	29.677	31.203	32.782	34.388	35.9405	37.5117
293.7	0	5.8731	8.8249	10.938	12.744	14.415	15.988	17.547	19.054	20.564	22.035	23.537	24.994	26.5	27.977	29.5	31.011	32.574	34.16	35.697	37.2513
293.8	0	5.8511	8.7896	10.892	12.687	14.348	15.911	17.46	18.958	20.458	21.92	23.41	24.857	26.351	27.816	29.327	30.823	32.369	33.938	35.459	36.9969
293.9	0	5.8293	8.7549	10.846	12.631	14.283	15.836	17.375	18.864	20.354	21.806	23.286	24.722	26.205	27.658	29.156	30.638	32.168	33.72	35.226	36.7482
294	0	5.8078	8.7205	10.801	12.576	14.218	15.762	17.291	18.771	20.251	21.693	23.163	24.589	26.06	27.502	28.988	30.456	31.972	33.506	34.998	36.505
294.1	0	5.7866	8.6866	10.757	12.522	14.154	15.689	17.209	18.679	20.149	21.582	23.042	24.459	25.918	27.348	28.822	30.278	31.778	33.297	34.775	36.2675
294.2	0	5.7656	8.6531	10.713	12.468	14.09	15.617	17.127	18.588	20.049	21.473	22.923	24.33	25.778	27.197	28.66	30.102	31.589	33.091	34.5555	36.0335
294.3	0	5.7449	8.6201	10.669	12.415	14.028	15.545	17.046	18.499	19.95	21.365	22.805	24.203	25.64	27.048	28.5	29.93	31.403	32.89	34.3415	35.8058
294.4	0	5.7244	8.5874	10.627	12.362	13.966	15.475	16.966	18.411	19.852	21.258	22.689	24.077	25.504	26.901	28.342	29.76	31.22	32.692	34.131	35.582
294.5	0	5.7042	8.5552	10.584	12.311	13.905	15.406	16.888	18.324	19.756	21.153	22.574	23.954	25.37	26.757	28.187	29.593	31.04	32.498	33.9245	35.3625
294.6	0	5.6843	8.5233	10.542	12.259	13.845	15.337	16.81	18.238	19.661	21.049	22.461	23.832	25.238	26.614	28.034	29.428	30.863	32.307	33.7215	35.1469
294.7	0	5.6646	8.4918	10.501	12.209	13.786	15.269	16.734	18.153	19.568	20.947	22.35	23.712	25.108	26.474	27.883	29.267	30.689	32.12	33.523	34.9363
294.8	0	5.6451	8.4607	10.46	12.159	13.727	15.202	16.658	18.069	19.475	20.846	22.239	23.593	24.98	26.336	27.734	29.107	30.518	31.936	33.328	34.7297
294.9	0	5.6258	8.43	10.42	12.11	13.67	15.136	16.583	17.986	19.384	20.747	22.131	23.476	24.854	26.2	27.588	28.951	30.35	31.754	33.135	34.5247
295	0	5.6068	8.3996	10.38	12.061	13.612	15.071	16.509	17.904	19.294	20.648	22.023	23.36	24.729	26.066	27.444	28.796	30.185	31.576	32.9465	34.325
295.1	0	5.588	8.3696	10.341	12.013	13.556	15.006	16.437	17.824	19.205	20.551	21.917	23.246	24.606	25.933	27.302	28.644	30.022	31.401	32.761	34.1285
295.2	0	5.5695	8.3399	10.302	11.965	13.5	14.943	16.365	17.744	19.117	20.455	21.813	23.134	24.484	25.803	27.162	28.494	29.861	31.228	32.5775	33.934
295.3	0	5.5511	8.3105	10.264	11.918	13.445	14.88	16.293	17.665	19.03	20.361	21.709	23.023	24.365	25.674	27.023	28.346	29.703	31.059	32.399	33.7455
295.4	0	5.533	8.2815	10.226	11.872	13.39	14.818	16.223	17.588	18.945	20.267	21.608	22.913	24.246	25.547	26.887	28.2	29.548	30.892	32.2225	33.5588
295.5	0	5.515	8.2528	10.188	11.826	13.336	14.756	16.154	17.511	18.86	20.175	21.507	22.805	24.13	25.422	26.752	28.057	29.394	30.727	32.048	33.3742
295.6	0	5.4973	8.2244	10.151	11.781	13.283	14.695	16.085	17.435	18.776	20.084	21.408	22.698	24.014	25.299	26.62	27.915	29.243	30.565	31.8765	33.1928
295.7	0	5.4797	8.1964	10.114	11.736	13.23	14.635	16.017	17.36	18.694	19.994	21.309	22.592	23.901	25.177	26.489	27.775	29.094	30.405	31.7075	33.0142
295.8	0	5.4623	8.1686	10.077	11.691	13.178	14.576	15.95	17.286	18.612	19.905	21.212	22.487	23.788	25.056	26.36	27.637	28.947	30.248	31.5415	32.8389
295.9	0	5.4452	8.1411	10.041	11.647	13.126	14.517	15.884	17.212	18.531	19.817	21.117	22.384	23.677	24.938	26.232	27.501	28.802	30.093	31.378	32.6664
296	0	5.4282	8.1139	10.006	11.604	13.075	14.459	15.819	17.14	18.452	19.73	21.022	22.283	23.568	24.82	26.106	27.367	28.659	29.94	31.2165	32.4959
296.1	0	5.4114	8.0871	9.9704	11.561	13.025	14.401	15.754	17.068	18.373	19.644	20.928	22.182	23.459	24.705	25.982	27.234	28.518	29.789	31.057	32.3275
296.2	0	5.3947	8.0605	9.9355	11.518	12.975	14.344	15.69	16.998	18.295	19.559	20.836	22.083	23.352	24.59	25.86	27.103	28.379	29.641	30.9005	32.1624
296.3	0	5.3783	8.0341	9.9009	11.476	12.926	14.288	15.627	16.928	18.218	19.476	20.745	21.984	23.247	24.477	25.739	26.974	28.241	29.494	30.745	31.9982
296.4	0	5.362	8.0081	9.8667	11.434	12.877	14.233	15.564	16.858	18.142	19.393	20.654	21.887	23.142	24.366	25.619	26.847	28.106	29.35	30.5935	31.8387
296.5	0	5.3458	7.9823	9.8329	11.393	12.828	14.177	15.502	16.79	18.066	19.311	20.565	21.791	23.039	24.255	25.501	26.721	27.972	29.207	30.4425	31.6794
296.6	0	5.3298	7.9568	9.7994	11.352	12.78	14.123	15.441	16.722	17.992	19.23	20.477	21.697	22.937	24.146	25.385	26.597	27.84	29.066	30.2935	31.5221
296.7	0	5.314	7.9315	9.7662	11.312	12.733	14.069	15.38	16.655	17.918	19.15	20.39	21.603	22.836	24.039	25.269	26.474	27.709	28.927	30.147	31.3679
296.8	0	5.2983	7.9065	9.7334	11.272	12.686	14.016	15.32	16.589	17.845	19.07	20.304	21.51	22.737	23.932	25.155	26.353	27.58	28.79	30.0025	31.2157
296.9	0	5.2828	7.8818	9.7009	11.232	12.64	13.963	15.261	16.523	17.773	18.992	20.218	21.419	22.638	23.827	25.043	26.233	27.453	28.655	29.86	31.0656
297	0	5.2675	7.8572	9.6687	11.193	12.594	13.911	15.202	16.458	17.702	18.915	20.134	21.328	22.541	23.723	24.932	26.114	27.327	28.521	29.7185	30.9165
297.1	0	5.2523	7.833	9.6368	11.154	12.548	13.859	15.144	16.394	17.631	18.838	20.051	21.239	22.445	23.621	24.822	25.997	27.202	28.389	29.579	30.7696
297.2	0	5.2373	7.8089	9.6052	11.115	12.504	13.808	15.086	16.33	17.561	18.762	19.969	21.15	22.35	23.519	24.713	25.882	27.08	28.259	29.4425	30.6261
297.3	0	5.2224	7.7851	9.574	11.077	12.459	13.757	15.029	16.267	17.492	18.687	19.887	21.062	22.256	23.419	24.606	25.768	26.958	28.13	29.306	30.4822
297.4	0	5.2077	7.7615	9.543	11.04	12.415	13.707	14.973	16.204	17.423	18.613	19.807	20.976	22.163	23.319	24.5	25.655	26.838	28.003	29.172	30.3412
297.5	0	5.1931	7.7382	9.5124	11.002	12.371	13.658	14.917	16.143	17.355	18.539	19.727	20.89	22.071	23.221	24.395	25.544	26.72	27.877	29.0395	30.2017
297.6	0	5.1787	7.715	9.482	10.965	12.328	13.608	14.861	16.081	17.288	18.466	19.648	20.806	21.98	23.124	24.291	25.433	26.603	27.753	28.909	30.0646
297.7	0	5.1644	7.6921	9.452	10.929	12.285	13.56	14.807	16.021	17.221	18.394	19.57	20.722	21.89	23.028	24.189	25.324	26.487	27.63	28.779	29.9276
297.8	0	5.1503	7.6694	9.4222	10.893	12.243	13.512	14.753	15.961	17.155	18.323	19.493	20.639	21.801	22.933	24.087	25.217	26.373	27.509	28.652	29.7942
297.9	0	5.1362	7.6469	9.3927	10.857	12.201	13.464	14.699	15.902	17.09	18.252	19.416	20.557	21.713	22.839	23.987	25.11	26.259	27.389	28.525	29.6605
298	0	5.1224	7.6246	9.3635	10.821	12.159	13.417	14.646	15.843	17.025	18.182	19.341	20.476	21.625	22.746	23.888	25.005	26.147	27.27	28.3995	29.5283
298.1	0	5.1086	7.6025	9.3346	10.786	12.118	13.37	14.593	15.785	16.961	18.112	19.266	20.395	21.539	22.654	23.79	24.901	26.037	27.153	28.2765	29.399
298.2	0	5.095	7.5806	9.306	10.751	12.077	13.324	14.541	15.727	16.898	18.044	19.192	20.316	21.454	22.563	23.692	24.798	25.927	27.037	28.1545	29.2709
298.3	0	5.0815	7.5589	9.2776	10.717	12.037	13.278	14.49	15.67	16.835	17.976	19.118	20.237	21.369	22.473	23.596	24.696	25.819	26.923	28.0345	29.1449
298.4	0	5.0682	7.5374	9.2495	10.682	11.997	13.233	14.439	15.613	16.773	17.908	19.045	20.159	21.286	22.384	23.501	24.595	25.712	26.81	27.9155	29.0199
298.5	0	5.0549	7.5161	9.2217	10.648	11.957	13.187	14.388	15.558	16.712	17.842	18.973	20.082	21.203	22.296	23.407	24.496	25.606	26.698	27.7975	28.8958
298.6	0	5.0418	7.4951	9.1941	10.615	11.918	13.143	14.338	15.502	16.651	17.776	18.902	20.005	21.121	22.209	23.314	24.397	25.502	26.587	27.681	28.7734
298.7	0	5.0288	7.4742	9.1667	10.581	11.879	13.099	14.288	15.447	16.59	17.71	18.831	19.929	21.039	22.122	23.222	24.299	25.398	26.477	27.565	28.6514
298.8	0	5.0159	7.4534	9.1397	10.548	11.84	13.055	14.239	15.393	16.531	17.645	18.761	19.854	20.959	22.037	23.131	24.203	25.295	26.369	27.451	28.5316
298.9	0	5.0031	7.4329	9.1128	10.516	11.802	13.011	14.19	15.339	16.471	17.581	18.692	19.78	20.879	21.952	23.04	24.107	25.194	26.262	27.339	28.4143
299	0	4.9904	7.4125	9.0862	10.483	11.764	12.968	14.142	15.286	16.413	17.517	18.623	19.706	20.8	21.868	22.951	24.012	25.094	26.156	27.2275	28.2972
299.1	0	4.9779	7.3924	9.0598	10.451	11.726	12.925	14.094	15.233	16.355	17.454	18.555	19.633	20.722	21.785	22.863	23.919	24.995	26.051	27.117	28.181
299.2	0	4.9654	7.3723	9.0337	10.419	11.689	12.883	14.047	15.18	16.297	17.392	18.487	19.561	20.645	21.703	22.775	23.826	24.896	25.947	27.0075	28.0661
299.3	0	4.953	7.3525	9.0077	10.388	11.652	12.841	14	15.128	16.24	17.33	18.421	19.489	20.568	21.621	22.689	23.734	24.799	25.844	26.899	27.952
299.4	0	4.9408	7.3328	8.982	10.356	11.615	12.799	13.953	15.077	16.183	17.269	18.354	19.418	20.492	21.541	22.603	23.644	24.703	25.742	26.792	27.8396
299.5	0	4.9286	7.3133	8.9565	10.325	11.579	12.758	13.907	15.026	16.127	17.208	18.288	19.348	20.416	21.461	22.518	23.554	24.607	25.642	26.6865	27.729
299.6	0	4.9165	7.2939	8.9312	10.295	11.543	12.717	13.861	14.975	16.072	17.148	18.223	19.278	20.342	21.381	22.434	23.465	24.513	25.542	26.5815	27.6187
299.7	0	4.9045	7.2747	8.9062	10.264	11.507	12.677	13.815	14.925	16.017	17.088	18.159	19.209	20.268	21.303	22.35	23.376	24.42	25.444	26.479	27.5116
299.8	0	4.8926	7.2557	8.8813	10.234	11.472	12.636	13.77	14.876	15.963	17.029	18.095	19.141	20.194	21.225	22.268	23.289	24.327	25.346	26.3755	27.4027
299.9	0	4.8808	7.2368	8.8566	10.204	11.436	12.596	13.726	14.826	15.909	16.97	18.031	19.073	20.122	21.148	22.186	23.202	24.235	25.25	26.2745	27.297
300	0	4.8691	7.2181	8.8322	10.174	11.402	12.557	13.681	14.777	15.855	16.912	17.969	19.005	20.05	21.072	22.105	23.117	24.145	25.154	26.174	27.1915
300.1	0	4.8575	7.1995	8.8079	10.145	11.367	12.518	13.637	14.729	15.802	16.855	17.906	18.939	19.978	20.996	22.025	23.032	24.055	25.06	26.075	27.0878
300.2	0	4.8459	7.181	8.7838	10.115	11.333	12.479	13.594	14.681	15.749	16.798	17.845	18.872	19.908	20.921	21.945	22.948	23.966	24.966	25.9765	26.9846
300.3	0	4.8345	7.1628	8.76	10.086	11.299	12.44	13.551	14.633	15.697	16.741	17.783	18.807	19.837	20.846	21.866	22.864	23.877	24.873	25.8785	26.8819
300.4	0	4.8231	7.1446	8.7363	10.058	11.265	12.402	13.508	14.586	15.646	16.685	17.723	18.742	19.768	20.773	21.788	22.782	23.79	24.781	25.792	26.7915
300.5	0	4.8118	7.1266	8.7127	10.029	11.232	12.364	13.465	14.539	15.594	16.63	17.663	18.677	19.699	20.7	21.71	22.7	23.703	24.69	25.696	26.691
300.6	0	4.8007	7.1088	8.6894	10.001	11.199	12.326	13.423	14.493	15.544	16.575	17.603	18.613	19.63	20.627	21.633	22.619	23.617	24.6	25.601	26.5915
300.7	0	4.7896	7.0911	8.6662	9.9726	11.166	12.289	13.381	14.447	15.493	16.52	17.544	18.55	19.563	20.555	21.557	22.538	23.532	24.51	25.507	26.493
300.8	0	4.7786	7.0735	8.6432	9.9447	11.134	12.252	13.34	14.401	15.443	16.466	17.486	18.487	19.495	20.484	21.482	22.458	23.448	24.422	25.413	26.395
300.9	0	4.7676	7.056	8.6204	9.917	11.101	12.215	13.298	14.356	15.394	16.412	17.428	18.425	19.429	20.413	21.407	22.379	23.365	24.334	25.321	26.2985
301	0	4.7568	7.0387	8.5978	9.8896	11.069	12.179	13.257	14.311	15.345	16.359	17.37	18.363	19.362	20.343	21.333	22.301	23.282	24.247	25.229	26.202
301.1	0	4.746	7.0216	8.5753	9.8623	11.037	12.143	13.217	14.266	15.296	16.306	17.313	18.302	19.297	20.274	21.259	22.223	23.2	24.161	25.139	26.108
301.2	0	4.7354	7.0045	8.553	9.8353	11.006	12.107	13.177	14.222	15.247	16.254	17.257	18.242	19.232	20.205	21.186	22.146	23.118	24.075	25.049	26.0135
301.3	0	4.7248	6.9876	8.5309	9.8084	10.975	12.071	13.137	14.178	15.199	16.202	17.201	18.182	19.167	20.136	21.114	22.07	23.038	23.99	24.96	25.92
301.4	0	4.7143	6.9708	8.5089	9.7818	10.943	12.036	13.097	14.134	15.151	16.15	17.145	18.122	19.104	20.069	21.042	21.995	22.958	23.906	24.872	25.8275
301.5	0	4.7038	6.9542	8.4871	9.7553	10.913	12.001	13.058	14.091	15.104	16.099	17.09	18.063	19.04	20.001	20.971	21.92	22.879	23.823	24.784	25.7355
301.6	0	4.6935	6.9376	8.4655	9.729	10.882	11.966	13.019	14.048	15.057	16.048	17.035	18.005	18.978	19.935	20.9	21.845	22.8	23.741	24.697	25.645
301.7	0	4.6832	6.9212	8.444	9.703	10.852	11.932	12.98	14.005	15.011	15.998	16.981	17.947	18.915	19.869	20.83	21.771	22.722	23.659	24.611	25.555
301.8	0	4.673	6.9049	8.4227	9.6771	10.822	11.898	12.942	13.963	14.964	15.948	16.927	17.889	18.854	19.803	20.761	21.698	22.645	23.578	24.526	25.466
301.9	0	4.6628	6.8888	8.4015	9.6515	10.792	11.864	12.904	13.921	14.919	15.898	16.874	17.832	18.793	19.738	20.692	21.626	22.569	23.497	24.441	25.3765
302	0	4.6527	6.8727	8.3805	9.626	10.762	11.83	12.866	13.879	14.873	15.849	16.821	17.775	18.732	19.674	20.624	21.554	22.493	23.417	24.357	25.2885
302.1	0	4.6427	6.8568	8.3596	9.6007	10.733	11.797	12.829	13.838	14.828	15.8	16.768	17.719	18.672	19.61	20.556	21.482	22.418	23.338	24.274	25.202
302.2	0	4.6328	6.8409	8.3388	9.5756	10.703	11.764	12.792	13.797	14.783	15.752	16.716	17.663	18.612	19.547	20.489	21.412	22.343	23.26	24.192	25.116
302.3	0	4.6229	6.8252	8.3183	9.5507	10.674	11.731	12.755	13.756	14.739	15.704	16.664	17.608	18.553	19.484	20.422	21.341	22.269	23.182	24.11	25.0305
302.4	0	4.6131	6.8096	8.2978	9.526	10.646	11.698	12.718	13.716	14.695	15.656	16.612	17.553	18.495	19.421	20.356	21.272	22.196	23.105	24.028	24.9445
302.5	0	4.6034	6.794	8.2775	9.5015	10.617	11.665	12.682	13.676	14.651	15.609	16.561	17.498	18.436	19.359	20.29	21.203	22.123	23.028	23.948	24.8605
302.6	0	4.5937	6.7786	8.2574	9.4771	10.589	11.633	12.646	13.636	14.608	15.562	16.511	17.444	18.379	19.298	20.225	21.134	22.05	22.952	23.868	24.777
302.7	0	4.5841	6.7633	8.2373	9.4529	10.56	11.601	12.61	13.597	14.564	15.515	16.46	17.39	18.321	19.237	20.16	21.066	21.979	22.877	23.789	24.6945
302.8	0	4.5745	6.748	8.2175	9.4289	10.532	11.569	12.575	13.558	14.522	15.469	16.411	17.337	18.264	19.177	20.096	20.998	21.908	22.802	23.71	24.612
302.9	0	4.5651	6.7329	8.1977	9.405	10.505	11.538	12.54	13.519	14.479	15.423	16.361	17.284	18.208	19.117	20.032	20.931	21.837	22.728	23.632	24.5305
303	0	4.5556	6.7179	8.1782	9.3814	10.477	11.507	12.505	13.48	14.437	15.377	16.312	17.231	18.152	19.057	19.969	20.864	21.767	22.654	23.555	24.45
303.1	0	4.5463	6.7029	8.1587	9.3578	10.45	11.475	12.47	13.442	14.395	15.332	16.263	17.179	18.096	18.998	19.906	20.798	21.697	22.581	23.478	24.3695
303.2	0	4.5369	6.6881	8.1394	9.3345	10.422	11.445	12.435	13.404	14.354	15.287	16.214	17.127	18.041	18.939	19.844	20.732	21.628	22.509	23.402	24.2905
303.3	0	4.5277	6.6733	8.1202	9.3113	10.395	11.414	12.401	13.366	14.313	15.242	16.166	17.076	17.986	18.881	19.782	20.667	21.56	22.437	23.326	24.211
303.4	0	4.5185	6.6587	8.1011	9.2882	10.369	11.383	12.367	13.329	14.272	15.198	16.118	17.025	17.932	18.823	19.721	20.603	21.492	22.366	23.251	24.1325
303.5	0	4.5094	6.6441	8.0822	9.2654	10.342	11.353	12.333	13.292	14.231	15.154	16.071	16.974	17.878	18.766	19.66	20.538	21.424	22.295	23.177	24.0555
303.6	0	4.5003	6.6297	8.0634	9.2426	10.315	11.323	12.3	13.255	14.191	15.11	16.024	16.924	17.824	18.709	19.599	20.475	21.357	22.225	23.103	23.978
303.7	0	4.4912	6.6153	8.0447	9.2201	10.289	11.293	12.266	13.218	14.151	15.067	15.977	16.874	17.771	18.653	19.539	20.411	21.29	22.155	23.03	23.902
303.8	0	4.4823	6.601	8.0262	9.1976	10.263	11.264	12.233	13.182	14.111	15.024	15.931	16.824	17.718	18.597	19.48	20.348	21.224	22.086	22.957	23.826
303.9	0	4.4733	6.5868	8.0077	9.1753	10.237	11.234	12.2	13.145	14.071	14.981	15.884	16.774	17.665	18.541	19.421	20.286	21.158	22.017	22.885	23.7505
304	0	4.4645	6.5727	7.9894	9.1532	10.211	11.205	12.168	13.109	14.032	14.939	15.839	16.725	17.613	18.486	19.362	20.224	21.093	21.948	22.814	23.676
304.1	0	4.4557	6.5587	7.9712	9.1312	10.186	11.176	12.135	13.074	13.993	14.897	15.793	16.677	17.561	18.431	19.304	20.163	21.028	21.881	22.743	23.602
304.2	0	4.4469	6.5447	7.9531	9.1094	10.16	11.147	12.103	13.038	13.954	14.855	15.748	16.628	17.509	18.376	19.246	20.102	20.964	21.813	22.672	23.5275
304.3	0	4.4382	6.5309	7.9351	9.0877	10.135	11.118	12.071	13.003	13.916	14.813	15.703	16.58	17.458	18.322	19.189	20.042	20.9	21.747	22.603	23.4555
304.4	0	4.4296	6.5171	7.9172	9.0661	10.11	11.09	12.039	12.968	13.878	14.772	15.658	16.533	17.407	18.268	19.132	19.982	20.837	21.68	22.533	23.382
304.5	0	4.421	6.5034	7.8995	9.0447	10.085	11.062	12.008	12.933	13.84	14.731	15.614	16.485	17.357	18.215	19.076	19.922	20.774	21.615	22.464	23.3105
304.6	0	4.4124	6.4898	7.8818	9.0234	10.06	11.034	11.976	12.899	13.802	14.69	15.57	16.438	17.307	18.162	19.02	19.863	20.712	21.549	22.396	23.239
304.7	0	4.4039	6.4763	7.8642	9.0023	10.035	11.006	11.945	12.864	13.764	14.649	15.527	16.392	17.257	18.109	18.964	19.805	20.65	21.485	22.328	23.168
304.8	0	4.3955	6.4628	7.8468	8.9813	10.011	10.978	11.914	12.83	13.727	14.609	15.483	16.346	17.208	18.057	18.909	19.746	20.588	21.42	22.261	23.098
304.9	0	4.3871	6.4495	7.8294	8.9604	9.9867	10.951	11.884	12.796	13.69	14.569	15.44	16.299	17.159	18.005	18.854	19.689	20.528	21.356	22.194	23.0275
305	0	4.3787	6.4362	7.8121	8.9396	9.9625	10.923	11.853	12.763	13.653	14.529	15.397	16.254	17.11	17.954	18.8	19.631	20.467	21.293	22.128	22.959
305.1	0	4.3704	6.423	7.795	8.919	9.9386	10.896	11.823	12.729	13.617	14.49	15.355	16.208	17.061	17.902	18.745	19.574	20.407	21.23	22.062	22.89
305.2	0	4.3622	6.4099	7.7779	8.8985	9.9148	10.869	11.793	12.696	13.58	14.45	15.313	16.163	17.013	17.851	18.692	19.518	20.347	21.167	21.996	22.8205
305.3	0	4.354	6.3968	7.7609	8.8782	9.8911	10.842	11.763	12.663	13.544	14.411	15.271	16.119	16.966	17.801	18.638	19.461	20.288	21.105	21.931	22.753
305.4	0	4.3458	6.3839	7.744	8.8579	9.8676	10.816	11.733	12.63	13.508	14.373	15.229	16.074	16.918	17.751	18.585	19.406	20.23	21.044	21.867	22.686
305.5	0	4.3377	6.371	7.7273	8.8378	9.8442	10.789	11.703	12.598	13.473	14.334	15.188	16.03	16.871	17.701	18.532	19.35	20.171	20.982	21.803	22.619
305.6	0	4.3296	6.3582	7.7106	8.8178	9.821	10.763	11.674	12.565	13.437	14.296	15.147	15.986	16.824	17.651	18.48	19.295	20.113	20.922	21.739	22.5525
305.7	0	4.3216	6.3454	7.694	8.7979	9.798	10.737	11.645	12.533	13.402	14.258	15.106	15.943	16.778	17.602	18.428	19.241	20.056	20.861	21.676	22.486
305.8	0	4.3136	6.3328	7.6776	8.7781	9.7751	10.711	11.616	12.501	13.367	14.22	15.065	15.899	16.732	17.553	18.376	19.186	19.999	20.801	21.613	22.4205
305.9	0	4.3056	6.3202	7.6612	8.7585	9.7523	10.685	11.587	12.47	13.332	14.183	15.025	15.856	16.686	17.504	18.325	19.132	19.942	20.742	21.55	22.355
306	0	4.2977	6.3077	7.645	8.739	9.7297	10.659	11.558	12.438	13.298	14.145	14.985	15.814	16.64	17.456	18.274	19.079	19.886	20.683	21.488	22.29
306.1	0	4.2899	6.2953	7.6288	8.7196	9.7072	10.634	11.53	12.407	13.264	14.108	14.945	15.771	16.595	17.408	18.223	19.025	19.83	20.624	21.427	22.2265
306.2	0	4.282	6.2829	7.6128	8.7003	9.6849	10.608	11.502	12.376	13.23	14.071	14.906	15.729	16.55	17.361	18.173	18.972	19.774	20.566	21.366	22.163
306.3	0	4.2743	6.2706	7.5968	8.6811	9.6627	10.583	11.474	12.345	13.196	14.035	14.866	15.687	16.506	17.313	18.123	18.92	19.719	20.508	21.305	22.099
306.4	0	4.2665	6.2584	7.581	8.662	9.6406	10.558	11.446	12.314	13.162	13.999	14.827	15.646	16.461	17.266	18.073	18.868	19.664	20.45	21.244	22.035
306.5	0	4.2588	6.2463	7.5652	8.6431	9.6186	10.533	11.418	12.284	13.129	13.962	14.789	15.604	16.417	17.22	18.024	18.816	19.609	20.393	21.185	21.9735
306.6	0	4.2512	6.2342	7.5496	8.6242	9.5967	10.508	11.39	12.253	13.096	13.927	14.75	15.563	16.374	17.174	17.975	18.764	19.555	20.337	21.125	21.9115
306.7	0	4.2435	6.2222	7.5341	8.6054	9.575	10.484	11.363	12.223	13.063	13.891	14.712	15.522	16.33	17.128	17.926	18.713	19.502	20.281	21.066	21.85
306.8	0	4.236	6.2102	7.5186	8.5868	9.5534	10.459	11.336	12.193	13.031	13.856	14.674	15.482	16.287	17.082	17.878	18.662	19.448	20.225	21.008	21.7895
306.9	0	4.2284	6.1984	7.5033	8.5683	9.5319	10.435	11.309	12.163	12.998	13.821	14.636	15.441	16.245	17.037	17.83	18.612	19.395	20.169	20.949	21.7275
307	0	4.2209	6.1866	7.488	8.5498	9.5105	10.411	11.282	12.134	12.966	13.786	14.598	15.401	16.202	16.992	17.782	18.562	19.343	20.114	20.892	21.668
307.1	0	4.2135	6.1748	7.4728	8.5315	9.4893	10.387	11.255	12.104	12.934	13.751	14.561	15.362	16.16	16.947	17.735	18.512	19.291	20.059	20.834	21.6075
307.2	0	4.2061	6.1632	7.4577	8.5133	9.4682	10.363	11.229	12.075	12.902	13.717	14.524	15.322	16.118	16.903	17.688	18.462	19.239	20.005	20.778	21.5495
307.3	0	4.1987	6.1516	7.4427	8.4952	9.4472	10.34	11.202	12.046	12.871	13.683	14.487	15.283	16.076	16.859	17.641	18.413	19.187	19.951	20.721	21.49
307.4	0	4.1914	6.14	7.4278	8.4772	9.4264	10.316	11.176	12.017	12.839	13.649	14.451	15.244	16.035	16.815	17.595	18.365	19.136	19.898	20.665	21.4315
307.5	0	4.1841	6.1285	7.413	8.4593	9.4057	10.293	11.15	11.989	12.808	13.615	14.415	15.206	15.994	16.771	17.549	18.316	19.085	19.845	20.609	21.3735
307.6	0	4.1769	6.1171	7.3983	8.4416	9.3851	10.27	11.124	11.96	12.777	13.582	14.379	15.167	15.953	16.728	17.503	18.268	19.035	19.792	20.554	21.316
307.7	0	4.1697	6.1058	7.3836	8.4239	9.3647	10.247	11.098	11.932	12.746	13.549	14.343	15.129	15.912	16.685	17.458	18.221	18.985	19.74	20.499	21.2585
307.8	0	4.1625	6.0945	7.369	8.4064	9.3444	10.224	11.073	11.904	12.716	13.516	14.308	15.091	15.872	16.643	17.413	18.173	18.935	19.688	20.445	21.2025
307.9	0	4.1554	6.0833	7.3546	8.389	9.3243	10.201	11.048	11.876	12.686	13.483	14.273	15.054	15.832	16.601	17.368	18.126	18.886	19.636	20.391	21.146
308	0	4.1483	6.0722	7.3402	8.3717	9.3043	10.178	11.022	11.849	12.655	13.451	14.238	15.016	15.793	16.559	17.324	18.08	18.837	19.585	20.337	21.0895
308.1	0	4.1413	6.0611	7.3259	8.3546	9.2845	10.156	10.998	11.821	12.626	13.419	14.203	14.979	15.753	16.517	17.28	18.033	18.788	19.534	20.284	21.0345
308.2	0	4.1343	6.0501	7.3118	8.3376	9.2648	10.134	10.973	11.794	12.596	13.387	14.169	14.943	15.714	16.476	17.236	17.987	18.74	19.483	20.231	20.979
308.3	0	4.1274	6.0392	7.2977	8.3207	9.2452	10.112	10.948	11.767	12.567	13.355	14.135	14.906	15.675	16.435	17.193	17.942	18.692	19.433	20.179	20.9245
308.4	0	4.1205	6.0283	7.2837	8.3039	9.2258	10.09	10.924	11.74	12.537	13.323	14.101	14.87	15.637	16.394	17.15	17.897	18.644	19.384	20.127	20.8705
308.5	0	4.1137	6.0175	7.2698	8.2873	9.2065	10.068	10.9	11.713	12.508	13.292	14.067	14.834	15.599	16.354	17.107	17.852	18.597	19.334	20.075	20.816
308.6	0	4.1069	6.0068	7.2561	8.2708	9.1874	10.047	10.876	11.687	12.48	13.261	14.034	14.799	15.561	16.314	17.065	17.807	18.55	19.285	20.024	20.763
308.7	0	4.1001	5.9962	7.2424	8.2545	9.1685	10.026	10.852	11.661	12.451	13.231	14.001	14.764	15.523	16.274	17.023	17.763	18.504	19.237	19.973	20.71
308.8	0	4.0934	5.9856	7.2289	8.2382	9.1497	10.004	10.828	11.635	12.423	13.2	13.968	14.729	15.486	16.235	16.982	17.72	18.458	19.189	19.923	20.6575
308.9	0	4.0867	5.9752	7.2154	8.2221	9.131	9.9833	10.805	11.609	12.395	13.17	13.936	14.694	15.449	16.196	16.94	17.676	18.412	19.141	19.873	20.6055
309	0	4.0801	5.9648	7.2021	8.2061	9.1125	9.9624	10.782	11.584	12.367	13.14	13.904	14.66	15.413	16.157	16.9	17.633	18.367	19.094	19.824	20.5545
309.1	0	4.0736	5.9545	7.1889	8.1902	9.0941	9.9417	10.759	11.558	12.34	13.11	13.872	14.626	15.377	16.119	16.859	17.591	18.322	19.047	19.775	20.503
309.2	0	4.067	5.9442	7.1758	8.1745	9.0759	9.9212	10.736	11.533	12.312	13.081	13.84	14.592	15.341	16.081	16.819	17.549	18.278	19.001	19.726	20.452
309.3	0	4.0606	5.9341	7.1627	8.1588	9.0578	9.9008	10.713	11.508	12.285	13.052	13.809	14.559	15.305	16.043	16.779	17.507	18.234	18.955	19.678	20.402
309.4	0	4.0542	5.9241	7.1498	8.1433	9.0399	9.8806	10.691	11.484	12.258	13.023	13.778	14.525	15.27	16.006	16.74	17.465	18.19	18.909	19.631	20.353
309.5	0	4.0478	5.9141	7.137	8.1279	9.0221	9.8606	10.668	11.459	12.232	12.994	13.747	14.493	15.235	15.969	16.701	17.424	18.147	18.864	19.584	20.304
309.6	0	4.0415	5.9042	7.1242	8.1126	9.0045	9.8407	10.646	11.435	12.205	12.965	13.717	14.46	15.2	15.932	16.662	17.384	18.104	18.819	19.537	20.2545
309.7	0	4.0352	5.8943	7.1116	8.0975	8.987	9.8209	10.624	11.411	12.179	12.937	13.686	14.428	15.165	15.895	16.623	17.343	18.062	18.775	19.49	20.206
