0	0	0.1	0.2	0.3	0.4	0.5	0.6	0.7	0.8	0.9	1	1.1	1.2	1.3	1.4	1.5
259.9	0	-0.030238	-0.08888	-0.14701	-0.20647	-0.26646	-0.32687	-0.38741	-0.44809	-0.50878	-0.56948	-0.62989	-0.68986	-0.74937	-0.8085	-0.86725
260	0.22596	0.19562	0.13675	0.078385	0.018703	-0.041509	-0.10215	-0.16291	-0.22379	-0.28469	-0.34558	-0.40621	-0.46639	-0.52611	-0.58543	-0.64438
260.1	0.4519	0.42145	0.36235	0.30374	0.24383	0.18338	0.12251	0.061534	0.00043128	-0.060669	-0.12176	-0.18259	-0.24298	-0.30291	-0.36244	-0.42159
260.2	0.67805	0.6475	0.58817	0.52931	0.46916	0.40847	0.34736	0.28616	0.22484	0.16354	0.10226	0.041223	-0.019388	-0.079529	-0.13926	-0.19861
260.3	0.90431	0.87365	0.81409	0.75498	0.69458	0.63364	0.57228	0.51085	0.44932	0.38782	0.32635	0.26511	0.20429	0.14394	0.084004	0.024454
260.4	1.1307	1.0999	1.0402	0.98082	0.92016	0.85896	0.79734	0.73568	0.67393	0.61223	0.55058	0.48915	0.42812	0.36755	0.30742	0.24767
260.5	1.3574	1.3265	1.2665	1.2069	1.146	1.0845	1.0226	0.96072	0.89876	0.83686	0.77503	0.71341	0.65217	0.59139	0.53106	0.47112
260.6	1.5839	1.5529	1.4927	1.4329	1.3717	1.31	1.2478	1.1857	1.1235	1.0614	0.99939	0.93759	0.87614	0.81516	0.75462	0.69449
260.7	1.8103	1.7792	1.7188	1.6587	1.5973	1.5353	1.4729	1.4105	1.3481	1.2858	1.2236	1.1616	1.1	1.0388	0.97804	0.91771
260.8	2.0368	2.0056	1.9451	1.8849	1.8232	1.7609	1.6982	1.6356	1.573	1.5105	1.4481	1.3859	1.3241	1.2627	1.2018	1.1412
260.9	2.2637	2.2324	2.1709	2.1097	2.0477	1.9852	1.9222	1.8593	1.7965	1.7338	1.6712	1.6089	1.5469	1.4853	1.4241	1.3634
261	2.4912	2.4598	2.3968	2.3342	2.272	2.2092	2.146	2.0828	2.0197	1.9568	1.8941	1.8316	1.7693	1.7075	1.6462	1.5853
261.1	2.719	2.6875	2.624	2.5609	2.4984	2.4354	2.3719	2.3084	2.2451	2.1821	2.1191	2.0564	1.994	1.932	1.8704	1.8094
261.2	2.9466	2.915	2.8514	2.7881	2.7254	2.6621	2.5984	2.5347	2.4711	2.4078	2.3447	2.2818	2.2192	2.157	2.0952	2.0339
261.3	3.1743	3.1426	3.0787	3.0152	2.9522	2.8887	2.8247	2.7607	2.6969	2.6334	2.5701	2.5071	2.4443	2.3818	2.3198	2.2583
261.4	3.4021	3.3703	3.3062	3.2424	3.1793	3.1155	3.0512	2.987	2.923	2.8593	2.7958	2.7325	2.6695	2.6069	2.5446	2.4829
261.5	3.6303	3.5983	3.534	3.4699	3.4066	3.3425	3.278	3.2136	3.1493	3.0853	3.0216	2.9582	2.895	2.8321	2.7697	2.7077
261.6	3.8585	3.8265	3.7619	3.6976	3.634	3.5697	3.505	3.4403	3.3757	3.3115	3.2476	3.184	3.1206	3.0575	2.9948	2.9327
261.7	4.0863	4.0541	3.9893	3.9247	3.8609	3.7964	3.7314	3.6665	3.6017	3.5373	3.4731	3.4093	3.3457	3.2824	3.2195	3.1572
261.8	4.3133	4.281	4.2159	4.1511	4.087	4.0223	3.9571	3.8919	3.8269	3.7622	3.6978	3.6338	3.57	3.5065	3.4434	3.3808
261.9	4.5399	4.5074	4.4421	4.377	4.3127	4.2477	4.1823	4.1169	4.0516	3.9867	3.922	3.8578	3.7938	3.7301	3.6668	3.6039
262	4.7664	4.7338	4.6682	4.6029	4.5383	4.4731	4.4075	4.3418	4.2763	4.2111	4.1462	4.0818	4.0176	3.9537	3.8901	3.8271
262.1	4.9932	4.9605	4.8946	4.8291	4.7642	4.6988	4.6329	4.567	4.5012	4.4358	4.3707	4.306	4.2416	4.1775	4.1137	4.0505
262.2	5.2204	5.1876	5.1214	5.0556	4.9905	4.9248	4.8587	4.7926	4.7265	4.6608	4.5955	4.5306	4.466	4.4017	4.3377	4.2742
262.3	5.4479	5.4149	5.3485	5.2824	5.217	5.1511	5.0848	5.0184	4.9521	4.8861	4.8205	4.7554	4.6906	4.6261	4.5619	4.4982
262.4	5.6755	5.6424	5.5757	5.5094	5.4438	5.3776	5.311	5.2444	5.1778	5.1116	5.0457	4.9803	4.9153	4.8506	4.7862	4.7223
262.5	5.9036	5.8703	5.8034	5.7368	5.6709	5.6045	5.5377	5.4708	5.4039	5.3375	5.2714	5.2057	5.1405	5.0756	5.011	4.9469
262.6	6.1323	6.0989	6.0317	5.9648	5.8987	5.8321	5.765	5.6978	5.6307	5.5639	5.4976	5.4317	5.3662	5.3011	5.2364	5.172
262.7	6.3615	6.328	6.2605	6.1934	6.127	6.0601	5.9928	5.9254	5.858	5.791	5.7243	5.6582	5.5925	5.5272	5.4622	5.3976
262.8	6.5911	6.5575	6.4898	6.4224	6.3557	6.2886	6.221	6.1534	6.0857	6.0184	5.9515	5.8851	5.8191	5.7536	5.6884	5.6237
262.9	6.8208	6.787	6.7191	6.6514	6.5845	6.5171	6.4493	6.3814	6.3135	6.2459	6.1788	6.1121	6.0459	5.9801	5.9147	5.8498
263	7.0502	7.0163	6.9482	6.8802	6.813	6.7454	6.6773	6.6092	6.541	6.4731	6.4057	6.3387	6.2723	6.2063	6.1407	6.0755
263.1	7.2793	7.2453	7.1769	7.1087	7.0412	6.9733	6.905	6.8366	6.7681	6.7	6.6323	6.5651	6.4983	6.4321	6.3663	6.301
263.2	7.5081	7.474	7.4053	7.3368	7.2691	7.2008	7.1323	7.0636	6.9949	6.9265	6.8586	6.7911	6.7241	6.6576	6.5916	6.526
263.3	7.7365	7.7023	7.6333	7.5645	7.4964	7.4279	7.3591	7.2902	7.2213	7.1526	7.0844	7.0166	6.9493	6.8826	6.8164	6.7506
263.4	7.9647	7.9304	7.8611	7.7921	7.7237	7.6549	7.5858	7.5166	7.4474	7.3785	7.31	7.242	7.1744	7.1074	7.0409	6.975
263.5	8.1932	8.1587	8.0892	8.0198	7.9512	7.8821	7.8127	7.7432	7.6738	7.6046	7.5358	7.4675	7.3997	7.3324	7.2657	7.1995
263.6	8.4217	8.3871	8.3174	8.2477	8.1787	8.1093	8.0396	7.9699	7.9002	7.8307	7.7617	7.6931	7.625	7.5575	7.4906	7.4242
263.7	8.6504	8.6157	8.5456	8.4756	8.4063	8.3366	8.2666	8.1966	8.1266	8.0569	7.9877	7.9188	7.8504	7.7826	7.7155	7.6488
263.8	8.8793	8.8444	8.774	8.7037	8.6341	8.564	8.4938	8.4235	8.3533	8.2833	8.2138	8.1446	8.076	8.0079	7.9405	7.8737
263.9	9.1084	9.0734	9.0027	8.9321	8.8621	8.7917	8.7211	8.6506	8.5801	8.5099	8.4401	8.3707	8.3017	8.2334	8.1658	8.0987
264	9.3379	9.3027	9.2317	9.1607	9.0904	9.0197	8.9488	8.878	8.8073	8.7368	8.6667	8.597	8.5278	8.4592	8.3913	8.324
264.1	9.5677	9.5323	9.461	9.3897	9.3191	9.2481	9.1769	9.1058	9.0347	8.964	8.8936	8.8237	8.7542	8.6854	8.6172	8.5497
264.2	9.7976	9.7621	9.6904	9.6188	9.5479	9.4765	9.4049	9.3336	9.2623	9.1912	9.1205	9.0504	8.9806	8.9115	8.8431	8.7754
264.3	10.027	9.9916	9.9196	9.8477	9.7764	9.7047	9.6328	9.5611	9.4896	9.4183	9.3473	9.2769	9.2069	9.1375	9.0689	9.0008
264.4	10.257	10.221	10.149	10.076	10.005	9.9328	9.8606	9.7886	9.7168	9.6452	9.574	9.5033	9.4331	9.3634	9.2945	9.2262
264.5	10.487	10.451	10.378	10.305	10.233	10.161	10.088	10.016	9.944	9.8721	9.8006	9.7296	9.6592	9.5893	9.5201	9.4515
264.6	10.716	10.68	10.607	10.534	10.462	10.389	10.316	10.244	10.171	10.099	10.027	9.9562	9.8855	9.8153	9.7458	9.677
264.7	10.946	10.91	10.837	10.763	10.691	10.618	10.545	10.472	10.399	10.326	10.254	10.183	10.112	10.042	9.9718	9.9027
264.8	11.176	11.14	11.066	10.992	10.92	10.846	10.773	10.7	10.627	10.554	10.481	10.41	10.338	10.268	10.198	10.128
264.9	11.407	11.37	11.296	11.222	11.149	11.075	11.001	10.928	10.854	10.781	10.709	10.637	10.565	10.494	10.424	10.354
265	11.638	11.601	11.526	11.452	11.378	11.304	11.23	11.156	11.083	11.009	10.937	10.864	10.792	10.721	10.651	10.581
265.1	11.868	11.831	11.756	11.682	11.608	11.534	11.459	11.385	11.311	11.238	11.164	11.092	11.02	10.948	10.878	10.807
265.2	12.099	12.062	11.987	11.912	11.838	11.763	11.689	11.614	11.54	11.466	11.392	11.32	11.247	11.176	11.105	11.034
265.3	12.331	12.293	12.218	12.142	12.068	11.993	11.918	11.843	11.768	11.694	11.621	11.547	11.475	11.403	11.332	11.261
265.4	12.561	12.524	12.448	12.373	12.298	12.223	12.147	12.072	11.997	11.923	11.849	11.775	11.702	11.63	11.558	11.487
265.5	12.792	12.754	12.678	12.602	12.527	12.452	12.376	12.3	12.225	12.151	12.076	12.003	11.929	11.857	11.785	11.714
265.6	13.023	12.985	12.909	12.832	12.757	12.681	12.605	12.529	12.454	12.379	12.304	12.23	12.157	12.084	12.012	11.94
265.7	13.253	13.215	13.139	13.062	12.986	12.91	12.834	12.757	12.682	12.606	12.531	12.457	12.384	12.311	12.238	12.166
265.8	13.484	13.446	13.369	13.292	13.216	13.139	13.062	12.986	12.91	12.834	12.759	12.684	12.61	12.537	12.464	12.392
265.9	13.715	13.676	13.599	13.522	13.445	13.368	13.291	13.214	13.138	13.062	12.987	12.912	12.837	12.764	12.691	12.619
266	13.946	13.907	13.829	13.752	13.675	13.598	13.52	13.443	13.366	13.29	13.214	13.139	13.065	12.991	12.918	12.845
266.1	14.177	14.138	14.06	13.982	13.905	13.828	13.75	13.672	13.595	13.519	13.442	13.367	13.292	13.218	13.145	13.072
266.2	14.408	14.369	14.291	14.213	14.135	14.058	13.979	13.902	13.824	13.747	13.671	13.595	13.52	13.446	13.372	13.299
266.3	14.64	14.601	14.522	14.444	14.366	14.288	14.209	14.131	14.053	13.976	13.899	13.823	13.748	13.673	13.599	13.526
266.4	14.872	14.833	14.754	14.675	14.597	14.518	14.44	14.361	14.283	14.205	14.128	14.052	13.976	13.901	13.827	13.753
266.5	15.105	15.066	14.986	14.907	14.828	14.75	14.67	14.592	14.513	14.435	14.358	14.281	14.205	14.13	14.055	13.981
266.6	15.338	15.298	15.219	15.139	15.06	14.981	14.902	14.822	14.743	14.665	14.587	14.51	14.434	14.359	14.284	14.209
266.7	15.571	15.531	15.451	15.371	15.292	15.212	15.132	15.053	14.973	14.895	14.817	14.739	14.663	14.587	14.512	14.437
266.8	15.803	15.763	15.683	15.602	15.523	15.443	15.363	15.283	15.203	15.124	15.046	14.968	14.891	14.815	14.74	14.665
266.9	16.036	15.996	15.915	15.834	15.754	15.674	15.594	15.513	15.433	15.354	15.275	15.197	15.12	15.044	14.968	14.893
267	16.269	16.229	16.147	16.066	15.985	15.904	15.823	15.742	15.662	15.582	15.503	15.425	15.347	15.27	15.194	15.119
267.1	16.502	16.462	16.38	16.298	16.216	16.134	16.052	15.971	15.891	15.81	15.731	15.652	15.574	15.497	15.421	15.345
267.2	16.735	16.694	16.612	16.53	16.448	16.365	16.283	16.202	16.121	16.04	15.96	15.881	15.803	15.726	15.649	15.573
267.3	16.968	16.927	16.844	16.762	16.679	16.596	16.513	16.432	16.35	16.269	16.189	16.11	16.031	15.953	15.876	15.8
267.4	17.2	17.159	17.076	16.993	16.91	16.826	16.744	16.661	16.58	16.498	16.418	16.338	16.259	16.181	16.103	16.027
267.5	17.434	17.392	17.309	17.225	17.141	17.057	16.974	16.892	16.809	16.728	16.647	16.567	16.487	16.409	16.331	16.254
267.6	17.667	17.626	17.542	17.458	17.374	17.289	17.206	17.123	17.04	16.958	16.876	16.796	16.716	16.637	16.559	16.482
267.7	17.901	17.859	17.775	17.691	17.606	17.521	17.437	17.354	17.27	17.188	17.106	17.025	16.945	16.866	16.787	16.71
267.8	18.135	18.093	18.008	17.924	17.838	17.753	17.669	17.585	17.501	17.418	17.336	17.255	17.174	17.095	17.016	16.938
267.9	18.37	18.327	18.242	18.157	18.071	17.985	17.9	17.816	17.732	17.649	17.566	17.484	17.404	17.323	17.244	17.166
268	18.604	18.562	18.476	18.39	18.304	18.218	18.132	18.047	17.963	17.879	17.796	17.714	17.633	17.553	17.473	17.394
268.1	18.839	18.796	18.71	18.624	18.537	18.451	18.365	18.279	18.195	18.11	18.027	17.945	17.863	17.782	17.702	17.623
268.2	19.074	19.031	18.945	18.858	18.771	18.684	18.597	18.512	18.426	18.342	18.258	18.175	18.093	18.012	17.931	17.852
268.3	19.31	19.266	19.179	19.092	19.005	18.917	18.83	18.744	18.658	18.573	18.489	18.406	18.323	18.241	18.161	18.081
268.4	19.545	19.501	19.414	19.326	19.238	19.15	19.063	18.976	18.89	18.804	18.72	18.636	18.553	18.471	18.39	18.31
268.5	19.779	19.736	19.648	19.56	19.471	19.382	19.295	19.207	19.121	19.035	18.95	18.866	18.783	18.7	18.619	18.538
268.6	20.014	19.97	19.882	19.793	19.704	19.615	19.527	19.439	19.352	19.266	19.18	19.096	19.012	18.929	18.847	18.767
268.7	20.249	20.205	20.116	20.027	19.937	19.847	19.759	19.671	19.583	19.496	19.411	19.326	19.242	19.158	19.076	18.995
268.8	20.484	20.44	20.35	20.261	20.171	20.08	19.991	19.903	19.815	19.727	19.641	19.556	19.471	19.388	19.305	19.224
268.9	20.719	20.675	20.585	20.495	20.405	20.314	20.224	20.135	20.047	19.959	19.872	19.787	19.702	19.618	19.535	19.453
269	20.956	20.911	20.821	20.73	20.639	20.548	20.458	20.368	20.279	20.191	20.104	20.018	19.933	19.848	19.765	19.683
269.1	21.192	21.147	21.056	20.965	20.874	20.782	20.691	20.601	20.512	20.423	20.336	20.249	20.163	20.079	19.995	19.912
269.2	21.428	21.383	21.292	21.2	21.108	21.016	20.925	20.834	20.744	20.655	20.567	20.48	20.394	20.309	20.225	20.142
269.3	21.665	21.619	21.528	21.436	21.343	21.25	21.158	21.067	20.977	20.888	20.799	20.712	20.625	20.54	20.455	20.372
269.4	21.902	21.856	21.764	21.671	21.578	21.485	21.393	21.301	21.21	21.12	21.032	20.944	20.857	20.771	20.686	20.603
269.5	22.139	22.094	22.001	21.908	21.814	21.72	21.628	21.536	21.444	21.354	21.265	21.177	21.089	21.003	20.918	20.834
269.6	22.377	22.332	22.238	22.144	22.05	21.955	21.862	21.769	21.677	21.586	21.497	21.408	21.321	21.234	21.148	21.064
269.7	22.615	22.569	22.475	22.381	22.285	22.19	22.096	22.002	21.91	21.819	21.729	21.64	21.552	21.464	21.379	21.294
269.8	22.852	22.806	22.711	22.616	22.521	22.425	22.33	22.236	22.143	22.051	21.961	21.871	21.783	21.695	21.609	21.524
269.9	23.089	23.043	22.948	22.852	22.756	22.66	22.564	22.47	22.376	22.284	22.193	22.103	22.014	21.926	21.84	21.754
270	23.327	23.28	23.185	23.089	22.992	22.895	22.799	22.704	22.61	22.517	22.426	22.336	22.246	22.158	22.071	21.985
270.1	23.565	23.518	23.422	23.325	23.228	23.13	23.034	22.938	22.844	22.751	22.659	22.568	22.478	22.39	22.302	22.216
270.2	23.804	23.756	23.66	23.562	23.464	23.366	23.269	23.173	23.078	22.984	22.892	22.801	22.711	22.622	22.534	22.447
270.3	24.042	23.994	23.897	23.799	23.701	23.602	23.504	23.408	23.312	23.218	23.125	23.033	22.943	22.853	22.765	22.678
270.4	24.281	24.233	24.135	24.036	23.937	23.838	23.74	23.642	23.546	23.452	23.358	23.266	23.175	23.085	22.996	22.909
270.5	24.52	24.471	24.373	24.273	24.174	24.074	23.975	23.877	23.781	23.686	23.592	23.499	23.408	23.317	23.228	23.14
270.6	24.759	24.71	24.611	24.511	24.411	24.31	24.211	24.113	24.016	23.92	23.826	23.732	23.64	23.55	23.46	23.372
270.7	24.998	24.949	24.849	24.749	24.648	24.547	24.447	24.348	24.251	24.154	24.059	23.966	23.873	23.782	23.692	23.603
270.8	25.238	25.188	25.087	24.986	24.885	24.783	24.683	24.583	24.485	24.388	24.293	24.199	24.106	24.014	23.924	23.834
270.9	25.477	25.427	25.326	25.224	25.122	25.02	24.919	24.819	24.72	24.623	24.527	24.432	24.339	24.247	24.156	24.066
271	25.717	25.667	25.564	25.462	25.359	25.257	25.155	25.055	24.955	24.857	24.761	24.666	24.572	24.479	24.388	24.297
271.1	25.957	25.907	25.804	25.701	25.597	25.494	25.392	25.291	25.191	25.092	24.995	24.9	24.805	24.712	24.62	24.529
271.2	26.198	26.147	26.043	25.94	25.836	25.732	25.629	25.527	25.427	25.327	25.23	25.134	25.039	24.945	24.853	24.761
271.3	26.44	26.388	26.283	26.179	26.075	25.97	25.867	25.764	25.663	25.563	25.465	25.368	25.273	25.178	25.086	24.994
271.4	26.681	26.629	26.524	26.419	26.314	26.209	26.105	26.002	25.9	25.799	25.701	25.603	25.507	25.413	25.319	25.227
271.5	26.923	26.871	26.765	26.659	26.553	26.447	26.343	26.239	26.137	26.036	25.936	25.838	25.742	25.647	25.553	25.46
271.6	27.165	27.113	27.006	26.899	26.793	26.686	26.581	26.477	26.374	26.272	26.172	26.074	25.977	25.881	25.786	25.693
271.7	27.408	27.354	27.247	27.139	27.032	26.925	26.819	26.714	26.611	26.508	26.408	26.309	26.211	26.115	26.02	25.926
271.8	27.65	27.596	27.488	27.379	27.271	27.164	27.057	26.952	26.847	26.744	26.643	26.544	26.446	26.349	26.253	26.159
271.9	27.892	27.838	27.729	27.62	27.511	27.402	27.295	27.189	27.084	26.981	26.879	26.779	26.68	26.583	26.487	26.392
272	28.135	28.08	27.97	27.86	27.751	27.641	27.534	27.427	27.321	27.217	27.115	27.014	26.915	26.817	26.72	26.625
272.1	28.378	28.323	28.212	28.102	27.991	27.881	27.773	27.665	27.559	27.454	27.351	27.25	27.15	27.052	26.955	26.859
272.2	28.621	28.566	28.454	28.343	28.232	28.121	28.012	27.904	27.797	27.692	27.588	27.486	27.386	27.287	27.189	27.093
272.3	28.865	28.81	28.697	28.585	28.473	28.361	28.251	28.142	28.035	27.929	27.825	27.722	27.621	27.522	27.424	27.327
272.4	29.11	29.053	28.94	28.827	28.714	28.602	28.491	28.381	28.273	28.167	28.062	27.959	27.857	27.757	27.658	27.561
272.5	29.354	29.298	29.183	29.07	28.956	28.843	28.731	28.621	28.512	28.405	28.299	28.195	28.093	27.993	27.893	27.795
272.6	29.6	29.542	29.427	29.312	29.198	29.084	28.971	28.86	28.751	28.643	28.537	28.432	28.33	28.229	28.129	28.03
272.7	29.845	29.787	29.671	29.556	29.44	29.325	29.212	29.1	28.99	28.882	28.775	28.67	28.566	28.465	28.364	28.265
272.8	30.09	30.032	29.915	29.798	29.682	29.566	29.452	29.34	29.229	29.12	29.012	28.906	28.802	28.7	28.599	28.499
272.9	30.334	30.276	30.158	30.04	29.923	29.807	29.692	29.578	29.467	29.357	29.249	29.142	29.038	28.935	28.833	28.733
273	30.579	30.52	30.401	30.283	30.165	30.047	29.932	29.817	29.705	29.595	29.486	29.379	29.274	29.17	29.068	28.967
273.1	30.825	30.765	30.646	30.526	30.407	30.289	30.172	30.057	29.944	29.833	29.723	29.616	29.51	29.406	29.303	29.201
273.2	31.071	31.011	30.89	30.77	30.65	30.531	30.413	30.297	30.184	30.072	29.961	29.853	29.746	29.642	29.538	29.436
273.3	31.317	31.257	31.135	31.014	30.893	30.773	30.654	30.538	30.423	30.311	30.2	30.09	29.983	29.878	29.774	29.671
273.4	31.564	31.503	31.381	31.258	31.136	31.015	30.896	30.778	30.663	30.55	30.438	30.328	30.22	30.114	30.009	29.906
273.5	31.812	31.75	31.627	31.503	31.38	31.258	31.138	31.019	30.903	30.789	30.677	30.566	30.457	30.351	30.246	30.142
273.6	32.06	31.998	31.873	31.749	31.625	31.501	31.38	31.261	31.144	31.029	30.916	30.805	30.695	30.588	30.482	30.378
273.7	32.309	32.246	32.121	31.995	31.87	31.746	31.624	31.504	31.386	31.27	31.156	31.044	30.934	30.826	30.72	30.615
273.8	32.558	32.496	32.369	32.242	32.116	31.991	31.868	31.747	31.628	31.511	31.397	31.284	31.173	31.064	30.958	30.852
273.9	32.808	32.745	32.617	32.489	32.362	32.236	32.112	31.99	31.87	31.753	31.637	31.524	31.412	31.303	31.195	31.09
274	33.059	32.995	32.866	32.737	32.608	32.481	32.356	32.233	32.113	31.995	31.878	31.764	31.652	31.542	31.433	31.327
274.1	33.309	33.245	33.115	32.985	32.855	32.727	32.601	32.477	32.356	32.237	32.12	32.004	31.891	31.781	31.672	31.565
274.2	33.561	33.495	33.364	33.233	33.102	32.973	32.846	32.721	32.599	32.479	32.361	32.245	32.131	32.02	31.91	31.803
274.3	33.813	33.747	33.614	33.482	33.35	33.22	33.092	32.966	32.843	32.722	32.603	32.487	32.372	32.26	32.15	32.041
274.4	34.065	33.999	33.865	33.732	33.599	33.467	33.338	33.211	33.087	32.965	32.846	32.728	32.613	32.5	32.389	32.28
274.5	34.318	34.251	34.116	33.981	33.847	33.714	33.585	33.457	33.331	33.209	33.088	32.97	32.854	32.74	32.628	32.519
274.6	34.57	34.503	34.367	34.231	34.095	33.962	33.831	33.702	33.576	33.452	33.331	33.212	33.095	32.98	32.868	32.757
274.7	34.823	34.755	34.618	34.48	34.344	34.209	34.077	33.947	33.82	33.695	33.573	33.453	33.335	33.22	33.107	32.996
274.8	35.076	35.007	34.869	34.73	34.592	34.456	34.323	34.192	34.064	33.938	33.815	33.694	33.576	33.46	33.346	33.234
274.9	35.33	35.26	35.12	34.98	34.841	34.704	34.569	34.437	34.308	34.181	34.058	33.936	33.816	33.699	33.585	33.472
275	35.584	35.513	35.372	35.231	35.09	34.952	34.816	34.683	34.553	34.425	34.3	34.178	34.057	33.939	33.824	33.711
275.1	35.838	35.767	35.624	35.481	35.34	35.2	35.063	34.929	34.797	34.669	34.543	34.419	34.298	34.18	34.063	33.95
275.2	36.094	36.021	35.876	35.733	35.59	35.448	35.31	35.175	35.043	34.913	34.786	34.662	34.54	34.42	34.303	34.189
275.3	36.349	36.276	36.13	35.984	35.84	35.697	35.558	35.422	35.288	35.157	35.029	34.904	34.781	34.661	34.543	34.428
275.4	36.606	36.532	36.383	36.237	36.091	35.947	35.806	35.669	35.534	35.402	35.273	35.147	35.023	34.902	34.783	34.667
275.5	36.863	36.788	36.638	36.49	36.342	36.197	36.055	35.916	35.78	35.647	35.518	35.391	35.266	35.144	35.024	34.907
275.6	37.121	37.045	36.893	36.743	36.595	36.448	36.305	36.164	36.027	35.893	35.763	35.635	35.509	35.386	35.266	35.148
275.7	37.38	37.303	37.149	36.998	36.848	36.7	36.555	36.413	36.275	36.14	36.008	35.879	35.753	35.629	35.508	35.389
275.8	37.639	37.561	37.406	37.253	37.101	36.952	36.806	36.663	36.523	36.387	36.254	36.124	35.997	35.872	35.75	35.631
275.9	37.899	37.82	37.663	37.508	37.355	37.204	37.056	36.912	36.771	36.634	36.5	36.369	36.241	36.115	35.992	35.872
276	38.159	38.079	37.92	37.764	37.609	37.457	37.308	37.162	37.02	36.882	36.746	36.615	36.485	36.359	36.235	36.114
276.1	38.42	38.339	38.179	38.021	37.864	37.71	37.559	37.413	37.269	37.13	36.993	36.86	36.73	36.603	36.478	36.356
276.2	38.682	38.6	38.437	38.278	38.119	37.964	37.812	37.663	37.519	37.378	37.24	37.106	36.975	36.847	36.721	36.598
276.3	38.944	38.862	38.697	38.535	38.376	38.218	38.065	37.915	37.769	37.627	37.488	37.353	37.221	37.092	36.965	36.841
276.4	39.208	39.124	38.958	38.794	38.633	38.474	38.319	38.167	38.02	37.877	37.737	37.601	37.468	37.337	37.21	37.085
276.5	39.472	39.388	39.219	39.053	38.89	38.729	38.573	38.42	38.271	38.127	37.986	37.848	37.714	37.583	37.454	37.329
276.6	39.737	39.652	39.481	39.313	39.148	38.986	38.828	38.673	38.523	38.377	38.235	38.096	37.961	37.829	37.7	37.573
276.7	40.004	39.917	39.744	39.574	39.407	39.243	39.083	38.927	38.776	38.628	38.484	38.345	38.209	38.075	37.945	37.817
276.8	40.271	40.183	40.007	39.836	39.667	39.501	39.339	39.182	39.028	38.879	38.735	38.594	38.456	38.322	38.191	38.062
276.9	40.539	40.45	40.272	40.098	39.927	39.759	39.596	39.437	39.282	39.132	38.986	38.843	38.705	38.57	38.437	38.308
277	40.809	40.718	40.538	40.362	40.189	40.019	39.854	39.693	39.537	39.385	39.237	39.094	38.954	38.818	38.684	38.554
277.1	41.079	40.987	40.804	40.626	40.451	40.279	40.112	39.95	39.792	39.638	39.489	39.345	39.204	39.066	38.932	38.8
277.2	41.351	41.258	41.072	40.891	40.714	40.54	40.371	40.206	40.047	39.892	39.742	39.596	39.453	39.315	39.179	39.047
277.3	41.624	41.529	41.34	41.156	40.977	40.801	40.63	40.464	40.303	40.146	39.994	39.847	39.703	39.564	39.427	39.293
277.4	41.898	41.802	41.609	41.423	41.241	41.063	40.89	40.722	40.56	40.401	40.248	40.099	39.954	39.813	39.676	39.541
277.5	42.175	42.076	41.88	41.691	41.507	41.327	41.152	40.982	40.818	40.658	40.503	40.352	40.206	40.064	39.925	39.79
277.6	42.453	42.352	42.153	41.96	41.774	41.591	41.414	41.243	41.076	40.915	40.758	40.607	40.459	40.316	40.176	40.039
277.7	42.733	42.629	42.426	42.23	42.041	41.857	41.677	41.504	41.336	41.173	41.014	40.861	40.712	40.567	40.426	40.288
277.8	43.014	42.908	42.7	42.501	42.309	42.122	41.941	41.765	41.595	41.43	41.271	41.116	40.966	40.819	40.677	40.538
277.9	43.297	43.188	42.975	42.773	42.578	42.388	42.205	42.027	41.856	41.689	41.528	41.371	41.219	41.072	40.928	40.788
278	43.582	43.47	43.252	43.045	42.848	42.656	42.47	42.291	42.117	41.948	41.785	41.627	41.474	41.325	41.18	41.039
278.1	43.871	43.755	43.531	43.32	43.119	42.925	42.737	42.555	42.379	42.209	42.044	41.885	41.73	41.58	41.433	41.291
278.2	44.162	44.042	43.811	43.596	43.391	43.194	43.004	42.82	42.642	42.47	42.304	42.142	41.986	41.834	41.687	41.543
278.3	44.456	44.331	44.092	43.872	43.664	43.465	43.272	43.086	42.906	42.732	42.563	42.4	42.243	42.089	41.941	41.796
278.4	44.753	44.623	44.375	44.15	43.938	43.735	43.54	43.352	43.17	42.994	42.824	42.659	42.499	42.345	42.195	42.048
278.5	45.053	44.917	44.66	44.429	44.213	44.007	43.809	43.618	43.434	43.256	43.084	42.918	42.757	42.6	42.449	42.301
278.6	45.357	45.215	44.947	44.709	44.489	44.28	44.079	43.886	43.699	43.519	43.345	43.177	43.014	42.857	42.704	42.555
278.7	45.666	45.516	45.236	44.991	44.766	44.553	44.35	44.154	43.965	43.783	43.607	43.437	43.272	43.113	42.959	42.808
278.8	45.979	45.82	45.528	45.274	45.043	44.827	44.621	44.422	44.231	44.047	43.869	43.697	43.53	43.37	43.214	43.062
278.9	46.296	46.128	45.821	45.558	45.322	45.101	44.892	44.69	44.497	44.31	44.13	43.956	43.788	43.626	43.468	43.315
279	46.619	46.442	46.119	45.847	45.603	45.378	45.165	44.961	44.765	44.576	44.394	44.218	44.048	43.884	43.725	43.571
279.1	46.948	46.754	46.407	46.123	45.873	45.642	45.426	45.219	45.021	44.83	44.645	44.467	44.296	44.13	43.969	43.813
279.2	47.284	47.058	46.671	46.375	46.117	45.881	45.661	45.451	45.25	45.057	44.87	44.69	44.516	44.349	44.186	44.029
279.3	47.628	47.376	46.955	46.645	46.378	46.136	45.912	45.699	45.495	45.299	45.111	44.928	44.753	44.583	44.419	44.26
279.4	47.98	47.711	47.265	46.94	46.663	46.415	46.186	45.97	45.763	45.565	45.374	45.189	45.012	44.84	44.675	44.514
279.5	48.34	48.052	47.576	47.235	46.947	46.692	46.458	46.238	46.029	45.828	45.634	45.448	45.268	45.094	44.927	44.765
279.6	48.71	48.401	47.892	47.532	47.233	46.969	46.73	46.506	46.294	46.091	45.895	45.706	45.524	45.348	45.179	45.016
279.7	49.09	48.759	48.214	47.834	47.521	47.249	47.004	46.776	46.56	46.354	46.156	45.965	45.781	45.603	45.432	45.267
279.8	49.482	49.126	48.543	48.14	47.812	47.531	47.28	47.047	46.828	46.619	46.418	46.225	46.038	45.859	45.686	45.519
279.9	49.886	49.504	48.879	48.45	48.107	47.815	47.557	47.319	47.097	46.885	46.681	46.485	46.297	46.115	45.94	45.772
280	50.302	49.891	49.222	48.766	48.404	48.101	47.835	47.592	47.366	47.151	46.944	46.746	46.555	46.372	46.195	46.024
280.1	50.73	50.289	49.572	49.087	48.706	48.39	48.115	47.867	47.636	47.417	47.209	47.008	46.815	46.629	46.45	46.278
280.2	51.171	50.698	49.927	49.406	49.004	48.674	48.39	48.135	47.899	47.678	47.466	47.262	47.067	46.879	46.698	46.523
280.3	51.625	51.119	50.277	49.705	49.279	48.934	48.64	48.378	48.137	47.912	47.697	47.491	47.293	47.102	46.919	46.743
280.4	52.093	51.552	50.641	50.018	49.566	49.204	48.899	48.629	48.383	48.153	47.935	47.726	47.526	47.333	47.148	46.97
280.5	52.576	51.999	51.025	50.36	49.881	49.499	49.182	48.903	48.652	48.418	48.196	47.984	47.781	47.586	47.399	47.219
280.6	53.072	52.459	51.419	50.707	50.197	49.795	49.464	49.176	48.918	48.679	48.454	48.239	48.034	47.836	47.647	47.464
280.7	53.582	52.931	51.823	51.061	50.518	50.093	49.747	49.449	49.184	48.94	48.712	48.494	48.285	48.085	47.893	47.709
280.8	54.105	53.416	52.239	51.423	50.846	50.397	50.034	49.725	49.452	49.203	48.97	48.749	48.538	48.335	48.141	47.954
280.9	54.641	53.916	52.667	51.791	51.169	50.694	50.314	49.992	49.711	49.456	49.218	48.994	48.78	48.574	48.378	48.188
281	55.192	54.43	53.111	52.16	51.483	50.979	50.579	50.244	49.953	49.692	49.45	49.221	49.004	48.796	48.597	48.405
281.1	55.756	54.959	53.568	52.548	51.818	51.282	50.861	50.511	50.21	49.941	49.694	49.462	49.242	49.031	48.829	48.635
281.2	56.33	55.5	54.04	52.955	52.176	51.607	51.162	50.797	50.485	50.208	49.955	49.719	49.495	49.281	49.077	48.88
281.3	56.913	56.053	54.526	53.373	52.543	51.938	51.468	51.084	50.76	50.474	50.216	49.975	49.748	49.531	49.324	49.124
281.4	57.505	56.628	55.049	53.828	52.943	52.299	51.801	51.399	51.061	50.766	50.5	50.255	50.024	49.804	49.594	49.392
281.5	58.104	57.13	55.418	54.129	53.18	52.487	51.96	51.537	51.185	50.879	50.606	50.356	50.121	49.898	49.684	49.48
281.6	58.709	57.609	55.736	54.38	53.365	52.622	52.063	51.617	51.249	50.932	50.652	50.395	50.156	49.929	49.713	49.506
281.7	59.318	58.2	56.279	54.857	53.781	52.99	52.397	51.927	51.541	51.213	50.923	50.66	50.416	50.186	49.967	49.757
281.8	59.927	58.834	56.907	55.422	54.283	53.442	52.812	52.316	51.911	51.569	51.27	51.001	50.752	50.518	50.295	50.082
281.9	60.535	59.465	57.535	55.99	54.787	53.896	53.229	52.704	52.28	51.923	51.614	51.337	51.082	50.844	50.618	50.402
282	61.14	60.098	58.173	56.572	55.307	54.349	53.629	53.073	52.627	52.254	51.934	51.649	51.388	51.146	50.916	50.697
282.1	61.741	60.732	58.821	57.172	55.845	54.817	54.04	53.451	52.981	52.591	52.259	51.965	51.698	51.451	51.217	50.995
282.2	62.337	61.363	59.462	57.759	56.371	55.286	54.462	53.838	53.343	52.934	52.588	52.285	52.011	51.759	51.521	51.295
282.3	62.925	61.988	60.082	58.307	56.862	55.718	54.844	54.184	53.661	53.232	52.872	52.558	52.277	52.018	51.777	51.547
282.4	63.502	62.606	60.722	58.906	57.406	56.203	55.275	54.572	54.02	53.57	53.193	52.868	52.579	52.314	52.068	51.835
282.5	64.067	63.213	61.386	59.564	58.016	56.754	55.765	55.015	54.431	53.958	53.564	53.227	52.928	52.657	52.406	52.169
282.6	64.62	63.81	62.042	60.219	58.626	57.307	56.261	55.464	54.846	54.348	53.936	53.585	53.277	52.999	52.742	52.501
282.7	65.16	64.393	62.69	60.875	59.244	57.871	56.769	55.926	55.273	54.748	54.316	53.951	53.632	53.347	53.084	52.838
282.8	65.684	64.967	63.338	61.535	59.868	58.444	57.286	56.395	55.705	55.151	54.698	54.317	53.987	53.693	53.424	53.174
282.9	66.191	65.477	63.878	62.079	60.368	58.896	57.683	56.734	55.995	55.411	54.935	54.537	54.194	53.891	53.615	53.36
283	66.683	65.981	64.427	62.65	60.915	59.4	58.134	57.125	56.337	55.72	55.219	54.803	54.447	54.134	53.851	53.59
283.1	67.16	66.524	65.069	63.343	61.61	60.058	58.741	57.681	56.848	56.198	55.671	55.235	54.865	54.54	54.25	53.983
283.2	67.62	67.038	65.673	64	62.275	60.691	59.326	58.214	57.337	56.65	56.096	55.639	55.253	54.917	54.618	54.344
283.3	68.063	67.531	66.253	64.639	62.931	61.324	59.914	58.751	57.821	57.091	56.507	56.027	55.625	55.277	54.968	54.687
283.4	68.49	68.002	66.808	65.258	63.56	61.922	60.472	59.259	58.275	57.5	56.884	56.38	55.96	55.598	55.279	54.991
283.5	68.9	68.454	67.341	65.857	64.174	62.509	61.023	59.763	58.73	57.914	57.266	56.736	56.296	55.92	55.59	55.294
283.6	69.295	68.888	67.852	66.437	64.794	63.128	61.612	60.306	59.226	58.368	57.685	57.129	56.668	56.276	55.935	55.63
283.7	69.676	69.304	68.341	66.998	65.404	63.749	62.209	60.861	59.732	58.824	58.099	57.514	57.031	56.622	56.268	55.954
283.8	70.044	69.703	68.81	67.538	65.997	64.36	62.802	61.416	60.241	59.281	58.511	57.896	57.388	56.962	56.594	56.27
283.9	70.398	70.086	69.259	68.058	66.574	64.96	63.39	61.97	60.75	59.745	58.937	58.289	57.757	57.311	56.929	56.593
284	70.74	70.455	69.691	68.561	67.139	65.556	63.982	62.533	61.271	60.221	59.372	58.691	58.132	57.665	57.267	56.919
284.1	71.072	70.811	70.107	69.049	67.69	66.147	64.58	63.107	61.806	60.711	59.815	59.095	58.507	58.019	57.604	57.243
284.2	71.392	71.154	70.505	69.516	68.223	66.726	65.172	63.682	62.345	61.207	60.264	59.503	58.885	58.373	57.941	57.566
284.3	71.703	71.485	70.888	69.965	68.738	67.291	65.758	64.258	62.889	61.71	60.725	59.926	59.278	58.741	58.289	57.9
284.4	72.005	71.805	71.255	70.397	69.237	67.843	66.33	64.819	63.423	62.205	61.178	60.34	59.659	59.096	58.623	58.218
284.5	72.298	72.115	71.608	70.811	69.717	68.38	66.887	65.367	63.949	62.695	61.627	60.744	60.024	59.433	58.938	58.516
284.6	72.583	72.414	71.948	71.208	70.179	68.901	67.443	65.93	64.496	63.209	62.101	61.174	60.414	59.794	59.276	58.836
284.7	72.86	72.706	72.276	71.593	70.631	69.413	68.001	66.507	65.062	63.746	62.6	61.634	60.838	60.188	59.646	59.186
284.8	73.131	72.989	72.594	71.963	71.066	69.909	68.546	67.075	65.625	64.284	63.102	62.097	61.263	60.58	60.012	59.532
284.9	73.396	73.265	72.901	72.317	71.478	70.383	69.07	67.628	66.181	64.819	63.605	62.561	61.686	60.966	60.371	59.87
285	73.656	73.536	73.199	72.659	71.876	70.841	69.583	68.176	66.738	65.361	64.117	63.036	62.122	61.366	60.743	60.219
285.1	73.912	73.801	73.49	72.99	72.261	71.286	70.082	68.716	67.293	65.907	64.636	63.521	62.569	61.78	61.128	60.579
285.2	74.163	74.06	73.773	73.31	72.632	71.715	70.567	69.246	67.843	66.452	65.159	64.011	63.023	62.195	61.51	60.936
285.3	74.411	74.315	74.049	73.62	72.99	72.13	71.039	69.764	68.388	66.998	65.687	64.509	63.485	62.618	61.895	61.295
285.4	74.656	74.566	74.32	73.922	73.336	72.53	71.496	70.27	68.92	67.532	66.208	65.003	63.945	63.041	62.285	61.658
285.5	74.897	74.814	74.584	74.216	73.673	72.922	71.944	70.768	69.45	68.071	66.738	65.51	64.42	63.481	62.692	62.037
285.6	75.135	75.058	74.844	74.502	74	73.3	72.377	71.254	69.976	68.618	67.282	66.033	64.913	63.94	63.115	62.427
285.7	75.371	75.299	75.099	74.781	74.315	73.661	72.792	71.721	70.486	69.153	67.817	66.553	65.405	64.4	63.538	62.817
285.8	75.605	75.537	75.35	75.054	74.62	74.01	73.193	72.175	70.985	69.68	68.351	67.074	65.903	64.866	63.972	63.22
285.9	75.838	75.773	75.598	75.321	74.917	74.348	73.582	72.616	71.473	70.201	68.884	67.601	66.408	65.342	64.415	63.63
286	76.068	76.007	75.842	75.583	75.207	74.676	73.958	73.044	71.949	70.715	69.416	68.13	66.919	65.827	64.869	64.048
286.1	76.297	76.239	76.083	75.841	75.489	74.995	74.322	73.458	72.413	71.218	69.942	68.658	67.434	66.316	65.328	64.475
286.2	76.524	76.469	76.322	76.094	75.765	75.303	74.674	73.859	72.863	71.711	70.461	69.184	67.95	66.811	65.795	64.911
286.3	76.75	76.697	76.557	76.343	76.035	75.604	75.015	74.249	73.301	72.193	70.971	69.702	68.462	67.305	66.263	65.349
286.4	76.974	76.924	76.79	76.588	76.299	75.896	75.347	74.626	73.727	72.664	71.472	70.216	68.976	67.803	66.736	65.794
286.5	77.197	77.149	77.022	76.829	76.558	76.181	75.667	74.99	74.138	73.121	71.967	70.732	69.494	68.31	67.222	66.252
286.6	77.42	77.373	77.251	77.069	76.812	76.459	75.978	75.342	74.537	73.566	72.451	71.241	70.01	68.819	67.712	66.716
286.7	77.641	77.596	77.479	77.305	77.063	76.731	76.28	75.684	74.924	73.999	72.925	71.743	70.524	69.328	68.205	67.185
286.8	77.861	77.818	77.705	77.539	77.31	76.997	76.575	76.015	75.298	74.419	73.387	72.238	71.035	69.839	68.703	67.662
286.9	78.08	78.038	77.93	77.771	77.554	77.259	76.862	76.338	75.662	74.827	73.838	72.725	71.542	70.35	69.205	68.145
287	78.299	78.259	78.154	78.002	77.795	77.516	77.144	76.651	76.015	75.223	74.278	73.202	72.043	70.858	69.707	68.631
287.1	78.518	78.479	78.378	78.231	78.033	77.769	77.419	76.957	76.358	75.609	74.707	73.669	72.537	71.364	70.21	69.12
287.2	78.736	78.698	78.6	78.459	78.27	78.019	77.69	77.258	76.694	75.986	75.126	74.128	73.025	71.866	70.714	69.613
287.3	78.954	78.917	78.821	78.685	78.503	78.265	77.956	77.55	77.019	76.35	75.533	74.575	73.503	72.363	71.215	70.107
287.4	79.17	79.134	79.041	78.909	78.735	78.508	78.214	77.832	77.333	76.701	75.925	75.008	73.971	72.853	71.714	70.601
287.5	79.385	79.35	79.26	79.132	78.964	78.747	78.469	78.108	77.638	77.042	76.306	75.429	74.429	73.337	72.209	71.096
287.6	79.601	79.566	79.479	79.354	79.192	78.985	78.72	78.379	77.936	77.374	76.676	75.84	74.877	73.814	72.701	71.59
287.7	79.815	79.782	79.697	79.576	79.419	79.219	78.967	78.644	78.227	77.696	77.036	76.239	75.314	74.283	73.19	72.084
287.8	80.03	79.997	79.914	79.796	79.644	79.452	79.211	78.905	78.511	78.011	77.385	76.628	75.741	74.743	73.673	72.576
287.9	80.243	80.212	80.13	80.016	79.868	79.683	79.453	79.162	78.79	78.317	77.726	77.006	76.157	75.193	74.148	73.063
288	80.457	80.426	80.346	80.234	80.091	79.913	79.692	79.414	79.062	78.616	78.057	77.373	76.562	75.634	74.615	73.545
288.1	80.67	80.639	80.562	80.452	80.313	80.14	79.928	79.664	79.329	78.908	78.379	77.73	76.956	76.064	75.072	74.02
288.2	80.882	80.853	80.777	80.67	80.534	80.367	80.162	79.909	79.592	79.193	78.693	78.078	77.34	76.483	75.522	74.489
288.3	81.094	81.065	80.991	80.886	80.754	80.591	80.394	80.152	79.85	79.471	78.998	78.416	77.713	76.892	75.963	74.955
288.4	81.305	81.277	81.204	81.102	80.973	80.815	80.624	80.391	80.103	79.745	79.297	78.744	78.076	77.291	76.395	75.412
288.5	81.516	81.489	81.417	81.318	81.191	81.037	80.853	80.629	80.354	80.013	79.588	79.065	78.43	77.679	76.817	75.862
288.6	81.727	81.7	81.63	81.533	81.409	81.259	81.08	80.864	80.601	80.276	79.874	79.378	78.775	78.058	77.229	76.305
288.7	81.937	81.911	81.843	81.747	81.626	81.48	81.306	81.097	80.845	80.535	80.153	79.683	79.11	78.427	77.632	76.738
288.8	82.147	82.121	82.054	81.96	81.842	81.699	81.53	81.328	81.085	80.79	80.427	79.981	79.437	78.786	78.024	77.162
288.9	82.356	82.33	82.265	82.173	82.057	81.918	81.753	81.558	81.324	81.041	80.696	80.272	79.756	79.136	78.407	77.577
289	82.565	82.54	82.476	82.386	82.273	82.136	81.975	81.786	81.56	81.29	80.96	80.558	80.067	79.477	78.781	77.982
289.1	82.774	82.75	82.687	82.599	82.488	82.354	82.197	82.013	81.796	81.536	81.222	80.839	80.373	79.812	79.147	78.38
289.2	82.983	82.959	82.898	82.812	82.703	82.572	82.418	82.239	82.029	81.78	81.479	81.114	80.671	80.138	79.503	78.767
289.3	83.192	83.169	83.109	83.024	82.917	82.789	82.639	82.464	82.261	82.02	81.732	81.384	80.963	80.455	79.85	79.145
289.4	83.4	83.378	83.319	83.236	83.131	83.005	82.858	82.688	82.49	82.258	81.982	81.65	81.248	80.765	80.189	79.514
289.5	83.609	83.586	83.528	83.447	83.344	83.221	83.077	82.911	82.719	82.494	82.229	81.911	81.528	81.069	80.519	79.874
289.6	83.817	83.795	83.738	83.658	83.557	83.436	83.296	83.133	82.946	82.729	82.473	82.168	81.803	81.365	80.842	80.225
289.7	84.024	84.003	83.947	83.869	83.77	83.652	83.514	83.355	83.172	82.962	82.714	82.422	82.074	81.656	81.157	80.568
289.8	84.232	84.211	84.156	84.079	83.982	83.866	83.731	83.575	83.397	83.192	82.954	82.673	82.339	81.941	81.465	80.903
289.9	84.438	84.418	84.364	84.289	84.194	84.08	83.947	83.795	83.621	83.422	83.191	82.92	82.6	82.22	81.766	81.229
290	84.644	84.624	84.572	84.498	84.404	84.293	84.162	84.013	83.843	83.649	83.425	83.164	82.858	82.494	82.061	81.548
290.1	84.851	84.831	84.779	84.707	84.615	84.505	84.378	84.231	84.065	83.876	83.658	83.406	83.111	82.763	82.35	81.86
290.2	85.057	85.037	84.987	84.915	84.826	84.718	84.592	84.449	84.286	84.102	83.89	83.646	83.362	83.029	82.633	82.166
290.3	85.263	85.243	85.194	85.124	85.036	84.93	84.807	84.666	84.507	84.326	84.12	83.884	83.611	83.29	82.912	82.465
290.4	85.468	85.449	85.4	85.332	85.245	85.141	85.02	84.882	84.726	84.55	84.349	84.12	83.856	83.548	83.186	82.758
290.5	85.673	85.654	85.606	85.539	85.454	85.352	85.233	85.098	84.945	84.772	84.576	84.354	84.098	83.802	83.454	83.046
290.6	85.877	85.859	85.812	85.746	85.662	85.562	85.446	85.313	85.162	84.994	84.803	84.586	84.339	84.053	83.719	83.328
290.7	86.082	86.064	86.018	85.953	85.871	85.772	85.658	85.527	85.38	85.215	85.028	84.818	84.577	84.302	83.981	83.606
290.8	86.286	86.269	86.224	86.16	86.079	85.982	85.87	85.742	85.597	85.435	85.253	85.047	84.814	84.548	84.239	83.879
290.9	86.491	86.473	86.429	86.366	86.287	86.192	86.081	85.956	85.814	85.654	85.476	85.276	85.049	84.791	84.494	84.148
291	86.695	86.678	86.634	86.572	86.494	86.401	86.293	86.169	86.029	85.873	85.699	85.503	85.283	85.033	84.746	84.414
291.1	86.898	86.882	86.839	86.778	86.702	86.61	86.503	86.382	86.245	86.092	85.921	85.73	85.515	85.272	84.995	84.675
291.2	87.102	87.086	87.044	86.984	86.909	86.819	86.714	86.594	86.46	86.309	86.142	85.956	85.746	85.51	85.242	84.934
291.3	87.306	87.29	87.249	87.19	87.116	87.027	86.924	86.807	86.674	86.527	86.363	86.18	85.976	85.746	85.486	85.189
291.4	87.51	87.494	87.453	87.396	87.323	87.235	87.134	87.019	86.889	86.744	86.582	86.404	86.204	85.981	85.729	85.441
291.5	87.713	87.697	87.657	87.601	87.529	87.443	87.343	87.23	87.102	86.959	86.801	86.626	86.431	86.213	85.968	85.69
291.6	87.915	87.9	87.861	87.805	87.734	87.65	87.552	87.44	87.314	87.174	87.019	86.847	86.656	86.444	86.206	85.937
291.7	88.118	88.103	88.064	88.009	87.94	87.856	87.76	87.65	87.526	87.388	87.236	87.067	86.881	86.673	86.441	86.18
291.8	88.32	88.305	88.267	88.213	88.145	88.063	87.968	87.86	87.738	87.602	87.452	87.287	87.104	86.901	86.676	86.422
291.9	88.522	88.508	88.47	88.417	88.35	88.269	88.175	88.069	87.949	87.816	87.668	87.506	87.327	87.128	86.908	86.662
292	88.724	88.71	88.673	88.621	88.554	88.475	88.383	88.278	88.16	88.029	87.884	87.725	87.549	87.355	87.14	86.9
292.1	88.926	88.912	88.876	88.824	88.759	88.68	88.59	88.487	88.371	88.242	88.099	87.942	87.77	87.579	87.369	87.136
292.2	89.128	89.114	89.078	89.027	88.963	88.886	88.797	88.695	88.581	88.454	88.314	88.159	87.99	87.803	87.598	87.371
292.3	89.329	89.316	89.281	89.23	89.167	89.091	89.003	88.903	88.791	88.666	88.528	88.376	88.21	88.027	87.826	87.604
292.4	89.531	89.517	89.483	89.433	89.371	89.296	89.21	89.111	89	88.877	88.742	88.593	88.429	88.249	88.053	87.836
292.5	89.732	89.719	89.684	89.636	89.574	89.501	89.416	89.318	89.209	89.088	88.955	88.808	88.647	88.471	88.278	88.066
292.6	89.933	89.92	89.886	89.838	89.778	89.705	89.621	89.526	89.418	89.299	89.168	89.023	88.865	88.692	88.503	88.295
292.7	90.134	90.121	90.088	90.04	89.981	89.909	89.827	89.732	89.627	89.509	89.38	89.238	89.082	88.912	88.727	88.524
292.8	90.334	90.322	90.289	90.243	90.184	90.113	90.032	89.939	89.835	89.719	89.592	89.452	89.299	89.132	88.95	88.751
292.9	90.535	90.523	90.49	90.445	90.387	90.317	90.237	90.145	90.043	89.929	89.803	89.666	89.515	89.351	89.172	88.977
293	90.736	90.723	90.692	90.646	90.589	90.521	90.442	90.352	90.25	90.138	90.015	89.879	89.731	89.57	89.394	89.202
293.1	90.936	90.924	90.892	90.848	90.792	90.724	90.646	90.557	90.457	90.347	90.225	90.092	89.946	89.788	89.615	89.427
293.2	91.136	91.124	91.093	91.049	90.994	90.927	90.85	90.762	90.664	90.555	90.435	90.304	90.161	90.005	89.835	89.651
293.3	91.335	91.323	91.293	91.249	91.195	91.129	91.053	90.967	90.87	90.763	90.644	90.515	90.374	90.221	90.054	89.873
293.4	91.534	91.522	91.492	91.449	91.395	91.331	91.256	91.171	91.075	90.969	90.853	90.725	90.587	90.436	90.271	90.094
293.5	91.732	91.721	91.691	91.649	91.596	91.532	91.458	91.374	91.28	91.175	91.061	90.935	90.798	90.65	90.488	90.314
293.6	91.93	91.919	91.89	91.848	91.796	91.733	91.66	91.577	91.484	91.381	91.268	91.145	91.01	90.864	90.705	90.533
293.7	92.129	92.117	92.089	92.048	91.996	91.934	91.862	91.78	91.688	91.587	91.475	91.353	91.221	91.077	90.921	90.752
293.8	92.326	92.315	92.287	92.247	92.195	92.134	92.063	91.983	91.892	91.792	91.682	91.562	91.431	91.289	91.136	90.97
293.9	92.524	92.513	92.485	92.445	92.395	92.334	92.264	92.185	92.096	91.997	91.888	91.77	91.641	91.502	91.35	91.187
294	92.722	92.712	92.684	92.644	92.595	92.535	92.466	92.387	92.299	92.202	92.095	91.978	91.851	91.714	91.565	91.404
294.1	92.921	92.91	92.883	92.844	92.795	92.736	92.668	92.59	92.503	92.407	92.302	92.187	92.062	91.926	91.779	91.621
294.2	93.12	93.109	93.082	93.044	92.995	92.937	92.87	92.793	92.708	92.613	92.509	92.395	92.272	92.139	91.994	91.838
294.3	93.319	93.309	93.282	93.244	93.196	93.139	93.072	92.997	92.912	92.819	92.716	92.604	92.482	92.351	92.208	92.055
294.4	93.517	93.507	93.481	93.443	93.396	93.339	93.274	93.199	93.116	93.024	92.922	92.812	92.692	92.562	92.422	92.271
294.5	93.716	93.706	93.68	93.642	93.596	93.54	93.475	93.401	93.319	93.228	93.128	93.019	92.901	92.773	92.635	92.486
294.6	93.914	93.904	93.878	93.841	93.795	93.74	93.676	93.603	93.522	93.432	93.334	93.226	93.109	92.983	92.847	92.701
294.7	94.112	94.102	94.076	94.04	93.995	93.94	93.877	93.805	93.725	93.636	93.539	93.433	93.318	93.193	93.059	92.915
294.8	94.309	94.3	94.274	94.239	94.194	94.14	94.077	94.006	93.927	93.84	93.744	93.639	93.525	93.403	93.27	93.128
294.9	94.506	94.496	94.472	94.436	94.392	94.339	94.277	94.207	94.129	94.042	93.948	93.844	93.732	93.611	93.48	93.34
295	94.702	94.693	94.668	94.633	94.589	94.537	94.476	94.407	94.329	94.244	94.151	94.048	93.938	93.818	93.69	93.551
295.1	94.898	94.889	94.865	94.83	94.787	94.735	94.674	94.606	94.53	94.446	94.353	94.252	94.143	94.025	93.898	93.762
295.2	95.094	95.085	95.061	95.027	94.984	94.933	94.873	94.806	94.73	94.647	94.556	94.456	94.348	94.232	94.107	93.973
295.3	95.291	95.281	95.258	95.224	95.181	95.131	95.072	95.005	94.931	94.849	94.759	94.66	94.554	94.439	94.316	94.183
295.4	95.487	95.478	95.454	95.421	95.379	95.329	95.271	95.205	95.131	95.05	94.961	94.864	94.759	94.645	94.524	94.393
295.5	95.683	95.674	95.65	95.617	95.576	95.526	95.469	95.404	95.331	95.251	95.163	95.067	94.963	94.851	94.731	94.602
295.6	95.878	95.87	95.847	95.814	95.773	95.724	95.667	95.603	95.531	95.452	95.365	95.27	95.168	95.057	94.939	94.811
295.7	96.074	96.066	96.043	96.011	95.97	95.922	95.865	95.802	95.731	95.653	95.567	95.473	95.372	95.263	95.146	95.02
295.8	96.27	96.262	96.239	96.207	96.167	96.119	96.064	96.001	95.931	95.853	95.768	95.676	95.576	95.468	95.353	95.229
295.9	96.466	96.458	96.435	96.404	96.364	96.316	96.262	96.199	96.13	96.054	95.97	95.878	95.78	95.673	95.559	95.437
296	96.661	96.653	96.631	96.6	96.56	96.513	96.459	96.398	96.329	96.253	96.171	96.08	95.983	95.878	95.765	95.644
296.1	96.857	96.848	96.826	96.796	96.757	96.71	96.656	96.596	96.528	96.453	96.371	96.282	96.185	96.082	95.97	95.851
296.2	97.052	97.043	97.022	96.991	96.953	96.907	96.854	96.793	96.726	96.653	96.572	96.483	96.388	96.286	96.176	96.058
296.3	97.247	97.239	97.217	97.187	97.149	97.103	97.051	96.991	96.925	96.852	96.772	96.685	96.591	96.489	96.381	96.264
296.4	97.442	97.434	97.413	97.383	97.345	97.3	97.248	97.189	97.124	97.051	96.972	96.886	96.793	96.693	96.586	96.471
296.5	97.637	97.629	97.608	97.578	97.541	97.496	97.445	97.387	97.322	97.25	97.172	97.087	96.995	96.896	96.79	96.676
296.6	97.832	97.824	97.803	97.774	97.737	97.693	97.642	97.584	97.52	97.449	97.372	97.288	97.197	97.099	96.994	96.882
296.7	98.027	98.019	97.999	97.969	97.933	97.889	97.839	97.782	97.718	97.648	97.572	97.489	97.399	97.302	97.198	97.088
296.8	98.222	98.214	98.194	98.165	98.128	98.085	98.035	97.979	97.916	97.847	97.771	97.689	97.6	97.505	97.402	97.293
296.9	98.416	98.408	98.388	98.36	98.324	98.281	98.232	98.176	98.114	98.045	97.97	97.889	97.801	97.707	97.605	97.497
297	98.61	98.602	98.582	98.554	98.519	98.476	98.427	98.372	98.311	98.243	98.169	98.088	98.001	97.908	97.808	97.701
297.1	98.804	98.796	98.776	98.748	98.713	98.671	98.623	98.568	98.507	98.44	98.367	98.287	98.202	98.109	98.01	97.905
297.2	98.997	98.99	98.971	98.943	98.908	98.867	98.819	98.765	98.704	98.638	98.565	98.487	98.402	98.31	98.213	98.108
297.3	99.191	99.184	99.165	99.137	99.103	99.062	99.014	98.961	98.901	98.835	98.763	98.686	98.602	98.511	98.415	98.311
297.4	99.385	99.378	99.359	99.332	99.297	99.257	99.21	99.157	99.098	99.033	98.961	98.884	98.801	98.712	98.616	98.514
297.5	99.579	99.572	99.553	99.526	99.492	99.452	99.405	99.353	99.294	99.23	99.159	99.083	99.001	98.913	98.818	98.717
297.6	99.773	99.765	99.747	99.72	99.687	99.647	99.601	99.549	99.491	99.427	99.357	99.282	99.201	99.113	99.02	98.92
297.7	99.966	99.959	99.941	99.914	99.881	99.842	99.796	99.745	99.688	99.624	99.555	99.481	99.4	99.314	99.221	99.122
297.8	100.16	100.15	100.13	100.11	100.08	100.04	99.991	99.941	99.884	99.821	99.753	99.679	99.599	99.514	99.422	99.325
297.9	100.35	100.35	100.33	100.3	100.27	100.23	100.19	100.14	100.08	100.02	99.95	99.877	99.798	99.713	99.623	99.526
298	100.55	100.54	100.52	100.5	100.46	100.42	100.38	100.33	100.27	100.21	100.15	100.07	99.996	99.912	99.823	99.727
298.1	100.74	100.73	100.71	100.69	100.66	100.62	100.57	100.53	100.47	100.41	100.34	100.27	100.19	100.11	100.02	99.928
298.2	100.93	100.92	100.91	100.88	100.85	100.81	100.77	100.72	100.67	100.6	100.54	100.47	100.39	100.31	100.22	100.13
298.3	101.12	101.12	101.1	101.07	101.04	101.01	100.96	100.91	100.86	100.8	100.74	100.67	100.59	100.51	100.42	100.33
298.4	101.32	101.31	101.29	101.27	101.24	101.2	101.16	101.11	101.05	101	100.93	100.86	100.79	100.71	100.62	100.53
298.5	101.51	101.5	101.48	101.46	101.43	101.39	101.35	101.3	101.25	101.19	101.13	101.06	100.98	100.9	100.82	100.73
298.6	101.7	101.69	101.68	101.65	101.62	101.59	101.54	101.5	101.44	101.39	101.32	101.25	101.18	101.1	101.02	100.93
298.7	101.89	101.89	101.87	101.85	101.82	101.78	101.74	101.69	101.64	101.58	101.52	101.45	101.38	101.3	101.22	101.13
298.8	102.09	102.08	102.06	102.04	102.01	101.97	101.93	101.89	101.83	101.78	101.72	101.65	101.58	101.5	101.42	101.33
298.9	102.28	102.27	102.26	102.23	102.2	102.17	102.13	102.08	102.03	101.97	101.91	101.85	101.77	101.7	101.62	101.53
299	102.47	102.46	102.45	102.43	102.4	102.36	102.32	102.27	102.22	102.17	102.11	102.04	101.97	101.89	101.81	101.73
299.1	102.66	102.66	102.64	102.62	102.59	102.55	102.51	102.47	102.42	102.36	102.3	102.24	102.17	102.09	102.01	101.93
299.2	102.85	102.85	102.83	102.81	102.78	102.75	102.71	102.66	102.61	102.56	102.5	102.43	102.36	102.29	102.21	102.12
299.3	103.05	103.04	103.02	103	102.97	102.94	102.9	102.85	102.8	102.75	102.69	102.63	102.56	102.48	102.41	102.32
299.4	103.24	103.23	103.21	103.19	103.16	103.13	103.09	103.05	103	102.94	102.89	102.82	102.75	102.68	102.6	102.52
299.5	103.43	103.42	103.41	103.38	103.35	103.32	103.28	103.24	103.19	103.14	103.08	103.02	102.95	102.88	102.8	102.72
299.6	103.62	103.61	103.6	103.57	103.55	103.51	103.47	103.43	103.38	103.33	103.27	103.21	103.14	103.07	102.99	102.91
299.7	103.81	103.8	103.79	103.77	103.74	103.7	103.67	103.62	103.58	103.52	103.47	103.4	103.34	103.27	103.19	103.11
299.8	104	103.99	103.98	103.96	103.93	103.9	103.86	103.82	103.77	103.72	103.66	103.6	103.53	103.46	103.39	103.31
299.9	104.19	104.18	104.17	104.15	104.12	104.09	104.05	104.01	103.96	103.91	103.85	103.79	103.73	103.66	103.58	103.5
300	104.38	104.38	104.36	104.34	104.31	104.28	104.24	104.2	104.15	104.1	104.05	103.99	103.92	103.85	103.78	103.7
300.1	104.57	104.57	104.55	104.53	104.5	104.47	104.43	104.39	104.35	104.3	104.24	104.18	104.12	104.05	103.98	103.9
300.2	104.76	104.76	104.74	104.72	104.69	104.66	104.63	104.59	104.54	104.49	104.43	104.38	104.31	104.24	104.17	104.09
300.3	104.95	104.95	104.93	104.91	104.89	104.85	104.82	104.78	104.73	104.68	104.63	104.57	104.51	104.44	104.37	104.29
300.4	105.14	105.14	105.12	105.1	105.08	105.05	105.01	104.97	104.92	104.88	104.82	104.76	104.7	104.63	104.56	104.49
300.5	105.33	105.33	105.31	105.29	105.27	105.24	105.2	105.16	105.12	105.07	105.01	104.96	104.9	104.83	104.76	104.68
300.6	105.53	105.52	105.51	105.48	105.46	105.43	105.39	105.35	105.31	105.26	105.21	105.15	105.09	105.02	104.95	104.88
300.7	105.72	105.71	105.7	105.68	105.65	105.62	105.58	105.55	105.5	105.45	105.4	105.34	105.28	105.22	105.15	105.08
300.8	105.91	105.9	105.89	105.87	105.84	105.81	105.78	105.74	105.69	105.65	105.59	105.54	105.48	105.41	105.34	105.27
300.9	106.1	106.09	106.08	106.06	106.03	106	105.97	105.93	105.89	105.84	105.79	105.73	105.67	105.61	105.54	105.47
301	106.29	106.28	106.27	106.25	106.22	106.19	106.16	106.12	106.08	106.03	105.98	105.92	105.87	105.8	105.73	105.66
301.1	106.48	106.47	106.46	106.44	106.41	106.38	106.35	106.31	106.27	106.22	106.17	106.12	106.06	106	105.93	105.86
301.2	106.67	106.66	106.65	106.63	106.6	106.57	106.54	106.5	106.46	106.41	106.36	106.31	106.25	106.19	106.12	106.05
301.3	106.85	106.85	106.84	106.82	106.79	106.76	106.73	106.69	106.65	106.6	106.55	106.5	106.44	106.38	106.32	106.25
301.4	107.04	107.04	107.03	107.01	106.98	106.95	106.92	106.88	106.84	106.8	106.75	106.69	106.64	106.57	106.51	106.44
301.5	107.23	107.23	107.21	107.19	107.17	107.14	107.11	107.07	107.03	106.99	106.94	106.88	106.83	106.77	106.7	106.63
301.6	107.42	107.42	107.4	107.38	107.36	107.33	107.3	107.26	107.22	107.18	107.13	107.08	107.02	106.96	106.89	106.83
301.7	107.61	107.61	107.59	107.57	107.55	107.52	107.49	107.45	107.41	107.37	107.32	107.27	107.21	107.15	107.09	107.02
301.8	107.8	107.8	107.78	107.76	107.74	107.71	107.68	107.64	107.6	107.56	107.51	107.46	107.4	107.35	107.28	107.21
301.9	107.99	107.98	107.97	107.95	107.93	107.9	107.87	107.83	107.79	107.75	107.7	107.65	107.6	107.54	107.48	107.41
302	108.18	108.17	108.16	108.14	108.12	108.09	108.06	108.03	107.99	107.94	107.9	107.84	107.79	107.73	107.67	107.6
302.1	108.37	108.36	108.35	108.33	108.31	108.28	108.25	108.22	108.18	108.13	108.09	108.04	107.98	107.92	107.86	107.8
302.2	108.56	108.55	108.54	108.52	108.5	108.47	108.44	108.41	108.37	108.32	108.28	108.23	108.17	108.12	108.05	107.99
302.3	108.75	108.74	108.73	108.71	108.69	108.66	108.63	108.59	108.56	108.51	108.47	108.42	108.36	108.31	108.25	108.18
302.4	108.93	108.93	108.92	108.9	108.88	108.85	108.82	108.78	108.75	108.7	108.66	108.61	108.55	108.5	108.44	108.37
302.5	109.12	109.12	109.1	109.09	109.06	109.04	109.01	108.97	108.93	108.89	108.85	108.8	108.75	108.69	108.63	108.57
302.6	109.31	109.3	109.29	109.27	109.25	109.23	109.2	109.16	109.12	109.08	109.04	108.99	108.94	108.88	108.82	108.76
302.7	109.5	109.49	109.48	109.46	109.44	109.41	109.38	109.35	109.31	109.27	109.23	109.18	109.13	109.07	109.01	108.95
302.8	109.68	109.68	109.67	109.65	109.63	109.6	109.57	109.54	109.5	109.46	109.42	109.37	109.32	109.26	109.2	109.14
302.9	109.87	109.87	109.86	109.84	109.82	109.79	109.76	109.73	109.69	109.65	109.61	109.56	109.51	109.45	109.39	109.33
303	110.06	110.06	110.04	110.03	110	109.98	109.95	109.92	109.88	109.84	109.8	109.75	109.7	109.64	109.59	109.53
303.1	110.25	110.24	110.23	110.21	110.19	110.17	110.14	110.11	110.07	110.03	109.99	109.94	109.89	109.84	109.78	109.72
303.2	110.44	110.43	110.42	110.4	110.38	110.36	110.33	110.3	110.26	110.22	110.18	110.13	110.08	110.03	109.97	109.91
303.3	110.63	110.62	110.61	110.59	110.57	110.55	110.52	110.49	110.45	110.41	110.37	110.32	110.27	110.22	110.16	110.1
303.4	110.81	110.81	110.8	110.78	110.76	110.74	110.71	110.67	110.64	110.6	110.56	110.51	110.46	110.41	110.35	110.29
303.5	111	111	110.99	110.97	110.95	110.92	110.9	110.86	110.83	110.79	110.75	110.7	110.65	110.6	110.55	110.49
303.6	111.19	111.19	111.17	111.16	111.14	111.11	111.08	111.05	111.02	110.98	110.94	110.89	110.84	110.79	110.74	110.68
303.7	111.38	111.37	111.36	111.35	111.32	111.3	111.27	111.24	111.21	111.17	111.13	111.08	111.03	110.98	110.93	110.87
303.8	111.57	111.56	111.55	111.53	111.51	111.49	111.46	111.43	111.39	111.36	111.32	111.27	111.22	111.17	111.12	111.06
303.9	111.75	111.75	111.74	111.72	111.7	111.68	111.65	111.62	111.58	111.54	111.5	111.46	111.41	111.36	111.31	111.25
304	111.94	111.93	111.92	111.91	111.89	111.86	111.84	111.8	111.77	111.73	111.69	111.65	111.6	111.55	111.5	111.44
304.1	112.13	112.12	112.11	112.09	112.07	112.05	112.02	111.99	111.96	111.92	111.88	111.84	111.79	111.74	111.69	111.63
304.2	112.31	112.31	112.3	112.28	112.26	112.24	112.21	112.18	112.15	112.11	112.07	112.02	111.98	111.93	111.88	111.82
304.3	112.5	112.49	112.48	112.47	112.45	112.42	112.4	112.37	112.33	112.3	112.26	112.21	112.17	112.12	112.06	112.01
304.4	112.68	112.68	112.67	112.65	112.63	112.61	112.58	112.55	112.52	112.48	112.44	112.4	112.36	112.31	112.25	112.2
304.5	112.87	112.87	112.86	112.84	112.82	112.8	112.77	112.74	112.71	112.67	112.63	112.59	112.54	112.5	112.44	112.39
304.6	113.06	113.05	113.04	113.03	113.01	112.99	112.96	112.93	112.9	112.86	112.82	112.78	112.73	112.69	112.63	112.58
304.7	113.25	113.24	113.23	113.22	113.2	113.17	113.15	113.12	113.08	113.05	113.01	112.97	112.92	112.88	112.82	112.77
304.8	113.43	113.43	113.42	113.4	113.38	113.36	113.33	113.31	113.27	113.24	113.2	113.16	113.11	113.06	113.01	112.96
304.9	113.62	113.62	113.6	113.59	113.57	113.55	113.52	113.49	113.46	113.43	113.39	113.35	113.3	113.25	113.2	113.15
305	113.81	113.8	113.79	113.78	113.76	113.74	113.71	113.68	113.65	113.61	113.58	113.53	113.49	113.44	113.39	113.34
