0	0	0.1	0.2	0.3	0.4	0.5	0.6	0.7	0.8	0.9	1	1.1	1.2	1.3	1.4	1.5
259.9	0	-0.026854	-0.07887	-0.13041	-0.18312	-0.23631	-0.29005	-0.34412	-0.39844	-0.45268	-0.50672	-0.56061	-0.61433	-0.66764	-0.72049	-0.77305
260	0.22605	0.19911	0.14691	0.09516	0.042217	-0.011205	-0.06516	-0.11943	-0.17395	-0.22839	-0.28263	-0.33671	-0.39062	-0.44415	-0.49721	-0.54996
260.1	0.45215	0.42512	0.37273	0.32077	0.2676	0.21394	0.15977	0.1053	0.050579	-0.0040589	-0.058493	-0.11276	-0.16687	-0.22061	-0.27388	-0.32682
260.2	0.67824	0.65112	0.59854	0.54637	0.49297	0.43908	0.3847	0.33003	0.27511	0.22027	0.16564	0.11118	0.056881	0.0029292	-0.050562	-0.10369
260.3	0.90419	0.87698	0.82421	0.77183	0.7182	0.66408	0.60948	0.55462	0.49951	0.44447	0.38963	0.33498	0.28049	0.22633	0.17263	0.11932
260.4	1.1302	1.1029	1.0499	0.9973	0.94344	0.88909	0.83428	0.77922	0.72392	0.66868	0.61364	0.55879	0.50411	0.44974	0.39583	0.34233
260.5	1.3563	1.3289	1.2757	1.2229	1.1688	1.1142	1.0592	1.0039	0.94845	0.89301	0.83776	0.78272	0.72784	0.67327	0.61915	0.56548
260.6	1.5824	1.5549	1.5015	1.4485	1.3942	1.3394	1.2841	1.2287	1.173	1.1174	1.0619	1.0067	0.95159	0.89681	0.84248	0.78864
260.7	1.8086	1.781	1.7274	1.6742	1.6197	1.5646	1.5092	1.4535	1.3976	1.3418	1.2861	1.2307	1.1754	1.1204	1.0659	1.0119
260.8	2.0351	2.0074	1.9536	1.9002	1.8454	1.7901	1.7345	1.6786	1.6225	1.5665	1.5106	1.455	1.3995	1.3443	1.2896	1.2354
260.9	2.2621	2.2342	2.1802	2.1265	2.0716	2.0161	1.9601	1.9041	1.8478	1.7916	1.7355	1.6796	1.624	1.5686	1.5136	1.4593
261	2.4896	2.4616	2.4073	2.3535	2.2983	2.2426	2.1864	2.1302	2.0737	2.0173	1.961	1.9049	1.849	1.7934	1.7383	1.6838
261.1	2.7177	2.6896	2.6351	2.581	2.5256	2.4696	2.4133	2.3568	2.3002	2.2435	2.187	2.1307	2.0747	2.0189	1.9635	1.9088
261.2	2.946	2.9178	2.8631	2.8088	2.7531	2.6969	2.6403	2.5836	2.5268	2.47	2.4133	2.3568	2.3005	2.2445	2.189	2.1341
261.3	3.1741	3.1458	3.0908	3.0364	2.9805	2.9241	2.8672	2.8103	2.7533	2.6962	2.6393	2.5826	2.5262	2.47	2.4142	2.3592
261.4	3.4019	3.3735	3.3183	3.2636	3.2075	3.1509	3.0938	3.0366	2.9794	2.9222	2.865	2.8081	2.7515	2.6951	2.6391	2.5839
261.5	3.6294	3.6008	3.5454	3.4905	3.4342	3.3773	3.32	3.2626	3.2051	3.1477	3.0904	3.0333	2.9764	2.9198	2.8637	2.8083
261.6	3.8567	3.828	3.7724	3.7172	3.6607	3.6036	3.546	3.4884	3.4307	3.3731	3.3156	3.2583	3.2012	3.1444	3.0881	3.0325
261.7	4.0841	4.0553	3.9994	3.944	3.8873	3.83	3.7722	3.7143	3.6564	3.5986	3.5408	3.4833	3.426	3.3691	3.3126	3.2567
261.8	4.3114	4.2824	4.2263	4.1707	4.1138	4.0562	3.9981	3.94	3.8819	3.8239	3.7659	3.7082	3.6507	3.5935	3.5368	3.4808
261.9	4.5382	4.5092	4.4528	4.397	4.3398	4.282	4.2237	4.1654	4.107	4.0488	3.9906	3.9326	3.8749	3.8176	3.7607	3.7044
262	4.7648	4.7357	4.6791	4.623	4.5656	4.5076	4.4491	4.3905	4.3319	4.2734	4.215	4.1568	4.099	4.0414	3.9843	3.9278
262.1	4.9918	4.9625	4.9057	4.8494	4.7918	4.7336	4.6748	4.616	4.5571	4.4984	4.4398	4.3814	4.3233	4.2656	4.2083	4.1515
262.2	5.2193	5.1899	5.1329	5.0764	5.0185	4.9601	4.9012	4.8421	4.783	4.724	4.6651	4.6065	4.5482	4.4903	4.4328	4.3759
262.3	5.4476	5.4182	5.3609	5.3042	5.2461	5.1875	5.1283	5.069	5.0096	4.9504	4.8913	4.8325	4.7739	4.7158	4.6581	4.601
262.4	5.6766	5.647	5.5896	5.5326	5.4743	5.4155	5.3561	5.2965	5.2369	5.1775	5.1182	5.0591	5.0003	4.942	4.8841	4.8268
262.5	5.9056	5.8759	5.8183	5.7611	5.7026	5.6435	5.5839	5.5241	5.4643	5.4046	5.345	5.2857	5.2267	5.1682	5.1102	5.0526
262.6	6.1345	6.1047	6.0469	5.9895	5.9308	5.8714	5.8116	5.7516	5.6915	5.6316	5.5718	5.5123	5.4531	5.3944	5.3361	5.2783
262.7	6.3636	6.3337	6.2756	6.218	6.1591	6.0995	6.0395	5.9793	5.9189	5.8588	5.7988	5.739	5.6796	5.6207	5.5623	5.5042
262.8	6.5928	6.5628	6.5046	6.4468	6.3876	6.3279	6.2676	6.2071	6.1466	6.0862	6.026	5.966	5.9064	5.8473	5.7886	5.7304
262.9	6.8222	6.7921	6.7338	6.676	6.6166	6.5566	6.4961	6.4354	6.3746	6.314	6.2536	6.1934	6.1336	6.0742	6.0154	5.957
263	7.0515	7.0213	6.962	6.9031	6.8435	6.7833	6.7226	6.6616	6.6006	6.5398	6.4792	6.4188	6.3588	6.2992	6.2401	6.1815
263.1	7.2803	7.2501	7.1893	7.129	7.0693	7.0088	6.9479	6.8867	6.8255	6.7644	6.7036	6.6431	6.5828	6.523	6.4638	6.4049
263.2	7.5088	7.4784	7.4173	7.3567	7.2967	7.236	7.1749	7.1135	7.052	6.9907	6.9297	6.869	6.8085	6.7485	6.6891	6.63
263.3	7.7374	7.707	7.6457	7.5849	7.5247	7.4638	7.4024	7.3409	7.2791	7.2176	7.1565	7.0955	7.0349	6.9746	6.9149	6.8557
263.4	7.9664	7.9359	7.8744	7.8134	7.753	7.6919	7.6303	7.5685	7.5066	7.4449	7.3835	7.3224	7.2615	7.201	7.1411	7.0816
263.5	8.1957	8.165	8.1034	8.0421	7.9815	7.9202	7.8584	7.7964	7.7342	7.6723	7.6107	7.5494	7.4883	7.4276	7.3675	7.3078
263.6	8.425	8.3942	8.3323	8.2709	8.21	8.1485	8.0865	8.0242	7.9619	7.8998	7.838	7.7765	7.7152	7.6543	7.5939	7.534
263.7	8.654	8.6231	8.561	8.4993	8.4383	8.3765	8.3143	8.2519	8.1893	8.127	8.065	8.0033	7.9418	7.8806	7.82	7.7599
263.8	8.8829	8.852	8.7897	8.7277	8.6664	8.6045	8.542	8.4794	8.4166	8.3541	8.2919	8.23	8.1683	8.1069	8.046	7.9857
263.9	9.1122	9.0811	9.0186	8.9565	8.8949	8.8327	8.77	8.7072	8.6443	8.5815	8.5191	8.457	8.3951	8.3335	8.2724	8.2118
264	9.342	9.3108	9.248	9.1856	9.1239	9.0614	8.9985	8.9354	8.8723	8.8094	8.7468	8.6844	8.6223	8.5605	8.4992	8.4384
264.1	9.5722	9.5409	9.478	9.4153	9.3533	9.2906	9.2274	9.1642	9.1009	9.0378	8.9749	8.9124	8.85	8.788	8.7264	8.6654
264.2	9.803	9.7716	9.7084	9.6455	9.5832	9.5203	9.4569	9.3934	9.3299	9.2666	9.2035	9.1407	9.0782	9.0159	8.9541	8.8929
264.3	10.034	10.003	9.9391	9.876	9.8135	9.7503	9.6866	9.6229	9.5592	9.4957	9.4324	9.3694	9.3067	9.2442	9.1821	9.1207
264.4	10.265	10.234	10.17	10.107	10.044	9.9803	9.9164	9.8524	9.7885	9.7248	9.6612	9.5981	9.5351	9.4724	9.4101	9.3484
264.5	10.496	10.465	10.401	10.337	10.274	10.21	10.146	10.082	10.018	9.954	9.8902	9.8268	9.7636	9.7007	9.6382	9.5763
264.6	10.728	10.696	10.632	10.568	10.505	10.441	10.376	10.312	10.247	10.183	10.119	10.056	9.9922	9.9291	9.8664	9.8042
264.7	10.959	10.927	10.863	10.798	10.735	10.671	10.606	10.541	10.477	10.412	10.348	10.284	10.22	10.157	10.094	10.032
264.8	11.19	11.158	11.093	11.029	10.965	10.9	10.835	10.77	10.706	10.641	10.577	10.512	10.449	10.385	10.322	10.259
264.9	11.421	11.388	11.323	11.259	11.195	11.13	11.065	10.999	10.934	10.869	10.805	10.74	10.676	10.613	10.549	10.486
265	11.651	11.618	11.553	11.488	11.424	11.359	11.293	11.228	11.163	11.097	11.032	10.968	10.904	10.84	10.776	10.713
265.1	11.881	11.848	11.783	11.718	11.653	11.588	11.522	11.456	11.391	11.325	11.26	11.195	11.131	11.066	11.003	10.939
265.2	12.111	12.078	12.012	11.947	11.882	11.816	11.75	11.684	11.618	11.553	11.487	11.422	11.357	11.293	11.229	11.165
265.3	12.34	12.308	12.242	12.176	12.11	12.045	11.978	11.912	11.846	11.78	11.714	11.649	11.584	11.519	11.455	11.391
265.4	12.57	12.537	12.471	12.405	12.339	12.273	12.207	12.14	12.074	12.007	11.941	11.876	11.811	11.746	11.681	11.617
265.5	12.801	12.768	12.701	12.634	12.568	12.502	12.435	12.368	12.302	12.235	12.169	12.103	12.038	11.973	11.908	11.844
265.6	13.031	12.998	12.931	12.864	12.798	12.731	12.664	12.597	12.53	12.463	12.397	12.331	12.265	12.2	12.135	12.07
265.7	13.262	13.228	13.161	13.094	13.028	12.961	12.893	12.826	12.759	12.692	12.625	12.558	12.492	12.427	12.362	12.297
265.8	13.493	13.459	13.392	13.324	13.257	13.19	13.123	13.055	12.987	12.92	12.853	12.786	12.72	12.654	12.589	12.524
265.9	13.724	13.69	13.622	13.554	13.487	13.42	13.352	13.284	13.216	13.148	13.081	13.014	12.948	12.882	12.816	12.751
266	13.955	13.921	13.853	13.785	13.717	13.649	13.581	13.513	13.445	13.377	13.309	13.242	13.175	13.109	13.044	12.978
266.1	14.186	14.153	14.084	14.016	13.948	13.88	13.811	13.743	13.674	13.606	13.538	13.471	13.404	13.337	13.271	13.206
266.2	14.418	14.384	14.316	14.247	14.179	14.11	14.041	13.973	13.904	13.836	13.767	13.7	13.632	13.566	13.499	13.434
266.3	14.65	14.616	14.547	14.478	14.41	14.341	14.272	14.203	14.134	14.065	13.997	13.929	13.861	13.794	13.728	13.662
266.4	14.882	14.848	14.778	14.709	14.64	14.571	14.502	14.433	14.363	14.294	14.226	14.157	14.089	14.022	13.956	13.89
266.5	15.114	15.079	15.01	14.94	14.871	14.802	14.732	14.662	14.593	14.523	14.454	14.386	14.318	14.25	14.184	14.117
266.6	15.346	15.311	15.241	15.171	15.102	15.032	14.962	14.892	14.823	14.753	14.684	14.615	14.547	14.479	14.412	14.345
266.7	15.578	15.543	15.473	15.403	15.334	15.264	15.193	15.123	15.053	14.983	14.913	14.844	14.776	14.708	14.641	14.574
266.8	15.811	15.776	15.705	15.635	15.565	15.495	15.424	15.354	15.283	15.213	15.143	15.074	15.005	14.937	14.869	14.802
266.9	16.043	16.008	15.938	15.867	15.797	15.726	15.655	15.584	15.513	15.443	15.373	15.304	15.235	15.166	15.098	15.031
267	16.276	16.241	16.17	16.099	16.028	15.957	15.886	15.815	15.744	15.673	15.603	15.533	15.464	15.395	15.327	15.259
267.1	16.508	16.473	16.402	16.33	16.26	16.189	16.117	16.045	15.974	15.903	15.833	15.763	15.693	15.624	15.556	15.488
267.2	16.741	16.706	16.634	16.563	16.492	16.42	16.348	16.276	16.205	16.133	16.063	15.993	15.923	15.854	15.785	15.717
267.3	16.974	16.939	16.867	16.795	16.723	16.652	16.579	16.507	16.435	16.364	16.293	16.222	16.152	16.083	16.014	15.946
267.4	17.207	17.171	17.099	17.026	16.955	16.883	16.81	16.738	16.665	16.594	16.522	16.452	16.382	16.312	16.243	16.174
267.5	17.439	17.403	17.331	17.258	17.186	17.114	17.041	16.968	16.895	16.823	16.752	16.681	16.61	16.54	16.471	16.402
267.6	17.672	17.636	17.563	17.49	17.418	17.345	17.272	17.199	17.126	17.054	16.982	16.91	16.84	16.769	16.7	16.631
267.7	17.906	17.869	17.796	17.723	17.65	17.577	17.503	17.43	17.357	17.284	17.212	17.141	17.07	16.999	16.929	16.86
267.8	18.14	18.103	18.029	17.956	17.883	17.809	17.735	17.662	17.588	17.515	17.443	17.371	17.3	17.229	17.159	17.089
267.9	18.373	18.336	18.262	18.188	18.115	18.041	17.967	17.893	17.82	17.746	17.674	17.601	17.53	17.459	17.388	17.318
268	18.607	18.57	18.495	18.421	18.348	18.274	18.199	18.125	18.051	17.977	17.904	17.832	17.76	17.688	17.618	17.547
268.1	18.841	18.804	18.729	18.654	18.58	18.506	18.431	18.356	18.282	18.208	18.135	18.062	17.99	17.919	17.848	17.777
268.2	19.075	19.038	18.963	18.888	18.814	18.739	18.664	18.589	18.514	18.44	18.366	18.293	18.221	18.149	18.078	18.007
268.3	19.31	19.273	19.197	19.122	19.048	18.972	18.897	18.822	18.747	18.672	18.598	18.525	18.452	18.38	18.308	18.237
268.4	19.545	19.507	19.432	19.356	19.281	19.206	19.13	19.054	18.979	18.904	18.83	18.756	18.683	18.611	18.539	18.467
268.5	19.779	19.741	19.665	19.589	19.514	19.438	19.362	19.286	19.21	19.135	19.061	18.987	18.913	18.841	18.769	18.697
268.6	20.013	19.975	19.899	19.823	19.747	19.671	19.594	19.518	19.442	19.367	19.292	19.217	19.144	19.071	18.998	18.927
268.7	20.248	20.21	20.133	20.056	19.98	19.904	19.827	19.75	19.674	19.598	19.523	19.448	19.374	19.301	19.228	19.156
268.8	20.483	20.444	20.367	20.29	20.214	20.137	20.06	19.983	19.906	19.83	19.755	19.68	19.605	19.532	19.459	19.386
268.9	20.717	20.679	20.602	20.524	20.447	20.37	20.293	20.215	20.138	20.062	19.986	19.911	19.836	19.762	19.689	19.617
269	20.952	20.914	20.836	20.758	20.681	20.603	20.526	20.448	20.371	20.294	20.218	20.142	20.067	19.993	19.92	19.847
269.1	21.187	21.149	21.07	20.992	20.915	20.837	20.759	20.681	20.603	20.526	20.45	20.374	20.299	20.224	20.15	20.077
269.2	21.423	21.384	21.305	21.227	21.149	21.071	20.992	20.914	20.836	20.758	20.682	20.605	20.53	20.455	20.381	20.307
269.3	21.658	21.619	21.54	21.462	21.383	21.305	21.226	21.147	21.069	20.991	20.914	20.838	20.762	20.687	20.612	20.538
269.4	21.894	21.855	21.776	21.697	21.617	21.538	21.459	21.38	21.301	21.223	21.145	21.068	20.992	20.917	20.842	20.768
269.5	22.131	22.091	22.012	21.932	21.852	21.771	21.691	21.612	21.533	21.454	21.377	21.299	21.223	21.147	21.072	20.998
269.6	22.367	22.328	22.248	22.168	22.087	22.006	21.926	21.847	21.767	21.688	21.61	21.533	21.456	21.38	21.304	21.23
269.7	22.604	22.564	22.484	22.404	22.323	22.241	22.161	22.081	22.001	21.922	21.843	21.765	21.688	21.612	21.536	21.461
269.8	22.841	22.801	22.72	22.64	22.558	22.476	22.395	22.315	22.235	22.155	22.076	21.998	21.921	21.844	21.768	21.693
269.9	23.077	23.037	22.956	22.875	22.793	22.711	22.63	22.549	22.468	22.388	22.309	22.23	22.153	22.075	21.999	21.924
270	23.314	23.273	23.192	23.111	23.028	22.946	22.864	22.783	22.702	22.621	22.542	22.463	22.385	22.307	22.231	22.155
270.1	23.551	23.51	23.429	23.347	23.264	23.181	23.099	23.017	22.936	22.855	22.775	22.696	22.617	22.54	22.463	22.387
270.2	23.788	23.747	23.665	23.583	23.5	23.417	23.334	23.252	23.17	23.089	23.009	22.929	22.85	22.772	22.695	22.618
270.3	24.025	23.985	23.902	23.819	23.736	23.652	23.569	23.487	23.405	23.323	23.242	23.162	23.083	23.005	22.927	22.85
270.4	24.262	24.221	24.138	24.055	23.971	23.887	23.804	23.721	23.638	23.557	23.475	23.395	23.316	23.237	23.159	23.082
270.5	24.499	24.458	24.375	24.291	24.207	24.122	24.039	23.955	23.872	23.79	23.709	23.628	23.548	23.469	23.391	23.313
270.6	24.737	24.696	24.612	24.528	24.443	24.358	24.274	24.19	24.107	24.024	23.942	23.861	23.781	23.702	23.623	23.545
270.7	24.976	24.934	24.85	24.765	24.68	24.594	24.51	24.426	24.342	24.259	24.177	24.095	24.015	23.935	23.856	23.778
270.8	25.214	25.172	25.088	25.003	24.917	24.831	24.746	24.661	24.577	24.494	24.411	24.329	24.248	24.168	24.089	24.01
270.9	25.453	25.411	25.325	25.24	25.154	25.067	24.982	24.897	24.813	24.729	24.645	24.563	24.482	24.401	24.322	24.243
271	25.691	25.649	25.563	25.477	25.391	25.304	25.218	25.133	25.048	24.963	24.88	24.797	24.715	24.634	24.554	24.475
271.1	25.93	25.888	25.802	25.715	25.628	25.541	25.454	25.369	25.283	25.199	25.115	25.032	24.949	24.868	24.788	24.708
271.2	26.17	26.128	26.041	25.954	25.866	25.778	25.692	25.605	25.52	25.435	25.35	25.267	25.184	25.102	25.022	24.942
271.3	26.411	26.368	26.28	26.193	26.105	26.016	25.929	25.843	25.756	25.671	25.586	25.502	25.419	25.337	25.256	25.176
271.4	26.651	26.608	26.52	26.432	26.343	26.255	26.167	26.08	25.993	25.907	25.822	25.738	25.654	25.572	25.49	25.41
271.5	26.891	26.848	26.759	26.671	26.582	26.492	26.404	26.317	26.23	26.143	26.058	25.973	25.889	25.806	25.724	25.643
271.6	27.131	27.087	26.998	26.909	26.82	26.73	26.641	26.553	26.466	26.379	26.293	26.208	26.124	26.04	25.958	25.876
271.7	27.371	27.327	27.237	27.148	27.058	26.967	26.878	26.79	26.702	26.615	26.528	26.443	26.358	26.274	26.192	26.11
271.8	27.611	27.567	27.477	27.387	27.296	27.205	27.116	27.027	26.938	26.851	26.764	26.678	26.593	26.509	26.426	26.344
271.9	27.852	27.807	27.717	27.626	27.535	27.444	27.354	27.264	27.176	27.087	27	26.914	26.828	26.744	26.66	26.578
272	28.093	28.048	27.957	27.866	27.774	27.682	27.592	27.502	27.413	27.324	27.236	27.15	27.064	26.979	26.895	26.812
272.1	28.334	28.289	28.197	28.106	28.013	27.921	27.83	27.739	27.649	27.56	27.472	27.385	27.299	27.213	27.129	27.046
272.2	28.576	28.53	28.438	28.346	28.253	28.16	28.068	27.976	27.886	27.797	27.708	27.62	27.534	27.448	27.363	27.279
272.3	28.818	28.772	28.679	28.586	28.493	28.399	28.307	28.215	28.124	28.034	27.945	27.857	27.77	27.684	27.599	27.514
272.4	29.06	29.014	28.921	28.827	28.733	28.639	28.546	28.454	28.362	28.272	28.182	28.094	28.006	27.92	27.834	27.75
272.5	29.303	29.256	29.162	29.068	28.974	28.879	28.786	28.693	28.601	28.51	28.42	28.331	28.243	28.156	28.07	27.985
272.6	29.545	29.499	29.404	29.309	29.214	29.119	29.025	28.932	28.839	28.748	28.658	28.568	28.48	28.393	28.306	28.221
272.7	29.788	29.741	29.646	29.551	29.455	29.359	29.265	29.171	29.078	28.986	28.895	28.805	28.717	28.629	28.542	28.456
272.8	30.031	29.984	29.888	29.792	29.696	29.6	29.504	29.41	29.317	29.224	29.133	29.043	28.953	28.865	28.778	28.692
272.9	30.274	30.227	30.13	30.034	29.937	29.84	29.745	29.65	29.556	29.463	29.371	29.28	29.191	29.102	29.015	28.928
273	30.518	30.47	30.373	30.276	30.179	30.082	29.985	29.89	29.795	29.702	29.61	29.519	29.429	29.34	29.251	29.164
273.1	30.762	30.714	30.616	30.519	30.421	30.323	30.226	30.13	30.035	29.941	29.848	29.757	29.666	29.577	29.489	29.401
273.2	31.007	30.958	30.86	30.762	30.664	30.565	30.467	30.371	30.275	30.181	30.088	29.996	29.905	29.815	29.726	29.638
273.3	31.252	31.203	31.104	31.006	30.907	30.807	30.709	30.612	30.516	30.421	30.327	30.235	30.143	30.053	29.964	29.876
273.4	31.497	31.448	31.349	31.25	31.15	31.05	30.951	30.854	30.757	30.662	30.567	30.474	30.383	30.292	30.202	30.113
273.5	31.743	31.694	31.594	31.494	31.394	31.293	31.194	31.096	30.998	30.903	30.808	30.714	30.622	30.531	30.441	30.351
273.6	31.99	31.94	31.839	31.739	31.638	31.537	31.437	31.338	31.24	31.144	31.048	30.954	30.862	30.77	30.679	30.59
273.7	32.236	32.186	32.085	31.984	31.882	31.781	31.68	31.58	31.482	31.385	31.289	31.194	31.101	31.009	30.918	30.828
273.8	32.483	32.432	32.331	32.229	32.127	32.025	31.923	31.823	31.724	31.626	31.53	31.435	31.341	31.248	31.157	31.066
273.9	32.73	32.679	32.577	32.474	32.372	32.269	32.167	32.066	31.966	31.868	31.771	31.675	31.581	31.488	31.396	31.305
274	32.977	32.926	32.823	32.72	32.617	32.513	32.411	32.309	32.209	32.11	32.012	31.916	31.822	31.728	31.636	31.544
274.1	33.225	33.174	33.07	32.966	32.862	32.758	32.655	32.552	32.451	32.352	32.254	32.157	32.062	31.968	31.875	31.784
274.2	33.473	33.421	33.317	33.212	33.107	33.003	32.899	32.796	32.694	32.594	32.496	32.399	32.303	32.208	32.115	32.023
274.3	33.721	33.669	33.564	33.459	33.353	33.248	33.143	33.04	32.938	32.837	32.738	32.64	32.544	32.449	32.355	32.263
274.4	33.97	33.917	33.812	33.706	33.6	33.494	33.388	33.284	33.182	33.08	32.981	32.882	32.786	32.69	32.596	32.503
274.5	34.219	34.166	34.06	33.953	33.846	33.74	33.634	33.529	33.426	33.324	33.224	33.125	33.028	32.931	32.837	32.743
274.6	34.469	34.416	34.308	34.201	34.094	33.986	33.88	33.774	33.67	33.568	33.467	33.368	33.27	33.173	33.078	32.984
274.7	34.719	34.665	34.557	34.449	34.341	34.233	34.126	34.019	33.915	33.812	33.711	33.611	33.512	33.415	33.319	33.225
274.8	34.969	34.915	34.806	34.697	34.588	34.479	34.372	34.265	34.16	34.056	33.954	33.854	33.755	33.657	33.561	33.466
274.9	35.22	35.165	35.056	34.946	34.836	34.727	34.618	34.511	34.405	34.301	34.198	34.097	33.997	33.899	33.802	33.707
275	35.471	35.416	35.305	35.195	35.084	34.974	34.865	34.757	34.651	34.546	34.442	34.34	34.24	34.141	34.044	33.948
275.1	35.722	35.667	35.556	35.444	35.333	35.222	35.112	35.003	34.896	34.791	34.687	34.584	34.483	34.384	34.286	34.19
275.2	35.974	35.918	35.806	35.694	35.582	35.47	35.36	35.25	35.142	35.036	34.932	34.828	34.727	34.627	34.529	34.432
275.3	36.226	36.17	36.057	35.944	35.831	35.718	35.607	35.497	35.389	35.282	35.176	35.073	34.971	34.87	34.771	34.674
275.4	36.479	36.422	36.309	36.194	36.081	35.967	35.855	35.744	35.635	35.528	35.422	35.317	35.214	35.113	35.014	34.916
275.5	36.732	36.675	36.56	36.445	36.33	36.216	36.103	35.992	35.882	35.774	35.667	35.562	35.459	35.357	35.257	35.158
275.6	36.986	36.928	36.813	36.697	36.581	36.466	36.352	36.24	36.129	36.02	35.913	35.807	35.703	35.601	35.5	35.401
275.7	37.24	37.182	37.066	36.949	36.832	36.716	36.602	36.488	36.377	36.268	36.16	36.053	35.948	35.846	35.744	35.645
275.8	37.495	37.437	37.319	37.201	37.084	36.967	36.851	36.737	36.625	36.515	36.406	36.299	36.194	36.09	35.989	35.889
275.9	37.751	37.692	37.573	37.454	37.336	37.218	37.102	36.987	36.874	36.763	36.654	36.546	36.44	36.336	36.233	36.133
276	38.007	37.947	37.828	37.708	37.588	37.469	37.352	37.237	37.123	37.011	36.901	36.793	36.686	36.581	36.478	36.377
276.1	38.263	38.204	38.083	37.962	37.841	37.722	37.604	37.487	37.373	37.26	37.15	37.04	36.933	36.828	36.724	36.622
276.2	38.521	38.461	38.339	38.217	38.095	37.975	37.856	37.739	37.624	37.51	37.399	37.289	37.181	37.075	36.971	36.868
276.3	38.779	38.718	38.595	38.473	38.35	38.228	38.109	37.991	37.875	37.76	37.648	37.538	37.429	37.322	37.217	37.114
276.4	39.038	38.976	38.852	38.728	38.605	38.482	38.361	38.242	38.126	38.011	37.898	37.786	37.677	37.57	37.464	37.361
276.5	39.297	39.235	39.109	38.984	38.86	38.736	38.614	38.495	38.377	38.261	38.147	38.035	37.926	37.817	37.711	37.607
276.6	39.556	39.493	39.367	39.241	39.115	38.99	38.868	38.747	38.628	38.512	38.397	38.285	38.174	38.065	37.958	37.853
276.7	39.816	39.752	39.625	39.497	39.371	39.245	39.121	39	38.88	38.763	38.647	38.534	38.423	38.313	38.206	38.1
276.8	40.076	40.012	39.883	39.755	39.627	39.5	39.375	39.253	39.133	39.014	38.898	38.784	38.672	38.562	38.454	38.347
276.9	40.337	40.272	40.142	40.013	39.884	39.756	39.63	39.507	39.385	39.266	39.149	39.035	38.922	38.811	38.702	38.595
277	40.598	40.533	40.402	40.271	40.141	40.012	39.885	39.761	39.638	39.518	39.401	39.285	39.172	39.06	38.951	38.843
277.1	40.861	40.795	40.662	40.53	40.399	40.269	40.141	40.016	39.893	39.772	39.653	39.537	39.423	39.311	39.2	39.092
277.2	41.125	41.058	40.924	40.791	40.658	40.527	40.398	40.272	40.148	40.026	39.907	39.79	39.675	39.562	39.451	39.342
277.3	41.39	41.322	41.187	41.053	40.919	40.787	40.657	40.529	40.404	40.282	40.162	40.044	39.928	39.814	39.703	39.593
277.4	41.656	41.588	41.452	41.316	41.181	41.048	40.917	40.788	40.662	40.539	40.418	40.299	40.182	40.068	39.956	39.845
277.5	41.924	41.855	41.717	41.58	41.444	41.31	41.178	41.048	40.921	40.797	40.675	40.555	40.438	40.323	40.21	40.098
277.6	42.192	42.123	41.984	41.845	41.708	41.572	41.439	41.309	41.18	41.055	40.932	40.812	40.694	40.578	40.464	40.352
277.7	42.462	42.392	42.251	42.111	41.973	41.836	41.702	41.57	41.441	41.314	41.191	41.069	40.95	40.834	40.719	40.607
277.8	42.732	42.661	42.519	42.378	42.238	42.1	41.965	41.832	41.702	41.574	41.45	41.328	41.208	41.09	40.975	40.862
277.9	43.003	42.931	42.788	42.645	42.504	42.365	42.229	42.094	41.963	41.835	41.709	41.586	41.466	41.347	41.231	41.117
278	43.274	43.202	43.057	42.913	42.771	42.63	42.493	42.357	42.225	42.096	41.969	41.845	41.724	41.605	41.488	41.373
278.1	43.547	43.473	43.327	43.181	43.038	42.896	42.757	42.621	42.487	42.357	42.23	42.105	41.982	41.862	41.745	41.629
278.2	43.819	43.746	43.597	43.451	43.306	43.163	43.022	42.885	42.75	42.619	42.49	42.365	42.241	42.121	42.002	41.886
278.3	44.094	44.019	43.869	43.721	43.574	43.43	43.289	43.15	43.014	42.882	42.752	42.625	42.501	42.38	42.26	42.144
278.4	44.369	44.294	44.142	43.992	43.845	43.699	43.556	43.416	43.279	43.146	43.015	42.888	42.763	42.64	42.52	42.402
278.5	44.647	44.57	44.417	44.266	44.116	43.969	43.825	43.684	43.546	43.411	43.28	43.151	43.025	42.902	42.781	42.662
278.6	44.926	44.848	44.694	44.54	44.39	44.241	44.096	43.953	43.814	43.678	43.546	43.416	43.289	43.165	43.043	42.924
278.7	45.206	45.128	44.972	44.817	44.664	44.514	44.368	44.224	44.084	43.947	43.813	43.682	43.554	43.429	43.307	43.186
278.8	45.489	45.41	45.252	45.095	44.941	44.789	44.641	44.496	44.355	44.216	44.082	43.95	43.821	43.695	43.572	43.451
278.9	45.773	45.694	45.533	45.375	45.219	45.066	44.917	44.77	44.627	44.488	44.352	44.219	44.09	43.962	43.838	43.716
279	46.06	45.979	45.817	45.656	45.499	45.344	45.193	45.046	44.901	44.761	44.624	44.49	44.359	44.231	44.106	43.983
279.1	46.348	46.266	46.102	45.94	45.78	45.624	45.472	45.323	45.177	45.035	44.897	44.762	44.631	44.501	44.375	44.252
279.2	46.639	46.556	46.39	46.225	46.064	45.906	45.752	45.601	45.455	45.312	45.172	45.036	44.903	44.773	44.646	44.522
279.3	46.932	46.848	46.68	46.513	46.35	46.19	46.035	45.883	45.735	45.59	45.45	45.313	45.179	45.048	44.919	44.794
279.4	47.228	47.143	46.973	46.804	46.639	46.477	46.32	46.167	46.017	45.871	45.73	45.591	45.456	45.324	45.195	45.069
279.5	47.527	47.441	47.268	47.098	46.931	46.767	46.608	46.453	46.302	46.155	46.012	45.873	45.737	45.603	45.473	45.346
279.6	47.83	47.742	47.567	47.395	47.225	47.06	46.899	46.743	46.59	46.442	46.298	46.157	46.02	45.885	45.754	45.626
279.7	48.136	48.047	47.87	47.695	47.523	47.356	47.193	47.035	46.881	46.732	46.586	46.444	46.305	46.17	46.038	45.909
279.8	48.445	48.355	48.175	47.998	47.824	47.655	47.491	47.331	47.176	47.024	46.877	46.734	46.594	46.458	46.325	46.194
279.9	48.758	48.667	48.484	48.305	48.129	47.957	47.791	47.63	47.473	47.32	47.172	47.027	46.886	46.749	46.614	46.483
280	49.075	48.982	48.797	48.615	48.437	48.263	48.095	47.932	47.773	47.619	47.469	47.323	47.181	47.043	46.907	46.775
280.1	49.395	49.301	49.113	48.929	48.748	48.572	48.402	48.237	48.077	47.922	47.77	47.623	47.48	47.34	47.203	47.07
280.2	49.72	49.625	49.434	49.247	49.064	48.886	48.714	48.547	48.385	48.228	48.075	47.926	47.782	47.641	47.503	47.369
280.3	50.05	49.953	49.759	49.569	49.384	49.203	49.029	48.861	48.697	48.538	48.384	48.234	48.088	47.946	47.807	47.671
280.4	50.386	50.287	50.09	49.897	49.709	49.526	49.35	49.18	49.014	48.854	48.698	48.546	48.399	48.256	48.116	47.979
280.5	50.728	50.627	50.427	50.231	50.04	49.855	49.677	49.504	49.337	49.175	49.017	48.864	48.716	48.571	48.43	48.292
280.6	51.077	50.974	50.77	50.571	50.377	50.19	50.009	49.835	49.666	49.502	49.343	49.188	49.038	48.892	48.75	48.611
280.7	51.434	51.329	51.12	50.918	50.722	50.532	50.349	50.172	50.001	49.836	49.675	49.519	49.368	49.22	49.077	48.937
280.8	51.799	51.692	51.479	51.273	51.074	50.881	50.696	50.517	50.344	50.177	50.015	49.857	49.704	49.555	49.411	49.27
280.9	52.173	52.063	51.846	51.636	51.434	51.239	51.051	50.87	50.695	50.526	50.362	50.202	50.048	49.898	49.752	49.61
281	52.556	52.443	52.221	52.008	51.802	51.604	51.414	51.23	51.053	50.882	50.716	50.556	50.4	50.248	50.101	49.957
281.1	52.95	52.834	52.606	52.389	52.18	51.979	51.786	51.6	51.421	51.248	51.08	50.918	50.761	50.608	50.459	50.314
281.2	53.354	53.235	53.001	52.779	52.567	52.363	52.167	51.979	51.798	51.623	51.454	51.29	51.131	50.976	50.826	50.68
281.3	53.77	53.646	53.406	53.18	52.964	52.756	52.558	52.367	52.184	52.007	51.836	51.67	51.51	51.354	51.202	51.055
281.4	54.197	54.069	53.822	53.59	53.37	53.159	52.958	52.764	52.579	52.4	52.227	52.06	51.898	51.74	51.587	51.439
281.5	54.635	54.503	54.248	54.011	53.786	53.572	53.367	53.171	52.983	52.802	52.628	52.458	52.295	52.136	51.982	51.831
281.6	55.085	54.948	54.685	54.441	54.212	53.994	53.787	53.588	53.397	53.214	53.037	52.866	52.701	52.541	52.385	52.233
281.7	55.548	55.406	55.132	54.882	54.648	54.426	54.215	54.014	53.821	53.635	53.457	53.284	53.117	52.955	52.797	52.645
281.8	56.023	55.875	55.593	55.335	55.096	54.87	54.656	54.451	54.256	54.068	53.887	53.712	53.543	53.38	53.221	53.067
281.9	56.509	56.346	56.044	55.778	55.533	55.303	55.085	54.877	54.679	54.489	54.306	54.129	53.958	53.793	53.633	53.477
282	57.007	56.823	56.493	56.219	55.967	55.732	55.51	55.299	55.098	54.906	54.72	54.542	54.369	54.202	54.04	53.883
282.1	57.518	57.321	56.973	56.689	56.43	56.19	55.964	55.75	55.546	55.351	55.163	54.982	54.808	54.639	54.476	54.317
282.2	58.041	57.834	57.471	57.176	56.91	56.664	56.434	56.216	56.009	55.812	55.622	55.439	55.262	55.092	54.926	54.766
282.3	58.576	58.358	57.976	57.67	57.396	57.145	56.91	56.688	56.478	56.278	56.085	55.9	55.722	55.549	55.382	55.22
282.4	59.121	58.891	58.49	58.171	57.888	57.63	57.39	57.165	56.951	56.748	56.553	56.366	56.185	56.011	55.842	55.678
282.5	59.677	59.434	59.011	58.678	58.385	58.12	57.875	57.646	57.429	57.222	57.025	56.835	56.652	56.476	56.305	56.14
282.6	60.244	59.986	59.539	59.191	58.888	58.615	58.364	58.13	57.91	57.7	57.5	57.308	57.123	56.944	56.772	56.605
282.7	60.82	60.546	60.073	59.708	59.393	59.112	58.855	58.617	58.392	58.18	57.977	57.782	57.595	57.414	57.24	57.071
282.8	61.403	61.112	60.611	60.228	59.9	59.609	59.346	59.103	58.874	58.659	58.453	58.255	58.066	57.883	57.706	57.536
282.9	61.992	61.682	61.151	60.747	60.405	60.105	59.835	59.586	59.353	59.134	58.925	58.725	58.533	58.348	58.17	57.997
283	62.585	62.255	61.691	61.265	60.908	60.597	60.319	60.064	59.827	59.604	59.392	59.189	58.994	58.807	58.627	58.452
283.1	63.179	62.827	62.227	61.777	61.403	61.08	60.794	60.533	60.291	60.064	59.848	59.643	59.446	59.256	59.074	58.897
283.2	63.772	63.397	62.748	62.261	61.869	61.533	61.237	60.97	60.723	60.492	60.273	60.064	59.864	59.673	59.488	59.309
283.3	64.362	63.962	63.262	62.738	62.325	61.975	61.67	61.395	61.143	60.907	60.685	60.473	60.27	60.076	59.889	59.709
283.4	64.947	64.521	63.776	63.221	62.786	62.421	62.105	61.822	61.564	61.324	61.097	60.882	60.677	60.48	60.291	60.108
283.5	65.524	65.071	64.278	63.688	63.23	62.847	62.519	62.228	61.964	61.718	61.488	61.269	61.061	60.862	60.67	60.486
283.6	66.093	65.611	64.767	64.14	63.655	63.254	62.914	62.614	62.342	62.092	61.857	61.635	61.423	61.221	61.027	60.841
283.7	66.652	66.14	65.242	64.574	64.063	63.642	63.287	62.977	62.698	62.442	62.202	61.976	61.762	61.557	61.361	61.172
283.8	67.199	66.656	65.701	64.991	64.448	64.006	63.635	63.314	63.028	62.765	62.521	62.292	62.074	61.866	61.667	61.475
283.9	67.732	67.157	66.143	65.378	64.793	64.326	63.939	63.607	63.311	63.042	62.793	62.56	62.338	62.127	61.925	61.732
284	68.252	67.644	66.569	65.746	65.117	64.625	64.219	63.874	63.569	63.293	63.039	62.801	62.576	62.361	62.157	61.961
284.1	68.757	68.116	66.979	66.104	65.438	64.918	64.492	64.133	63.818	63.535	63.274	63.032	62.803	62.585	62.378	62.179
284.2	69.248	68.573	67.372	66.442	65.734	65.185	64.738	64.363	64.037	63.746	63.479	63.232	62.999	62.778	62.568	62.366
284.3	69.722	69.014	67.748	66.761	66.01	65.429	64.959	64.567	64.229	63.929	63.656	63.403	63.166	62.942	62.728	62.524
284.4	70.179	69.438	68.107	67.061	66.259	65.641	65.145	64.735	64.384	64.074	63.794	63.536	63.294	63.066	62.85	62.643
284.5	70.619	69.846	68.45	67.343	66.488	65.829	65.306	64.876	64.511	64.191	63.903	63.639	63.393	63.161	62.941	62.731
284.6	71.042	70.242	68.785	67.615	66.709	66.01	65.459	65.008	64.627	64.295	63.999	63.729	63.478	63.242	63.018	62.805
284.7	71.449	70.611	69.082	67.849	66.888	66.148	65.565	65.091	64.694	64.35	64.045	63.768	63.511	63.271	63.044	62.828
284.8	71.839	70.876	69.189	67.891	66.875	66.091	65.477	64.978	64.562	64.205	63.89	63.606	63.344	63.099	62.868	62.649
284.9	72.215	71.164	69.358	67.997	66.922	66.085	65.427	64.901	64.466	64.095	63.769	63.477	63.209	62.959	62.724	62.502
285	72.575	71.539	69.716	68.293	67.159	66.264	65.56	65.006	64.55	64.163	63.826	63.525	63.25	62.996	62.756	62.53
285.1	72.922	71.892	70.046	68.562	67.369	66.424	65.68	65.095	64.616	64.212	63.863	63.553	63.271	63.011	62.767	62.537
285.2	73.256	72.237	70.376	68.833	67.581	66.582	65.796	65.179	64.676	64.254	63.891	63.571	63.282	63.016	62.767	62.533
285.3	73.579	72.576	70.709	69.115	67.803	66.75	65.916	65.263	64.733	64.291	63.914	63.583	63.286	63.014	62.76	62.522
285.4	73.892	72.909	71.023	69.361	67.99	66.881	65.996	65.301	64.744	64.281	63.888	63.546	63.24	62.961	62.702	62.46
285.5	74.194	73.236	71.329	69.595	68.167	67.002	66.066	65.331	64.744	64.258	63.848	63.494	63.179	62.892	62.628	62.381
285.6	74.488	73.557	71.666	69.893	68.411	67.19	66.204	65.428	64.81	64.3	63.872	63.503	63.178	62.884	62.614	62.362
285.7	74.772	73.874	72.017	70.225	68.692	67.416	66.378	65.558	64.905	64.37	63.922	63.539	63.203	62.901	62.624	62.367
285.8	75.049	74.185	72.37	70.565	68.986	67.656	66.565	65.694	64.999	64.436	63.967	63.568	63.22	62.909	62.626	62.363
285.9	75.318	74.492	72.727	70.916	69.296	67.913	66.77	65.847	65.109	64.517	64.026	63.61	63.25	62.929	62.638	62.369
286	75.58	74.798	73.092	71.266	69.591	68.158	66.962	65.992	65.215	64.592	64.077	63.643	63.269	62.938	62.639	62.364
286.1	75.837	75.078	73.416	71.591	69.875	68.396	67.148	66.128	65.309	64.653	64.112	63.659	63.27	62.927	62.62	62.338
286.2	76.089	75.32	73.676	71.883	70.155	68.634	67.335	66.266	65.4	64.705	64.137	63.663	63.258	62.904	62.587	62.298
286.3	76.337	75.599	74.013	72.259	70.526	68.967	67.62	66.502	65.588	64.854	64.257	63.761	63.339	62.971	62.645	62.348
286.4	76.582	75.912	74.429	72.722	70.992	69.402	68.009	66.841	65.883	65.111	64.484	63.964	63.524	63.143	62.805	62.501
286.5	76.823	76.211	74.822	73.17	71.434	69.801	68.366	67.149	66.144	65.331	64.672	64.126	63.666	63.27	62.922	62.608
286.6	77.062	76.503	75.206	73.615	71.887	70.222	68.749	67.485	66.433	65.574	64.876	64.304	63.823	63.411	63.05	62.728
286.7	77.299	76.789	75.581	74.058	72.366	70.698	69.191	67.883	66.785	65.88	65.144	64.543	64.041	63.612	63.238	62.905
286.8	77.532	77.069	75.947	74.496	72.846	71.181	69.647	68.297	67.152	66.205	65.432	64.803	64.277	63.829	63.441	63.097
286.9	77.764	77.342	76.305	74.928	73.328	71.672	70.114	68.726	67.536	66.545	65.733	65.071	64.52	64.053	63.65	63.294
287	77.994	77.611	76.652	75.351	73.807	72.167	70.59	69.167	67.935	66.9	66.045	65.346	64.769	64.281	63.862	63.494
287.1	78.221	77.874	76.992	75.769	74.287	72.674	71.091	69.638	68.365	67.287	66.39	65.655	65.051	64.541	64.105	63.724
287.2	78.447	78.132	77.325	76.182	74.766	73.192	71.612	70.135	68.823	67.703	66.765	65.996	65.364	64.831	64.376	63.981
287.3	78.671	78.386	77.648	76.584	75.236	73.707	72.139	70.644	69.297	68.136	67.157	66.349	65.683	65.125	64.651	64.241
287.4	78.894	78.636	77.962	76.975	75.699	74.22	72.663	71.149	69.772	68.571	67.552	66.701	65.999	65.415	64.92	64.494
287.5	79.117	78.883	78.269	77.355	76.151	74.729	73.188	71.66	70.256	69.018	67.958	67.069	66.332	65.722	65.205	64.762
287.6	79.338	79.127	78.568	77.725	76.593	75.23	73.722	72.195	70.77	69.498	68.399	67.471	66.701	66.062	65.522	65.06
287.7	79.56	79.369	78.86	78.085	77.029	75.728	74.262	72.747	71.306	70.002	68.865	67.898	67.09	66.419	65.855	65.373
287.8	79.781	79.608	79.146	78.436	77.454	76.218	74.798	73.301	71.849	70.518	69.345	68.34	67.493	66.788	66.198	65.696
287.9	80.001	79.845	79.425	78.774	77.86	76.692	75.323	73.847	72.389	71.034	69.828	68.786	67.903	67.167	66.551	66.027
288	80.221	80.079	79.698	79.102	78.254	77.152	75.838	74.393	72.937	71.564	70.326	69.248	68.328	67.558	66.914	66.367
288.1	80.44	80.312	79.964	79.419	78.634	77.599	76.342	74.937	73.493	72.106	70.84	69.727	68.771	67.965	67.288	66.717
288.2	80.658	80.541	80.225	79.726	79.001	78.032	76.835	75.473	74.047	72.652	71.362	70.216	69.225	68.382	67.674	67.078
288.3	80.875	80.769	80.48	80.024	79.355	78.45	77.315	76	74.594	73.193	71.883	70.707	69.681	68.804	68.066	67.444
288.4	81.091	80.994	80.731	80.313	79.698	78.855	77.782	76.519	75.137	73.735	72.409	71.205	70.145	69.235	68.462	67.811
288.5	81.306	81.217	80.976	80.593	80.03	79.249	78.238	77.029	75.681	74.289	72.952	71.723	70.632	69.687	68.88	68.198
288.6	81.52	81.438	81.217	80.866	80.349	79.626	78.675	77.522	76.216	74.841	73.498	72.249	71.127	70.15	69.31	68.6
288.7	81.733	81.658	81.454	81.132	80.655	79.985	79.094	77.998	76.736	75.384	74.04	72.773	71.625	70.615	69.743	69.003
288.8	81.945	81.876	81.688	81.391	80.952	80.331	79.498	78.459	77.246	75.922	74.582	73.301	72.128	71.088	70.184	69.41
288.9	82.157	82.093	81.918	81.644	81.239	80.665	79.888	78.907	77.744	76.453	75.124	73.835	72.64	71.571	70.636	69.829
289	82.369	82.309	82.147	81.893	81.519	80.988	80.264	79.339	78.228	76.977	75.666	74.373	73.159	72.063	71.097	70.261
289.1	82.581	82.524	82.373	82.137	81.791	81.3	80.627	79.757	78.7	77.491	76.202	74.91	73.682	72.561	71.566	70.699
289.2	82.793	82.739	82.597	82.377	82.057	81.602	80.977	80.162	79.158	77.994	76.73	75.442	74.203	73.061	72.037	71.141
289.3	83.004	82.953	82.819	82.614	82.316	81.895	81.316	80.553	79.603	78.486	77.251	75.971	74.726	73.564	72.515	71.59
289.4	83.215	83.167	83.04	82.847	82.569	82.179	81.642	80.929	80.031	78.963	77.764	76.501	75.254	74.077	73.004	72.05
289.5	83.426	83.38	83.259	83.077	82.818	82.455	81.956	81.29	80.444	79.426	78.267	77.026	75.782	74.593	73.498	72.518
289.6	83.636	83.592	83.477	83.305	83.062	82.724	82.259	81.639	80.843	79.876	78.759	77.544	76.307	75.11	73.996	72.991
289.7	83.847	83.804	83.694	83.53	83.301	82.986	82.554	81.975	81.229	80.311	79.239	78.055	76.83	75.629	74.5	73.471
289.8	84.057	84.016	83.909	83.753	83.537	83.242	82.84	82.3	81.601	80.732	79.706	78.557	77.35	76.149	75.007	73.958
289.9	84.266	84.226	84.124	83.974	83.77	83.493	83.117	82.614	81.959	81.139	80.159	79.048	77.863	76.666	75.515	74.447
290	84.475	84.436	84.337	84.194	83.999	83.738	83.388	82.92	82.307	81.535	80.601	79.531	78.37	77.182	76.026	74.942
290.1	84.684	84.647	84.55	84.412	84.227	83.98	83.653	83.218	82.644	81.917	81.031	80.002	78.869	77.691	76.533	75.436
290.2	84.893	84.856	84.763	84.629	84.452	84.218	83.912	83.505	82.968	82.285	81.445	80.459	79.357	78.195	77.039	75.932
290.3	85.102	85.066	84.975	84.846	84.675	84.453	84.164	83.783	83.281	82.64	81.845	80.903	79.837	78.697	77.547	76.433
290.4	85.31	85.275	85.186	85.061	84.897	84.685	84.412	84.054	83.584	82.982	82.232	81.333	80.306	79.191	78.05	76.933
290.5	85.517	85.483	85.397	85.274	85.116	84.914	84.655	84.318	83.878	83.313	82.606	81.751	80.763	79.676	78.549	77.431
290.6	85.724	85.691	85.606	85.487	85.334	85.14	84.894	84.577	84.164	83.634	82.967	82.156	81.209	80.154	79.043	77.93
290.7	85.931	85.898	85.815	85.699	85.55	85.364	85.129	84.83	84.442	83.944	83.317	82.548	81.642	80.621	79.532	78.425
290.8	86.136	86.104	86.023	85.91	85.765	85.585	85.361	85.078	84.713	84.246	83.655	82.927	82.063	81.078	80.013	78.917
290.9	86.341	86.31	86.231	86.12	85.979	85.805	85.59	85.321	84.977	84.538	83.982	83.295	82.471	81.523	80.485	79.402
291	86.546	86.515	86.437	86.329	86.192	86.023	85.817	85.561	85.236	84.822	84.299	83.65	82.867	81.958	80.948	79.881
291.1	86.75	86.72	86.644	86.538	86.404	86.24	86.042	85.797	85.489	85.1	84.607	83.994	83.251	82.38	81.403	80.356
291.2	86.955	86.925	86.851	86.746	86.616	86.457	86.265	86.031	85.738	85.37	84.906	84.328	83.623	82.792	81.848	80.825
291.3	87.16	87.131	87.057	86.955	86.828	86.673	86.487	86.262	85.984	85.636	85.198	84.653	83.985	83.192	82.283	81.287
291.4	87.365	87.336	87.265	87.165	87.039	86.888	86.708	86.492	86.226	85.897	85.483	84.969	84.337	83.582	82.709	81.741
291.5	87.57	87.542	87.472	87.374	87.251	87.104	86.929	86.72	86.466	86.153	85.762	85.276	84.679	83.96	83.124	82.188
291.6	87.775	87.748	87.679	87.583	87.463	87.319	87.148	86.946	86.703	86.405	86.035	85.576	85.011	84.328	83.528	82.624
291.7	87.98	87.954	87.886	87.791	87.674	87.533	87.367	87.171	86.937	86.653	86.302	85.868	85.333	84.686	83.922	83.051
291.8	88.185	88.159	88.092	88	87.884	87.746	87.585	87.395	87.169	86.897	86.563	86.153	85.647	85.033	84.304	83.467
291.9	88.389	88.364	88.299	88.208	88.094	87.959	87.801	87.616	87.399	87.138	86.821	86.431	85.953	85.371	84.677	83.874
292	88.593	88.568	88.504	88.415	88.304	88.171	88.017	87.837	87.627	87.377	87.074	86.704	86.251	85.7	85.039	84.27
292.1	88.796	88.772	88.709	88.622	88.513	88.382	88.231	88.056	87.852	87.611	87.322	86.97	86.541	86.018	85.39	84.655
292.2	88.999	88.975	88.914	88.828	88.72	88.593	88.445	88.274	88.076	87.843	87.566	87.231	86.823	86.328	85.732	85.03
292.3	89.201	89.178	89.117	89.033	88.928	88.803	88.658	88.49	88.298	88.073	87.806	87.487	87.1	86.63	86.064	85.394
292.4	89.403	89.38	89.321	89.238	89.135	89.012	88.87	88.706	88.519	88.301	88.044	87.739	87.37	86.925	86.387	85.749
292.5	89.605	89.583	89.525	89.444	89.342	89.221	89.082	88.922	88.739	88.527	88.28	87.987	87.636	87.213	86.702	86.094
292.6	89.807	89.785	89.729	89.649	89.549	89.431	89.294	89.137	88.958	88.753	88.514	88.233	87.898	87.495	87.01	86.431
292.7	90.009	89.988	89.932	89.854	89.756	89.64	89.505	89.351	89.176	88.977	88.745	88.475	88.155	87.771	87.31	86.76
292.8	90.211	90.19	90.135	90.059	89.963	89.848	89.716	89.565	89.394	89.199	88.975	88.715	88.408	88.042	87.604	87.08
292.9	90.413	90.392	90.339	90.263	90.169	90.056	89.927	89.779	89.611	89.421	89.203	88.952	88.657	88.308	87.89	87.392
293	90.614	90.594	90.541	90.467	90.375	90.264	90.137	89.991	89.827	89.642	89.43	89.187	88.903	88.569	88.171	87.697
293.1	90.815	90.795	90.744	90.671	90.58	90.472	90.346	90.204	90.043	89.861	89.655	89.419	89.147	88.826	88.447	87.995
293.2	91.016	90.997	90.946	90.875	90.785	90.679	90.556	90.416	90.258	90.08	89.879	89.65	89.387	89.08	88.717	88.286
293.3	91.217	91.198	91.148	91.078	90.99	90.886	90.765	90.627	90.472	90.298	90.102	89.88	89.625	89.33	88.983	88.572
293.4	91.418	91.399	91.35	91.281	91.195	91.092	90.973	90.838	90.686	90.516	90.324	90.108	89.861	89.576	89.244	88.852
293.5	91.618	91.6	91.552	91.484	91.4	91.299	91.182	91.049	90.899	90.732	90.545	90.334	90.095	89.82	89.501	89.126
293.6	91.818	91.8	91.754	91.687	91.604	91.504	91.39	91.259	91.112	90.948	90.765	90.559	90.327	90.062	89.755	89.396
293.7	92.018	92.001	91.955	91.889	91.808	91.71	91.597	91.469	91.325	91.164	90.984	90.783	90.557	90.3	90.005	89.661
293.8	92.218	92.201	92.155	92.091	92.011	91.915	91.804	91.678	91.536	91.378	91.202	91.006	90.786	90.537	90.251	89.921
293.9	92.417	92.4	92.356	92.293	92.214	92.12	92.011	91.886	91.747	91.592	91.419	91.228	91.013	90.771	90.496	90.178
294	92.616	92.6	92.556	92.494	92.416	92.324	92.216	92.094	91.957	91.805	91.636	91.448	91.239	91.004	90.737	90.431
294.1	92.815	92.799	92.756	92.695	92.618	92.527	92.422	92.302	92.167	92.017	91.851	91.668	91.463	91.234	90.975	90.68
294.2	93.013	92.997	92.955	92.895	92.82	92.731	92.627	92.509	92.376	92.229	92.066	91.886	91.686	91.463	91.212	90.926
294.3	93.212	93.196	93.155	93.096	93.022	92.934	92.832	92.716	92.585	92.441	92.28	92.104	91.908	91.69	91.446	91.17
294.4	93.41	93.395	93.354	93.296	93.223	93.137	93.036	92.922	92.794	92.652	92.494	92.321	92.129	91.917	91.679	91.412
294.5	93.609	93.594	93.554	93.497	93.425	93.34	93.241	93.129	93.003	92.863	92.708	92.538	92.35	92.142	91.911	91.651
294.6	93.808	93.793	93.754	93.698	93.627	93.543	93.446	93.336	93.212	93.074	92.922	92.755	92.57	92.367	92.141	91.889
294.7	94.007	93.992	93.954	93.899	93.829	93.747	93.651	93.543	93.421	93.285	93.136	92.971	92.79	92.591	92.371	92.126
294.8	94.206	94.192	94.154	94.099	94.031	93.95	93.856	93.749	93.629	93.496	93.348	93.187	93.009	92.814	92.599	92.36
294.9	94.405	94.391	94.353	94.3	94.233	94.152	94.06	93.955	93.837	93.705	93.561	93.402	93.227	93.036	92.825	92.592
295	94.603	94.589	94.552	94.5	94.434	94.355	94.264	94.16	94.044	93.915	93.772	93.616	93.444	93.257	93.051	92.823
295.1	94.801	94.787	94.751	94.699	94.634	94.556	94.467	94.365	94.25	94.123	93.983	93.829	93.661	93.476	93.274	93.052
295.2	94.998	94.985	94.949	94.898	94.834	94.757	94.669	94.569	94.456	94.331	94.193	94.042	93.876	93.695	93.497	93.28
295.3	95.195	95.182	95.147	95.096	95.033	94.958	94.871	94.772	94.661	94.538	94.402	94.253	94.09	93.913	93.718	93.506
295.4	95.391	95.378	95.344	95.294	95.232	95.158	95.072	94.975	94.865	94.744	94.61	94.464	94.304	94.129	93.939	93.73
295.5	95.587	95.574	95.54	95.492	95.43	95.357	95.273	95.177	95.069	94.95	94.818	94.674	94.516	94.345	94.158	93.954
295.6	95.783	95.771	95.737	95.689	95.629	95.557	95.474	95.379	95.273	95.155	95.026	94.884	94.729	94.56	94.376	94.176
295.7	95.979	95.967	95.934	95.887	95.827	95.756	95.674	95.581	95.476	95.361	95.233	95.093	94.941	94.775	94.594	94.398
295.8	96.175	96.163	96.13	96.084	96.025	95.955	95.874	95.782	95.679	95.565	95.44	95.302	95.152	94.989	94.811	94.619
295.9	96.371	96.359	96.327	96.281	96.223	96.154	96.074	95.984	95.882	95.77	95.646	95.51	95.363	95.202	95.028	94.839
296	96.567	96.555	96.523	96.478	96.421	96.353	96.274	96.185	96.085	95.974	95.852	95.719	95.573	95.416	95.244	95.059
296.1	96.762	96.751	96.72	96.675	96.619	96.552	96.474	96.386	96.288	96.179	96.058	95.927	95.784	95.629	95.46	95.278
296.2	96.958	96.947	96.916	96.872	96.817	96.751	96.674	96.588	96.49	96.383	96.264	96.135	95.994	95.841	95.676	95.496
296.3	97.154	97.143	97.113	97.069	97.015	96.949	96.874	96.788	96.693	96.586	96.47	96.342	96.203	96.053	95.89	95.714
296.4	97.35	97.339	97.309	97.266	97.212	97.148	97.073	96.989	96.894	96.79	96.675	96.549	96.412	96.264	96.104	95.931
296.5	97.545	97.534	97.505	97.463	97.41	97.346	97.273	97.189	97.096	96.993	96.88	96.756	96.621	96.475	96.318	96.147
296.6	97.741	97.73	97.701	97.66	97.607	97.545	97.472	97.39	97.298	97.196	97.084	96.962	96.83	96.686	96.531	96.363
296.7	97.937	97.926	97.898	97.857	97.805	97.743	97.672	97.591	97.5	97.4	97.289	97.169	97.038	96.897	96.744	96.579
296.8	98.133	98.122	98.094	98.054	98.002	97.941	97.871	97.791	97.701	97.602	97.494	97.375	97.246	97.107	96.957	96.794
296.9	98.328	98.318	98.29	98.25	98.199	98.139	98.069	97.99	97.902	97.805	97.697	97.58	97.453	97.316	97.168	97.008
297	98.523	98.513	98.485	98.446	98.396	98.337	98.268	98.19	98.103	98.006	97.901	97.785	97.66	97.525	97.379	97.222
297.1	98.718	98.708	98.681	98.642	98.592	98.534	98.466	98.389	98.303	98.208	98.104	97.99	97.866	97.733	97.589	97.434
297.2	98.912	98.902	98.876	98.837	98.789	98.731	98.664	98.588	98.503	98.409	98.306	98.194	98.072	97.941	97.799	97.646
297.3	99.106	99.097	99.07	99.032	98.984	98.927	98.861	98.786	98.702	98.61	98.508	98.397	98.277	98.148	98.008	97.858
297.4	99.3	99.291	99.265	99.227	99.18	99.123	99.058	98.984	98.901	98.81	98.71	98.6	98.482	98.354	98.216	98.068
297.5	99.494	99.484	99.459	99.421	99.375	99.319	99.254	99.181	99.1	99.009	98.911	98.803	98.686	98.56	98.424	98.278
297.6	99.687	99.678	99.653	99.616	99.57	99.515	99.451	99.379	99.298	99.209	99.112	99.005	98.89	98.766	98.632	98.488
297.7	99.881	99.872	99.847	99.811	99.765	99.71	99.647	99.576	99.497	99.409	99.312	99.207	99.094	98.971	98.839	98.697
297.8	100.07	100.07	100.04	100	99.96	99.906	99.844	99.773	99.695	99.608	99.513	99.409	99.297	99.176	99.046	98.906
297.9	100.27	100.26	100.23	100.2	100.15	100.1	100.04	99.97	99.893	99.807	99.713	99.611	99.5	99.381	99.252	99.114
298	100.46	100.45	100.43	100.39	100.35	100.3	100.24	100.17	100.09	100.01	99.913	99.812	99.703	99.585	99.458	99.322
298.1	100.66	100.65	100.62	100.59	100.54	100.49	100.43	100.36	100.29	100.2	100.11	100.01	99.906	99.789	99.664	99.53
298.2	100.85	100.84	100.82	100.78	100.74	100.69	100.63	100.56	100.49	100.4	100.31	100.21	100.11	99.993	99.87	99.737
298.3	101.04	101.03	101.01	100.98	100.93	100.88	100.82	100.76	100.68	100.6	100.51	100.42	100.31	100.2	100.07	99.944
298.4	101.23	101.23	101.2	101.17	101.13	101.08	101.02	100.95	100.88	100.8	100.71	100.62	100.51	100.4	100.28	100.15
298.5	101.43	101.42	101.4	101.36	101.32	101.27	101.21	101.15	101.08	101	100.91	100.82	100.71	100.6	100.48	100.36
298.6	101.62	101.61	101.59	101.56	101.52	101.47	101.41	101.35	101.27	101.2	101.11	101.02	100.91	100.8	100.69	100.56
298.7	101.81	101.8	101.78	101.75	101.71	101.66	101.6	101.54	101.47	101.39	101.31	101.22	101.12	101.01	100.89	100.77
298.8	102.01	102	101.98	101.94	101.9	101.85	101.8	101.74	101.67	101.59	101.51	101.41	101.32	101.21	101.09	100.97
298.9	102.2	102.19	102.17	102.14	102.1	102.05	101.99	101.93	101.86	101.79	101.7	101.61	101.52	101.41	101.3	101.18
299	102.39	102.38	102.36	102.33	102.29	102.24	102.19	102.13	102.06	101.98	101.9	101.81	101.72	101.61	101.5	101.38
299.1	102.58	102.58	102.55	102.52	102.48	102.44	102.38	102.32	102.26	102.18	102.1	102.01	101.92	101.81	101.7	101.58
299.2	102.78	102.77	102.75	102.72	102.68	102.63	102.58	102.52	102.45	102.38	102.3	102.21	102.11	102.01	101.9	101.79
299.3	102.97	102.96	102.94	102.91	102.87	102.82	102.77	102.71	102.65	102.57	102.49	102.41	102.31	102.21	102.1	101.99
299.4	103.16	103.15	103.13	103.1	103.06	103.02	102.96	102.91	102.84	102.77	102.69	102.6	102.51	102.41	102.31	102.19
299.5	103.35	103.34	103.32	103.29	103.25	103.21	103.16	103.1	103.04	102.96	102.89	102.8	102.71	102.61	102.51	102.39
299.6	103.54	103.53	103.51	103.48	103.45	103.4	103.35	103.29	103.23	103.16	103.08	103	102.91	102.81	102.71	102.59
299.7	103.73	103.73	103.71	103.68	103.64	103.6	103.54	103.49	103.42	103.35	103.28	103.19	103.11	103.01	102.91	102.8
299.8	103.92	103.92	103.9	103.87	103.83	103.79	103.74	103.68	103.62	103.55	103.47	103.39	103.3	103.21	103.1	103
299.9	104.11	104.11	104.09	104.06	104.02	103.98	103.93	103.87	103.81	103.74	103.67	103.59	103.5	103.4	103.3	103.2
300	104.31	104.3	104.28	104.25	104.21	104.17	104.12	104.07	104.01	103.94	103.86	103.78	103.7	103.6	103.5	103.4
300.1	104.5	104.49	104.47	104.44	104.41	104.36	104.31	104.26	104.2	104.13	104.06	103.98	103.89	103.8	103.7	103.6
300.2	104.69	104.68	104.66	104.63	104.6	104.55	104.51	104.45	104.39	104.32	104.25	104.17	104.09	104	103.9	103.79
300.3	104.88	104.87	104.85	104.82	104.79	104.75	104.7	104.64	104.58	104.52	104.45	104.37	104.28	104.19	104.1	103.99
300.4	105.07	105.06	105.04	105.01	104.98	104.94	104.89	104.84	104.78	104.71	104.64	104.56	104.48	104.39	104.29	104.19
300.5	105.26	105.25	105.23	105.2	105.17	105.13	105.08	105.03	104.97	104.91	104.83	104.76	104.68	104.59	104.49	104.39
300.6	105.45	105.44	105.42	105.4	105.36	105.32	105.27	105.22	105.16	105.1	105.03	104.95	104.87	104.78	104.69	104.59
300.7	105.64	105.63	105.61	105.59	105.55	105.51	105.47	105.41	105.36	105.29	105.22	105.15	105.07	104.98	104.89	104.79
300.8	105.83	105.82	105.8	105.78	105.74	105.7	105.66	105.61	105.55	105.49	105.42	105.34	105.26	105.18	105.08	104.99
300.9	106.02	106.01	105.99	105.97	105.93	105.9	105.85	105.8	105.74	105.68	105.61	105.54	105.46	105.37	105.28	105.18
301	106.21	106.2	106.18	106.16	106.13	106.09	106.04	105.99	105.94	105.87	105.81	105.73	105.65	105.57	105.48	105.38
301.1	106.4	106.39	106.37	106.35	106.32	106.28	106.23	106.18	106.13	106.07	106	105.93	105.85	105.76	105.68	105.58
301.2	106.59	106.58	106.56	106.54	106.51	106.47	106.42	106.37	106.32	106.26	106.19	106.12	106.04	105.96	105.87	105.78
301.3	106.78	106.77	106.75	106.73	106.7	106.66	106.62	106.57	106.51	106.45	106.39	106.31	106.24	106.16	106.07	105.97
301.4	106.97	106.96	106.94	106.92	106.89	106.85	106.81	106.76	106.7	106.64	106.58	106.51	106.43	106.35	106.26	106.17
301.5	107.16	107.15	107.13	107.11	107.08	107.04	107	106.95	106.9	106.84	106.77	106.7	106.63	106.55	106.46	106.37
301.6	107.35	107.34	107.32	107.3	107.27	107.23	107.19	107.14	107.09	107.03	106.96	106.9	106.82	106.74	106.66	106.57
301.7	107.54	107.53	107.51	107.49	107.46	107.42	107.38	107.33	107.28	107.22	107.16	107.09	107.01	106.94	106.85	106.76
301.8	107.72	107.72	107.7	107.68	107.65	107.61	107.57	107.52	107.47	107.41	107.35	107.28	107.21	107.13	107.05	106.96
301.9	107.91	107.91	107.89	107.87	107.84	107.8	107.76	107.71	107.66	107.6	107.54	107.47	107.4	107.32	107.24	107.15
302	108.1	108.1	108.08	108.06	108.03	107.99	107.95	107.9	107.85	107.8	107.73	107.67	107.6	107.52	107.44	107.35
302.1	108.29	108.28	108.27	108.24	108.21	108.18	108.14	108.09	108.04	107.99	107.93	107.86	107.79	107.71	107.63	107.55
302.2	108.48	108.47	108.46	108.43	108.4	108.37	108.33	108.28	108.23	108.18	108.12	108.05	107.98	107.91	107.83	107.74
302.3	108.67	108.66	108.65	108.62	108.59	108.56	108.52	108.47	108.43	108.37	108.31	108.25	108.18	108.1	108.02	107.94
302.4	108.86	108.85	108.84	108.81	108.78	108.75	108.71	108.67	108.62	108.56	108.5	108.44	108.37	108.3	108.22	108.13
302.5	109.05	109.04	109.02	109	108.97	108.94	108.9	108.86	108.81	108.75	108.69	108.63	108.56	108.49	108.41	108.33
302.6	109.23	109.23	109.21	109.19	109.16	109.13	109.09	109.05	109	108.94	108.89	108.82	108.76	108.68	108.61	108.52
302.7	109.42	109.42	109.4	109.38	109.35	109.32	109.28	109.24	109.19	109.13	109.08	109.01	108.95	108.88	108.8	108.72
302.8	109.61	109.6	109.59	109.57	109.54	109.51	109.47	109.43	109.38	109.33	109.27	109.21	109.14	109.07	108.99	108.91
302.9	109.8	109.79	109.78	109.76	109.73	109.69	109.66	109.61	109.57	109.52	109.46	109.4	109.33	109.26	109.19	109.11
303	109.99	109.98	109.96	109.94	109.92	109.88	109.85	109.8	109.76	109.7	109.65	109.59	109.52	109.45	109.38	109.3
303.1	110.17	110.17	110.15	110.13	110.1	110.07	110.03	109.99	109.95	109.89	109.84	109.78	109.71	109.65	109.57	109.49
303.2	110.36	110.35	110.34	110.32	110.29	110.26	110.22	110.18	110.14	110.08	110.03	109.97	109.91	109.84	109.76	109.69
303.3	110.55	110.54	110.53	110.51	110.48	110.45	110.41	110.37	110.32	110.27	110.22	110.16	110.1	110.03	109.96	109.88
303.4	110.74	110.73	110.72	110.69	110.67	110.64	110.6	110.56	110.51	110.46	110.41	110.35	110.29	110.22	110.15	110.07
303.5	110.92	110.92	110.9	110.88	110.86	110.82	110.79	110.75	110.7	110.65	110.6	110.54	110.48	110.41	110.34	110.27
303.6	111.11	111.11	111.09	111.07	111.04	111.01	110.98	110.94	110.89	110.84	110.79	110.73	110.67	110.61	110.53	110.46
303.7	111.3	111.29	111.28	111.26	111.23	111.2	111.17	111.13	111.08	111.03	110.98	110.92	110.86	110.8	110.73	110.65
303.8	111.49	111.48	111.47	111.45	111.42	111.39	111.35	111.32	111.27	111.22	111.17	111.11	111.05	110.99	110.92	110.85
303.9	111.67	111.67	111.65	111.63	111.61	111.58	111.54	111.5	111.46	111.41	111.36	111.3	111.24	111.18	111.11	111.04
304	111.86	111.85	111.84	111.82	111.8	111.77	111.73	111.69	111.65	111.6	111.55	111.49	111.43	111.37	111.3	111.23
304.1	112.05	112.04	112.03	112.01	111.98	111.95	111.92	111.88	111.84	111.79	111.74	111.68	111.62	111.56	111.49	111.42
304.2	112.23	112.23	112.21	112.19	112.17	112.14	112.11	112.07	112.02	111.98	111.93	111.87	111.81	111.75	111.68	111.61
304.3	112.42	112.41	112.4	112.38	112.36	112.33	112.29	112.25	112.21	112.17	112.12	112.06	112	111.94	111.87	111.8
304.4	112.61	112.6	112.59	112.57	112.54	112.51	112.48	112.44	112.4	112.35	112.31	112.25	112.19	112.13	112.07	112
304.5	112.79	112.79	112.77	112.75	112.73	112.7	112.67	112.63	112.59	112.54	112.49	112.44	112.38	112.32	112.26	112.19
304.6	112.98	112.97	112.96	112.94	112.92	112.89	112.85	112.82	112.78	112.73	112.68	112.63	112.57	112.51	112.45	112.38
304.7	113.16	113.16	113.15	113.13	113.1	113.07	113.04	113.01	112.96	112.92	112.87	112.82	112.76	112.7	112.64	112.57
304.8	113.35	113.35	113.33	113.31	113.29	113.26	113.23	113.19	113.15	113.11	113.06	113.01	112.95	112.89	112.83	112.76
304.9	113.54	113.53	113.52	113.5	113.48	113.45	113.42	113.38	113.34	113.3	113.25	113.2	113.14	113.08	113.02	112.95
305	113.72	113.72	113.7	113.69	113.66	113.64	113.6	113.57	113.53	113.48	113.44	113.39	113.33	113.27	113.21	113.14
