0	0	0.1	0.2	0.3	0.4	0.5	0.6	0.7	0.8	0.9	1	1.1	1.2	1.3	1.4	1.5
263.9	0	-0.021248	-0.064103	-0.10831	-0.15339	-0.19874	-0.24438	-0.29005	-0.33579	-0.38156	-0.4273	-0.47274	-0.51796	-0.5631	-0.60811	-0.65283
264	0.21937	0.19806	0.15507	0.11073	0.06551	0.020007	-0.025781	-0.071583	-0.11744	-0.16333	-0.20917	-0.25473	-0.30006	-0.34532	-0.39044	-0.43529
264.1	0.43903	0.41765	0.37453	0.33004	0.28468	0.23902	0.19309	0.14715	0.10117	0.055174	0.0092222	-0.036449	-0.08189	-0.12726	-0.1725	-0.21747
264.2	0.65892	0.63748	0.5942	0.54955	0.50404	0.45824	0.41216	0.36608	0.31997	0.27387	0.22782	0.18203	0.13648	0.091004	0.04564	0.00055317
264.3	0.87943	0.85791	0.81447	0.76966	0.724	0.67805	0.63182	0.5856	0.53936	0.49315	0.447	0.4011	0.35544	0.30985	0.26437	0.21916
264.4	1.1007	1.0791	1.0355	0.99051	0.94469	0.8986	0.85222	0.80586	0.75949	0.71317	0.66691	0.6209	0.57513	0.52943	0.48383	0.4385
264.5	1.3226	1.3009	1.2571	1.212	1.166	1.1198	1.0732	1.0267	0.98024	0.93381	0.88744	0.84133	0.79543	0.74962	0.70391	0.65846
264.6	1.545	1.5232	1.4793	1.4339	1.3878	1.3414	1.2947	1.2481	1.2015	1.1549	1.1084	1.0622	1.0162	0.97027	0.92445	0.87887
264.7	1.7672	1.7454	1.7013	1.6558	1.6094	1.5629	1.5161	1.4694	1.4226	1.3759	1.3293	1.283	1.2369	1.1908	1.1449	1.0992
264.8	1.9887	1.9668	1.9225	1.8768	1.8303	1.7836	1.7367	1.6898	1.6429	1.5961	1.5494	1.503	1.4567	1.4105	1.3645	1.3187
264.9	2.2096	2.1876	2.1431	2.0972	2.0506	2.0038	1.9568	1.9097	1.8627	1.8158	1.769	1.7224	1.676	1.6297	1.5835	1.5376
265	2.4302	2.4082	2.3635	2.3175	2.2707	2.2237	2.1766	2.1294	2.0823	2.0353	1.9883	1.9416	1.8951	1.8487	1.8024	1.7563
265.1	2.6509	2.6287	2.5839	2.5377	2.4908	2.4437	2.3964	2.3492	2.3019	2.2547	2.2077	2.1608	2.1142	2.0676	2.0212	1.975
265.2	2.8716	2.8494	2.8045	2.7581	2.711	2.6638	2.6164	2.569	2.5216	2.4744	2.4272	2.3802	2.3334	2.2867	2.2402	2.1939
265.3	3.0923	3.07	3.0249	2.9784	2.9311	2.8838	2.8363	2.7888	2.7413	2.6939	2.6466	2.5995	2.5525	2.5057	2.4591	2.4126
265.4	3.313	3.2906	3.2453	3.1987	3.1512	3.1038	3.0562	3.0086	2.961	2.9135	2.866	2.8188	2.7717	2.7248	2.678	2.6314
265.5	3.5338	3.5113	3.4659	3.4191	3.3716	3.324	3.2763	3.2285	3.1808	3.1332	3.0857	3.0382	2.991	2.944	2.8971	2.8504
265.6	3.7548	3.7322	3.6867	3.6398	3.5921	3.5444	3.4966	3.4488	3.4009	3.3532	3.3055	3.258	3.2106	3.1634	3.1164	3.0697
265.7	3.9761	3.9535	3.9079	3.8608	3.813	3.7652	3.7172	3.6693	3.6213	3.5735	3.5257	3.478	3.4305	3.3832	3.3361	3.2893
265.8	4.1976	4.1749	4.1292	4.082	4.0341	3.9861	3.9381	3.89	3.842	3.794	3.7461	3.6983	3.6507	3.6032	3.556	3.5091
265.9	4.4189	4.3961	4.3502	4.3029	4.2549	4.2068	4.1587	4.1105	4.0623	4.0143	3.9663	3.9183	3.8705	3.823	3.7757	3.7286
266	4.6398	4.617	4.571	4.5236	4.4755	4.4273	4.379	4.3307	4.2824	4.2343	4.1862	4.1381	4.0902	4.0425	3.9951	3.9479
266.1	4.8608	4.8379	4.7918	4.7443	4.696	4.6477	4.5993	4.551	4.5025	4.4543	4.4061	4.3579	4.3098	4.2621	4.2145	4.1673
266.2	5.0818	5.0588	5.0125	4.965	4.9166	4.8682	4.8197	4.7712	4.7227	4.6743	4.6259	4.5776	4.5295	4.4816	4.434	4.3866
266.3	5.3028	5.2798	5.2334	5.1858	5.1373	5.0888	5.0401	4.9915	4.9429	4.8944	4.8459	4.7975	4.7492	4.7012	4.6535	4.606
266.4	5.5242	5.5011	5.4546	5.4068	5.3583	5.3096	5.2609	5.2121	5.1634	5.1147	5.0662	5.0176	4.9692	4.9211	4.8733	4.8257
266.5	5.7453	5.7222	5.6756	5.6277	5.5791	5.5303	5.4814	5.4326	5.3837	5.335	5.2863	5.2376	5.1891	5.1409	5.0929	5.0453
266.6	5.9664	5.9431	5.8964	5.8485	5.7998	5.7509	5.7019	5.6529	5.6039	5.555	5.5062	5.4574	5.4088	5.3604	5.3124	5.2646
266.7	6.1876	6.1643	6.1175	6.0695	6.0207	5.9717	5.9225	5.8734	5.8243	5.7752	5.7263	5.6774	5.6286	5.5802	5.532	5.4841
266.8	6.4089	6.3855	6.3385	6.2904	6.2415	6.1924	6.1431	6.0939	6.0446	5.9955	5.9464	5.8974	5.8485	5.7999	5.7517	5.7036
266.9	6.63	6.6066	6.5595	6.5113	6.4623	6.4131	6.3636	6.3142	6.2649	6.2156	6.1664	6.1172	6.0682	6.0195	5.9712	5.923
267	6.8511	6.8276	6.7804	6.732	6.6829	6.6336	6.584	6.5345	6.4849	6.4355	6.3862	6.3369	6.2878	6.2389	6.1905	6.1422
267.1	7.0719	7.0483	7.0009	6.9525	6.9033	6.8538	6.8041	6.7544	6.7047	6.6552	6.6057	6.5563	6.507	6.4581	6.4095	6.3611
267.2	7.2927	7.269	7.2215	7.1729	7.1236	7.074	7.0242	6.9743	6.9245	6.8748	6.8252	6.7756	6.7262	6.6772	6.6285	6.58
267.3	7.5139	7.4903	7.4426	7.3939	7.3444	7.2947	7.2448	7.1947	7.1447	7.0949	7.0451	6.9955	6.9459	6.8968	6.8479	6.7993
267.4	7.7355	7.7118	7.664	7.6151	7.5655	7.5157	7.4656	7.4155	7.3653	7.3153	7.2654	7.2156	7.1659	7.1166	7.0676	7.0189
267.5	7.9572	7.9334	7.8855	7.8364	7.7867	7.7368	7.6865	7.6362	7.5858	7.5357	7.4856	7.4357	7.3859	7.3365	7.2874	7.2385
267.6	8.179	8.1551	8.1071	8.0579	8.008	7.9579	7.9076	7.8571	7.8065	7.7562	7.706	7.656	7.6061	7.5565	7.5072	7.4582
267.7	8.4008	8.3769	8.3287	8.2794	8.2293	8.1791	8.1286	8.078	8.0273	7.9768	7.9264	7.8762	7.8262	7.7765	7.7271	7.678
267.8	8.6227	8.5987	8.5504	8.501	8.4508	8.4004	8.3498	8.299	8.2481	8.1974	8.147	8.0966	8.0465	7.9966	7.9471	7.8978
267.9	8.8448	8.8207	8.7723	8.7227	8.6724	8.6218	8.571	8.5201	8.4691	8.4182	8.3676	8.3171	8.2669	8.2169	8.1672	8.1178
268	9.0666	9.0425	8.994	8.9442	8.8937	8.843	8.7921	8.741	8.6898	8.6388	8.588	8.5374	8.487	8.4369	8.3871	8.3376
268.1	9.2881	9.2639	9.2153	9.1653	9.1147	9.0639	9.0127	8.9615	8.9102	8.859	8.8081	8.7574	8.7068	8.6566	8.6066	8.557
268.2	9.5095	9.4853	9.4365	9.3864	9.3356	9.2846	9.2333	9.182	9.1305	9.0792	9.0281	8.9773	8.9266	8.8762	8.8261	8.7763
268.3	9.7311	9.7068	9.6579	9.6076	9.5567	9.5055	9.4541	9.4025	9.3509	9.2995	9.2483	9.1973	9.1465	9.096	9.0457	8.9958
268.4	9.9527	9.9284	9.8794	9.829	9.7779	9.7265	9.6749	9.6232	9.5715	9.5199	9.4685	9.4174	9.3665	9.3158	9.2655	9.2154
268.5	10.175	10.15	10.101	10.05	9.9992	9.9477	9.8959	9.844	9.7921	9.7404	9.6889	9.6377	9.5866	9.5358	9.4853	9.4351
268.6	10.396	10.372	10.323	10.272	10.22	10.169	10.117	10.065	10.013	9.9609	9.9093	9.8579	9.8067	9.7558	9.7052	9.6548
268.7	10.618	10.594	10.544	10.494	10.442	10.39	10.338	10.286	10.234	10.182	10.13	10.078	10.027	9.976	9.9252	9.8747
268.8	10.841	10.816	10.767	10.716	10.664	10.612	10.56	10.507	10.455	10.403	10.351	10.299	10.248	10.197	10.146	10.095
268.9	11.063	11.039	10.989	10.938	10.886	10.834	10.781	10.729	10.676	10.624	10.572	10.52	10.469	10.417	10.366	10.315
269	11.285	11.261	11.211	11.159	11.107	11.055	11.002	10.95	10.897	10.845	10.793	10.741	10.689	10.637	10.586	10.535
269.1	11.507	11.482	11.432	11.381	11.329	11.276	11.223	11.17	11.118	11.065	11.013	10.961	10.909	10.857	10.806	10.755
269.2	11.729	11.704	11.654	11.602	11.55	11.497	11.444	11.391	11.338	11.286	11.233	11.181	11.129	11.077	11.026	10.974
269.3	11.951	11.926	11.875	11.824	11.771	11.718	11.665	11.612	11.559	11.506	11.453	11.401	11.349	11.297	11.245	11.194
269.4	12.173	12.148	12.097	12.045	11.992	11.939	11.886	11.833	11.78	11.727	11.674	11.621	11.569	11.517	11.465	11.414
269.5	12.395	12.37	12.319	12.267	12.214	12.161	12.107	12.054	12	11.947	11.894	11.842	11.789	11.737	11.685	11.633
269.6	12.616	12.591	12.54	12.488	12.435	12.382	12.328	12.274	12.221	12.168	12.114	12.062	12.009	11.957	11.905	11.853
269.7	12.838	12.813	12.762	12.709	12.656	12.603	12.549	12.495	12.441	12.388	12.335	12.282	12.229	12.177	12.124	12.072
269.8	13.06	13.035	12.984	12.931	12.878	12.824	12.77	12.716	12.663	12.609	12.556	12.502	12.45	12.397	12.344	12.292
269.9	13.283	13.258	13.207	13.154	13.1	13.046	12.992	12.938	12.884	12.83	12.777	12.724	12.671	12.618	12.565	12.513
270	13.506	13.481	13.429	13.376	13.322	13.268	13.214	13.16	13.106	13.052	12.998	12.945	12.892	12.839	12.786	12.733
270.1	13.729	13.703	13.652	13.599	13.545	13.49	13.436	13.381	13.327	13.273	13.219	13.166	13.112	13.059	13.006	12.954
270.2	13.951	13.926	13.874	13.821	13.767	13.712	13.657	13.603	13.549	13.494	13.44	13.386	13.333	13.28	13.227	13.174
270.3	14.174	14.148	14.096	14.043	13.989	13.934	13.879	13.824	13.77	13.716	13.661	13.607	13.554	13.5	13.447	13.394
270.4	14.397	14.371	14.319	14.265	14.211	14.156	14.101	14.046	13.992	13.937	13.882	13.828	13.775	13.721	13.668	13.615
270.5	14.619	14.593	14.541	14.487	14.433	14.378	14.323	14.268	14.213	14.158	14.104	14.049	13.996	13.942	13.888	13.835
270.6	14.842	14.816	14.763	14.709	14.655	14.599	14.544	14.489	14.434	14.379	14.324	14.27	14.216	14.162	14.109	14.055
270.7	15.064	15.038	14.985	14.931	14.876	14.821	14.766	14.71	14.655	14.6	14.545	14.491	14.437	14.383	14.329	14.276
270.8	15.287	15.26	15.208	15.153	15.098	15.043	14.988	14.932	14.877	14.822	14.766	14.712	14.657	14.603	14.55	14.496
270.9	15.51	15.483	15.43	15.376	15.321	15.265	15.21	15.154	15.098	15.043	14.988	14.933	14.879	14.824	14.77	14.717
271	15.733	15.707	15.653	15.599	15.543	15.488	15.432	15.376	15.32	15.265	15.21	15.155	15.1	15.046	14.991	14.938
271.1	15.956	15.93	15.876	15.822	15.766	15.71	15.654	15.598	15.542	15.487	15.431	15.376	15.321	15.267	15.212	15.159
271.2	16.179	16.153	16.099	16.044	15.989	15.933	15.876	15.82	15.764	15.708	15.653	15.597	15.542	15.488	15.433	15.379
271.3	16.403	16.376	16.322	16.267	16.211	16.155	16.099	16.042	15.986	15.93	15.874	15.819	15.764	15.709	15.654	15.6
271.4	16.626	16.599	16.545	16.49	16.434	16.378	16.321	16.265	16.208	16.152	16.096	16.04	15.985	15.93	15.875	15.821
271.5	16.849	16.823	16.769	16.713	16.657	16.6	16.544	16.487	16.43	16.374	16.318	16.262	16.206	16.151	16.097	16.042
271.6	17.073	17.046	16.992	16.936	16.88	16.823	16.766	16.709	16.652	16.596	16.539	16.483	16.428	16.373	16.318	16.263
271.7	17.296	17.27	17.215	17.159	17.103	17.046	16.989	16.932	16.875	16.818	16.761	16.705	16.649	16.594	16.539	16.484
271.8	17.52	17.493	17.439	17.382	17.326	17.269	17.212	17.154	17.097	17.04	16.983	16.927	16.871	16.816	16.76	16.705
271.9	17.744	17.717	17.662	17.606	17.549	17.492	17.434	17.377	17.319	17.262	17.205	17.149	17.093	17.037	16.982	16.927
272	17.968	17.941	17.886	17.829	17.772	17.715	17.657	17.599	17.542	17.484	17.427	17.371	17.314	17.259	17.203	17.148
272.1	18.192	18.165	18.109	18.053	17.995	17.938	17.88	17.822	17.764	17.707	17.649	17.593	17.536	17.48	17.424	17.369
272.2	18.416	18.388	18.333	18.276	18.218	18.161	18.103	18.045	17.987	17.929	17.872	17.815	17.758	17.702	17.646	17.59
272.3	18.64	18.612	18.557	18.5	18.442	18.384	18.325	18.267	18.209	18.151	18.094	18.036	17.98	17.923	17.867	17.811
272.4	18.863	18.835	18.78	18.722	18.664	18.606	18.548	18.489	18.431	18.373	18.315	18.258	18.201	18.144	18.088	18.032
272.5	19.086	19.058	19.002	18.945	18.887	18.828	18.77	18.711	18.652	18.594	18.536	18.479	18.421	18.365	18.308	18.252
272.6	19.309	19.281	19.225	19.168	19.109	19.05	18.991	18.933	18.874	18.815	18.757	18.7	18.642	18.585	18.529	18.473
272.7	19.532	19.505	19.448	19.39	19.331	19.273	19.214	19.155	19.096	19.037	18.979	18.921	18.863	18.806	18.749	18.693
272.8	19.756	19.728	19.671	19.613	19.554	19.495	19.436	19.377	19.318	19.259	19.2	19.142	19.085	19.027	18.97	18.914
272.9	19.98	19.952	19.895	19.837	19.777	19.718	19.659	19.599	19.54	19.481	19.422	19.364	19.306	19.249	19.191	19.135
273	20.203	20.175	20.118	20.06	20	19.941	19.881	19.822	19.762	19.703	19.644	19.586	19.528	19.47	19.413	19.356
273.1	20.427	20.399	20.342	20.283	20.224	20.164	20.104	20.044	19.985	19.925	19.866	19.808	19.749	19.692	19.634	19.577
273.2	20.652	20.623	20.566	20.507	20.448	20.388	20.328	20.268	20.208	20.148	20.089	20.03	19.972	19.914	19.856	19.799
273.3	20.877	20.848	20.791	20.732	20.672	20.612	20.551	20.491	20.431	20.372	20.312	20.253	20.194	20.136	20.078	20.021
273.4	21.102	21.073	21.015	20.956	20.896	20.836	20.776	20.715	20.655	20.595	20.536	20.476	20.418	20.359	20.301	20.243
273.5	21.327	21.298	21.241	21.181	21.121	21.06	21	20.939	20.879	20.819	20.759	20.7	20.641	20.582	20.524	20.466
273.6	21.552	21.524	21.465	21.406	21.345	21.285	21.224	21.163	21.103	21.043	20.983	20.923	20.864	20.805	20.746	20.688
273.7	21.777	21.748	21.69	21.63	21.57	21.509	21.448	21.387	21.326	21.266	21.206	21.146	21.087	21.027	20.969	20.911
273.8	22.002	21.973	21.915	21.855	21.794	21.733	21.672	21.611	21.55	21.49	21.429	21.369	21.31	21.25	21.191	21.133
273.9	22.228	22.199	22.14	22.08	22.019	21.958	21.896	21.835	21.774	21.713	21.653	21.593	21.533	21.473	21.414	21.356
274	22.453	22.424	22.365	22.305	22.244	22.182	22.121	22.06	21.998	21.937	21.877	21.816	21.756	21.696	21.637	21.578
274.1	22.679	22.65	22.59	22.53	22.469	22.407	22.345	22.284	22.222	22.161	22.1	22.04	21.979	21.919	21.86	21.801
274.2	22.904	22.875	22.815	22.755	22.693	22.631	22.569	22.508	22.446	22.385	22.324	22.263	22.202	22.142	22.082	22.023
274.3	23.129	23.1	23.04	22.979	22.917	22.856	22.793	22.731	22.67	22.608	22.547	22.486	22.425	22.365	22.305	22.245
274.4	23.355	23.325	23.265	23.204	23.142	23.08	23.018	22.955	22.893	22.832	22.77	22.709	22.648	22.587	22.527	22.468
274.5	23.58	23.55	23.49	23.429	23.367	23.305	23.242	23.18	23.117	23.055	22.994	22.932	22.871	22.81	22.75	22.691
274.6	23.806	23.776	23.716	23.654	23.592	23.529	23.467	23.404	23.342	23.279	23.217	23.156	23.094	23.033	22.973	22.913
274.7	24.032	24.002	23.941	23.879	23.817	23.754	23.691	23.628	23.566	23.503	23.441	23.379	23.318	23.256	23.196	23.136
274.8	24.257	24.227	24.166	24.104	24.041	23.978	23.915	23.852	23.789	23.727	23.664	23.602	23.54	23.479	23.418	23.358
274.9	24.482	24.452	24.391	24.329	24.266	24.202	24.139	24.076	24.013	23.95	23.887	23.825	23.763	23.702	23.641	23.58
275	24.708	24.678	24.617	24.554	24.49	24.427	24.363	24.3	24.237	24.174	24.111	24.048	23.986	23.925	23.863	23.803
275.1	24.934	24.903	24.842	24.779	24.715	24.651	24.588	24.524	24.46	24.397	24.334	24.272	24.209	24.147	24.086	24.025
275.2	25.16	25.129	25.067	25.004	24.94	24.876	24.812	24.748	24.684	24.621	24.558	24.495	24.432	24.37	24.309	24.248
275.3	25.386	25.355	25.293	25.23	25.165	25.101	25.037	24.972	24.909	24.845	24.781	24.718	24.656	24.593	24.532	24.47
275.4	25.612	25.581	25.519	25.455	25.39	25.326	25.261	25.197	25.133	25.069	25.005	24.942	24.879	24.817	24.755	24.693
275.5	25.838	25.807	25.745	25.681	25.616	25.551	25.486	25.421	25.357	25.293	25.229	25.165	25.103	25.04	24.978	24.916
275.6	26.064	26.033	25.971	25.906	25.841	25.776	25.711	25.646	25.581	25.517	25.453	25.389	25.326	25.263	25.201	25.139
275.7	26.291	26.26	26.197	26.132	26.067	26.002	25.936	25.871	25.806	25.741	25.677	25.613	25.55	25.487	25.424	25.362
275.8	26.518	26.486	26.423	26.358	26.293	26.227	26.161	26.096	26.031	25.966	25.902	25.838	25.774	25.711	25.648	25.586
275.9	26.745	26.713	26.65	26.585	26.519	26.453	26.387	26.321	26.256	26.191	26.126	26.062	25.998	25.935	25.872	25.809
276	26.972	26.94	26.876	26.811	26.745	26.679	26.613	26.547	26.481	26.416	26.351	26.287	26.223	26.159	26.096	26.033
276.1	27.199	27.167	27.103	27.037	26.971	26.905	26.838	26.772	26.706	26.641	26.575	26.511	26.447	26.383	26.32	26.256
276.2	27.425	27.394	27.33	27.264	27.198	27.131	27.064	26.998	26.932	26.866	26.801	26.736	26.671	26.607	26.544	26.48
276.3	27.652	27.619	27.553	27.487	27.42	27.353	27.286	27.219	27.153	27.087	27.021	26.956	26.892	26.828	26.764	26.7
276.4	27.879	27.843	27.774	27.708	27.641	27.574	27.507	27.44	27.373	27.307	27.241	27.176	27.111	27.047	26.983	26.919
276.5	28.106	28.07	28.001	27.934	27.867	27.799	27.732	27.665	27.598	27.531	27.465	27.4	27.335	27.27	27.206	27.142
276.6	28.333	28.297	28.227	28.161	28.093	28.025	27.958	27.89	27.823	27.756	27.69	27.625	27.559	27.495	27.43	27.366
276.7	28.56	28.524	28.455	28.387	28.32	28.252	28.184	28.116	28.049	27.982	27.915	27.849	27.784	27.719	27.655	27.59
276.8	28.788	28.752	28.682	28.615	28.547	28.479	28.41	28.342	28.275	28.208	28.141	28.075	28.009	27.944	27.879	27.815
276.9	29.017	28.98	28.91	28.843	28.774	28.706	28.637	28.569	28.501	28.434	28.367	28.301	28.235	28.169	28.104	28.04
277	29.246	29.209	29.139	29.071	29.002	28.933	28.865	28.796	28.728	28.66	28.593	28.527	28.461	28.395	28.33	28.265
277.1	29.475	29.438	29.367	29.299	29.23	29.161	29.092	29.024	28.955	28.887	28.82	28.753	28.687	28.621	28.555	28.49
277.2	29.704	29.667	29.596	29.528	29.459	29.389	29.32	29.251	29.182	29.114	29.047	28.98	28.913	28.847	28.781	28.716
277.3	29.933	29.896	29.825	29.756	29.687	29.617	29.548	29.478	29.409	29.341	29.273	29.206	29.139	29.073	29.007	28.941
277.4	30.162	30.125	30.053	29.984	29.915	29.845	29.775	29.705	29.636	29.568	29.499	29.432	29.365	29.298	29.232	29.166
277.5	30.39	30.353	30.282	30.212	30.142	30.072	30.002	29.932	29.863	29.794	29.726	29.658	29.59	29.523	29.457	29.391
277.6	30.619	30.581	30.51	30.44	30.37	30.299	30.229	30.159	30.089	30.02	29.951	29.883	29.815	29.748	29.682	29.616
277.7	30.847	30.809	30.737	30.667	30.597	30.526	30.455	30.385	30.315	30.246	30.177	30.108	30.04	29.973	29.906	29.84
277.8	31.075	31.037	30.965	30.895	30.824	30.753	30.682	30.611	30.541	30.471	30.402	30.334	30.265	30.198	30.131	30.064
277.9	31.303	31.265	31.193	31.123	31.051	30.98	30.909	30.838	30.767	30.697	30.628	30.559	30.491	30.423	30.356	30.289
278	31.532	31.494	31.421	31.35	31.279	31.207	31.136	31.065	30.994	30.924	30.854	30.785	30.716	30.648	30.58	30.514
278.1	31.761	31.723	31.65	31.579	31.507	31.435	31.363	31.292	31.22	31.15	31.08	31.01	30.941	30.873	30.805	30.738
278.2	31.989	31.951	31.878	31.807	31.735	31.662	31.59	31.518	31.447	31.376	31.306	31.236	31.167	31.098	31.031	30.963
278.3	32.218	32.18	32.107	32.035	31.963	31.89	31.818	31.746	31.674	31.603	31.532	31.462	31.393	31.324	31.256	31.188
278.4	32.448	32.41	32.336	32.264	32.191	32.118	32.046	31.973	31.901	31.83	31.759	31.689	31.619	31.55	31.482	31.414
278.5	32.678	32.64	32.566	32.493	32.42	32.347	32.274	32.201	32.129	32.058	31.986	31.916	31.846	31.777	31.708	31.64
278.6	32.909	32.87	32.795	32.723	32.65	32.576	32.503	32.43	32.357	32.285	32.214	32.143	32.073	32.003	31.934	31.866
278.7	33.139	33.1	33.025	32.952	32.879	32.805	32.732	32.658	32.585	32.513	32.441	32.37	32.3	32.23	32.161	32.092
278.8	33.369	33.33	33.255	33.182	33.108	33.034	32.96	32.886	32.813	32.741	32.669	32.597	32.527	32.456	32.387	32.318
278.9	33.599	33.56	33.485	33.411	33.337	33.263	33.188	33.115	33.041	32.968	32.896	32.824	32.753	32.683	32.613	32.544
279	33.83	33.79	33.715	33.641	33.566	33.492	33.417	33.343	33.269	33.196	33.124	33.052	32.98	32.91	32.84	32.771
279.1	34.06	34.021	33.945	33.871	33.796	33.721	33.646	33.572	33.498	33.424	33.351	33.279	33.208	33.137	33.066	32.997
279.2	34.291	34.251	34.175	34.101	34.026	33.95	33.875	33.801	33.726	33.652	33.579	33.507	33.435	33.364	33.293	33.223
279.3	34.522	34.482	34.405	34.331	34.255	34.18	34.104	34.029	33.955	33.881	33.807	33.734	33.662	33.591	33.52	33.45
279.4	34.753	34.713	34.636	34.561	34.485	34.41	34.334	34.259	34.184	34.109	34.035	33.962	33.89	33.818	33.747	33.677
279.5	34.985	34.945	34.867	34.792	34.716	34.64	34.564	34.488	34.413	34.338	34.264	34.191	34.118	34.046	33.975	33.904
279.6	35.217	35.176	35.099	35.023	34.946	34.87	34.794	34.718	34.642	34.567	34.493	34.419	34.346	34.274	34.202	34.131
279.7	35.449	35.408	35.33	35.254	35.177	35.1	35.024	34.948	34.872	34.797	34.722	34.648	34.575	34.502	34.43	34.359
279.8	35.681	35.64	35.561	35.485	35.408	35.331	35.254	35.177	35.101	35.026	34.95	34.876	34.803	34.73	34.658	34.586
279.9	35.912	35.871	35.792	35.716	35.638	35.561	35.484	35.407	35.33	35.254	35.179	35.104	35.031	34.957	34.885	34.813
280	36.144	36.103	36.024	35.946	35.869	35.791	35.713	35.636	35.559	35.483	35.407	35.332	35.258	35.185	35.112	35.04
280.1	36.376	36.334	36.255	36.177	36.099	36.021	35.943	35.865	35.788	35.712	35.636	35.56	35.486	35.412	35.339	35.267
280.2	36.607	36.566	36.486	36.408	36.329	36.251	36.173	36.095	36.017	35.941	35.864	35.789	35.714	35.64	35.567	35.494
280.3	36.84	36.798	36.717	36.639	36.56	36.481	36.403	36.324	36.247	36.17	36.093	36.017	35.942	35.868	35.794	35.721
280.4	37.072	37.03	36.949	36.87	36.791	36.712	36.633	36.554	36.476	36.399	36.322	36.246	36.17	36.096	36.022	35.948
280.5	37.305	37.262	37.181	37.102	37.022	36.943	36.863	36.784	36.706	36.628	36.551	36.474	36.399	36.324	36.249	36.176
280.6	37.537	37.495	37.413	37.334	37.254	37.174	37.094	37.015	36.936	36.858	36.78	36.703	36.627	36.552	36.477	36.404
280.7	37.77	37.728	37.646	37.566	37.485	37.405	37.325	37.245	37.166	37.087	37.01	36.932	36.856	36.78	36.706	36.631
280.8	38.004	37.961	37.879	37.798	37.717	37.636	37.556	37.476	37.396	37.317	37.239	37.162	37.085	37.009	36.934	36.86
280.9	38.237	38.194	38.11	38.029	37.947	37.866	37.785	37.705	37.625	37.546	37.467	37.39	37.313	37.236	37.161	37.086
281	38.47	38.427	38.342	38.259	38.177	38.095	38.014	37.933	37.853	37.773	37.694	37.616	37.539	37.462	37.387	37.312
281.1	38.703	38.66	38.574	38.49	38.408	38.326	38.244	38.163	38.082	38.002	37.923	37.845	37.767	37.69	37.614	37.539
281.2	38.937	38.893	38.807	38.723	38.64	38.557	38.475	38.394	38.313	38.233	38.153	38.075	37.997	37.919	37.843	37.767
281.3	39.171	39.127	39.04	38.955	38.872	38.789	38.707	38.625	38.544	38.463	38.383	38.304	38.226	38.149	38.072	37.996
281.4	39.405	39.361	39.274	39.189	39.105	39.022	38.939	38.857	38.775	38.694	38.614	38.535	38.456	38.378	38.301	38.225
281.5	39.64	39.596	39.509	39.423	39.339	39.255	39.172	39.089	39.007	38.926	38.845	38.766	38.687	38.608	38.531	38.455
281.6	39.876	39.831	39.743	39.657	39.573	39.489	39.405	39.322	39.24	39.158	39.077	38.997	38.918	38.839	38.762	38.685
281.7	40.112	40.067	39.979	39.893	39.808	39.723	39.639	39.555	39.473	39.391	39.309	39.229	39.149	39.071	38.993	38.916
281.8	40.348	40.303	40.215	40.128	40.043	39.958	39.873	39.789	39.706	39.624	39.542	39.461	39.381	39.302	39.224	39.146
281.9	40.584	40.539	40.45	40.363	40.277	40.192	40.107	40.023	39.939	39.856	39.774	39.693	39.613	39.534	39.455	39.377
282	40.82	40.775	40.686	40.598	40.512	40.426	40.341	40.256	40.172	40.089	40.007	39.925	39.845	39.765	39.686	39.608
282.1	41.057	41.011	40.921	40.833	40.747	40.661	40.575	40.49	40.405	40.322	40.239	40.157	40.076	39.996	39.917	39.839
282.2	41.293	41.247	41.157	41.068	40.981	40.895	40.808	40.723	40.638	40.554	40.471	40.389	40.308	40.227	40.148	40.069
282.3	41.529	41.483	41.392	41.303	41.216	41.129	41.042	40.956	40.871	40.787	40.703	40.621	40.539	40.459	40.379	40.299
282.4	41.765	41.719	41.627	41.538	41.45	41.363	41.276	41.189	41.104	41.019	40.936	40.853	40.771	40.69	40.609	40.53
282.5	42.001	41.954	41.863	41.773	41.685	41.597	41.509	41.423	41.337	41.252	41.168	41.084	41.002	40.921	40.84	40.76
282.6	42.237	42.191	42.099	42.008	41.92	41.832	41.744	41.656	41.57	41.485	41.4	41.316	41.234	41.152	41.071	40.991
282.7	42.475	42.428	42.335	42.245	42.156	42.067	41.979	41.891	41.804	41.718	41.633	41.55	41.467	41.384	41.303	41.223
282.8	42.713	42.666	42.573	42.482	42.392	42.303	42.214	42.126	42.039	41.953	41.868	41.783	41.7	41.617	41.536	41.455
282.9	42.952	42.905	42.811	42.719	42.63	42.54	42.451	42.362	42.274	42.188	42.102	42.017	41.934	41.851	41.769	41.688
283	43.191	43.144	43.049	42.957	42.867	42.777	42.687	42.598	42.51	42.423	42.337	42.252	42.167	42.084	42.002	41.921
283.1	43.43	43.383	43.288	43.195	43.104	43.014	42.923	42.834	42.745	42.658	42.571	42.486	42.401	42.318	42.235	42.153
283.2	43.67	43.622	43.526	43.433	43.342	43.251	43.16	43.07	42.981	42.893	42.806	42.72	42.635	42.551	42.468	42.386
283.3	43.909	43.861	43.765	43.671	43.579	43.488	43.396	43.306	43.217	43.128	43.041	42.954	42.869	42.785	42.701	42.619
283.4	44.149	44.1	44.004	43.91	43.817	43.725	43.633	43.542	43.453	43.364	43.276	43.189	43.103	43.019	42.935	42.852
283.5	44.389	44.34	44.243	44.148	44.055	43.962	43.87	43.779	43.688	43.599	43.51	43.423	43.337	43.252	43.168	43.085
283.6	44.628	44.579	44.482	44.386	44.292	44.199	44.106	44.015	43.924	43.834	43.745	43.657	43.571	43.485	43.401	43.317
283.7	44.868	44.818	44.72	44.624	44.53	44.436	44.343	44.251	44.159	44.069	43.98	43.892	43.805	43.719	43.634	43.55
283.8	45.107	45.058	44.959	44.862	44.767	44.673	44.579	44.487	44.395	44.304	44.214	44.126	44.038	43.952	43.866	43.782
283.9	45.347	45.297	45.198	45.101	45.005	44.911	44.816	44.723	44.631	44.539	44.449	44.36	44.272	44.185	44.1	44.015
284	45.588	45.537	45.438	45.34	45.244	45.149	45.054	44.96	44.867	44.775	44.685	44.595	44.507	44.42	44.333	44.248
284.1	45.829	45.778	45.678	45.579	45.483	45.387	45.292	45.197	45.104	45.012	44.921	44.831	44.742	44.654	44.567	44.482
284.2	46.07	46.019	45.918	45.819	45.722	45.626	45.53	45.435	45.341	45.248	45.157	45.066	44.977	44.889	44.802	44.716
284.3	46.312	46.261	46.16	46.06	45.962	45.865	45.769	45.673	45.579	45.486	45.394	45.303	45.213	45.124	45.037	44.95
284.4	46.555	46.504	46.401	46.301	46.203	46.105	46.008	45.912	45.817	45.724	45.631	45.54	45.45	45.36	45.272	45.185
284.5	46.798	46.747	46.644	46.543	46.444	46.346	46.248	46.152	46.056	45.962	45.869	45.777	45.687	45.597	45.509	45.421
284.6	47.042	46.99	46.887	46.785	46.686	46.587	46.489	46.392	46.296	46.201	46.108	46.015	45.924	45.834	45.745	45.657
284.7	47.287	47.234	47.13	47.028	46.927	46.827	46.728	46.631	46.534	46.439	46.345	46.252	46.161	46.07	45.981	45.892
284.8	47.531	47.478	47.374	47.271	47.169	47.067	46.968	46.87	46.773	46.677	46.583	46.49	46.397	46.306	46.217	46.128
284.9	47.776	47.723	47.618	47.514	47.412	47.309	47.21	47.111	47.013	46.917	46.822	46.729	46.636	46.544	46.454	46.365
285	48.021	47.968	47.862	47.758	47.655	47.552	47.451	47.352	47.254	47.157	47.062	46.968	46.875	46.783	46.692	46.602
285.1	48.267	48.213	48.106	48.002	47.898	47.794	47.693	47.593	47.495	47.397	47.302	47.207	47.113	47.021	46.93	46.84
285.2	48.512	48.458	48.351	48.245	48.141	48.037	47.935	47.834	47.735	47.638	47.541	47.446	47.352	47.259	47.167	47.077
285.3	48.758	48.704	48.595	48.489	48.384	48.279	48.177	48.076	47.976	47.878	47.781	47.685	47.591	47.497	47.405	47.314
285.4	49.005	48.95	48.841	48.734	48.628	48.522	48.419	48.318	48.217	48.118	48.021	47.925	47.83	47.736	47.643	47.552
285.5	49.252	49.196	49.087	48.979	48.872	48.766	48.662	48.56	48.459	48.36	48.262	48.165	48.07	47.975	47.882	47.791
285.6	49.5	49.444	49.334	49.225	49.117	49.011	48.906	48.803	48.702	48.602	48.504	48.406	48.31	48.216	48.122	48.03
285.7	49.748	49.692	49.581	49.472	49.363	49.256	49.151	49.047	48.945	48.845	48.746	48.648	48.551	48.456	48.362	48.27
285.8	49.997	49.94	49.828	49.718	49.609	49.501	49.395	49.291	49.188	49.087	48.988	48.889	48.792	48.697	48.602	48.51
285.9	50.246	50.189	50.076	49.965	49.855	49.747	49.64	49.535	49.432	49.33	49.23	49.131	49.034	48.938	48.843	48.75
286	50.496	50.439	50.325	50.213	50.103	49.993	49.886	49.78	49.676	49.574	49.473	49.374	49.276	49.179	49.084	48.99
286.1	50.746	50.689	50.574	50.462	50.35	50.24	50.132	50.026	49.921	49.818	49.717	49.617	49.519	49.421	49.326	49.231
286.2	50.997	50.939	50.824	50.71	50.598	50.487	50.379	50.272	50.166	50.063	49.961	49.861	49.761	49.664	49.568	49.473
286.3	51.249	51.19	51.073	50.959	50.846	50.734	50.625	50.518	50.412	50.308	50.205	50.104	50.004	49.906	49.81	49.714
286.4	51.5	51.441	51.323	51.208	51.095	50.982	50.872	50.764	50.657	50.552	50.449	50.348	50.247	50.149	50.052	49.956
286.5	51.752	51.693	51.575	51.459	51.344	51.231	51.12	51.011	50.903	50.798	50.694	50.592	50.491	50.392	50.294	50.198
286.6	52.006	51.946	51.827	51.71	51.595	51.481	51.369	51.258	51.15	51.044	50.939	50.837	50.735	50.636	50.537	50.441
286.7	52.261	52.2	52.08	51.963	51.846	51.731	51.618	51.507	51.399	51.292	51.186	51.083	50.981	50.881	50.782	50.685
286.8	52.517	52.456	52.334	52.216	52.099	51.983	51.869	51.758	51.648	51.54	51.434	51.33	51.228	51.127	51.028	50.93
286.9	52.773	52.712	52.59	52.47	52.352	52.235	52.121	52.008	51.898	51.79	51.683	51.578	51.475	51.374	51.274	51.175
287	53.031	52.969	52.846	52.725	52.606	52.489	52.373	52.26	52.149	52.04	51.933	51.827	51.724	51.622	51.521	51.422
287.1	53.292	53.229	53.105	52.983	52.863	52.745	52.629	52.515	52.403	52.294	52.185	52.079	51.975	51.872	51.771	51.671
287.2	53.555	53.492	53.367	53.244	53.123	53.004	52.887	52.772	52.66	52.549	52.44	52.333	52.228	52.125	52.023	51.923
287.3	53.819	53.755	53.629	53.505	53.383	53.263	53.145	53.029	52.916	52.805	52.695	52.588	52.482	52.378	52.276	52.175
287.4	54.081	54.017	53.889	53.764	53.641	53.52	53.402	53.285	53.171	53.059	52.949	52.84	52.734	52.63	52.527	52.425
287.5	54.338	54.274	54.145	54.019	53.895	53.773	53.653	53.536	53.421	53.308	53.197	53.088	52.981	52.876	52.772	52.67
287.6	54.593	54.527	54.397	54.27	54.145	54.022	53.902	53.783	53.668	53.554	53.442	53.333	53.225	53.119	53.015	52.912
287.7	54.849	54.783	54.651	54.523	54.397	54.273	54.151	54.032	53.916	53.801	53.689	53.578	53.47	53.364	53.259	53.155
287.8	55.108	55.041	54.909	54.779	54.652	54.527	54.404	54.284	54.167	54.052	53.938	53.827	53.718	53.611	53.505	53.401
287.9	55.37	55.302	55.168	55.037	54.909	54.783	54.659	54.538	54.42	54.304	54.19	54.078	53.968	53.86	53.754	53.649
288	55.632	55.564	55.429	55.297	55.167	55.04	54.916	54.794	54.674	54.557	54.442	54.33	54.219	54.111	54.004	53.898
288.1	55.898	55.83	55.693	55.559	55.428	55.3	55.175	55.052	54.931	54.813	54.698	54.584	54.473	54.364	54.256	54.15
288.2	56.171	56.101	55.963	55.828	55.696	55.566	55.44	55.316	55.195	55.076	54.96	54.845	54.733	54.623	54.515	54.409
288.3	56.453	56.383	56.243	56.107	55.973	55.843	55.715	55.59	55.468	55.348	55.231	55.116	55.003	54.893	54.784	54.677
288.4	56.742	56.671	56.529	56.391	56.257	56.125	55.996	55.871	55.747	55.626	55.508	55.393	55.279	55.168	55.058	54.95
288.5	57.032	56.96	56.817	56.677	56.542	56.408	56.279	56.152	56.028	55.906	55.787	55.67	55.556	55.444	55.333	55.225
288.6	57.321	57.247	57.102	56.961	56.824	56.69	56.559	56.431	56.306	56.183	56.063	55.946	55.83	55.717	55.606	55.497
288.7	57.608	57.534	57.387	57.244	57.106	56.97	56.838	56.709	56.583	56.459	56.338	56.22	56.104	55.99	55.878	55.769
288.8	57.898	57.823	57.674	57.53	57.39	57.253	57.12	56.989	56.862	56.737	56.615	56.496	56.379	56.265	56.152	56.042
288.9	58.19	58.114	57.962	57.817	57.675	57.537	57.402	57.271	57.143	57.017	56.894	56.774	56.656	56.541	56.428	56.316
289	58.482	58.404	58.251	58.104	57.961	57.821	57.685	57.552	57.423	57.296	57.172	57.051	56.933	56.817	56.703	56.591
289.1	58.775	58.696	58.54	58.391	58.246	58.105	57.968	57.834	57.703	57.576	57.451	57.329	57.209	57.092	56.978	56.865
289.2	59.071	58.99	58.832	58.681	58.535	58.392	58.253	58.118	57.987	57.858	57.732	57.609	57.489	57.371	57.255	57.142
289.3	59.371	59.289	59.128	58.975	58.826	58.682	58.542	58.406	58.273	58.143	58.016	57.892	57.771	57.652	57.536	57.422
289.4	59.675	59.591	59.428	59.272	59.122	58.976	58.835	58.697	58.563	58.432	58.304	58.179	58.057	57.937	57.82	57.705
289.5	59.982	59.897	59.73	59.572	59.42	59.273	59.13	58.991	58.856	58.723	58.595	58.469	58.346	58.225	58.107	57.992
289.6	60.294	60.206	60.037	59.876	59.722	59.573	59.428	59.288	59.151	59.018	58.888	58.761	58.637	58.516	58.397	58.281
289.7	60.609	60.519	60.346	60.183	60.027	59.876	59.73	59.588	59.45	59.315	59.184	59.057	58.932	58.809	58.689	58.572
289.8	60.927	60.836	60.659	60.493	60.334	60.181	60.033	59.89	59.751	59.615	59.483	59.354	59.228	59.105	58.984	58.866
289.9	61.249	61.156	60.975	60.806	60.644	60.489	60.34	60.195	60.054	59.918	59.785	59.655	59.528	59.403	59.282	59.163
290	61.575	61.479	61.294	61.121	60.957	60.8	60.649	60.502	60.361	60.223	60.088	59.957	59.829	59.704	59.582	59.462
290.1	61.903	61.805	61.615	61.439	61.273	61.113	60.96	60.812	60.668	60.529	60.394	60.261	60.132	60.006	59.883	59.762
290.2	62.235	62.134	61.939	61.76	61.59	61.428	61.273	61.123	60.978	60.838	60.701	60.567	60.437	60.31	60.186	60.064
290.3	62.571	62.467	62.267	62.083	61.91	61.746	61.588	61.437	61.29	61.148	61.01	60.876	60.745	60.616	60.491	60.369
290.4	62.911	62.804	62.598	62.41	62.234	62.067	61.907	61.754	61.606	61.462	61.323	61.187	61.055	60.926	60.799	60.676
290.5	63.257	63.146	62.934	62.741	62.561	62.391	62.229	62.074	61.924	61.779	61.639	61.502	61.368	61.238	61.111	60.986
290.6	63.606	63.492	63.274	63.076	62.892	62.719	62.555	62.397	62.246	62.099	61.957	61.819	61.684	61.553	61.425	61.299
290.7	63.961	63.842	63.617	63.414	63.226	63.049	62.882	62.723	62.569	62.421	62.278	62.138	62.003	61.87	61.741	61.615
290.8	64.319	64.197	63.965	63.756	63.563	63.383	63.213	63.051	62.896	62.746	62.601	62.46	62.323	62.19	62.06	61.932
290.9	64.683	64.556	64.316	64.101	63.904	63.719	63.547	63.382	63.225	63.073	62.927	62.785	62.647	62.512	62.381	62.252
291	65.05	64.919	64.67	64.449	64.246	64.058	63.882	63.715	63.556	63.402	63.254	63.111	62.971	62.835	62.703	62.574
291.1	65.42	65.283	65.026	64.798	64.59	64.397	64.218	64.048	63.886	63.731	63.581	63.436	63.296	63.159	63.025	62.895
291.2	65.792	65.65	65.383	65.147	64.934	64.737	64.554	64.381	64.217	64.06	63.908	63.762	63.62	63.481	63.347	63.215
291.3	66.166	66.019	65.742	65.498	65.278	65.077	64.89	64.714	64.548	64.388	64.235	64.087	63.943	63.804	63.668	63.536
291.4	66.542	66.39	66.103	65.85	65.624	65.417	65.226	65.047	64.878	64.716	64.561	64.411	64.266	64.126	63.989	63.855
291.5	66.921	66.763	66.465	66.204	65.97	65.758	65.563	65.38	65.208	65.044	64.887	64.736	64.589	64.447	64.309	64.174
291.6	67.303	67.138	66.828	66.558	66.317	66.099	65.899	65.713	65.538	65.371	65.212	65.059	64.911	64.768	64.628	64.493
291.7	67.686	67.514	67.193	66.913	66.664	66.44	66.235	66.045	65.867	65.698	65.537	65.382	65.232	65.087	64.947	64.81
291.8	68.071	67.892	67.558	67.268	67.011	66.78	66.57	66.376	66.194	66.023	65.859	65.702	65.551	65.405	65.263	65.125
291.9	68.456	68.271	67.924	67.623	67.357	67.119	66.903	66.705	66.52	66.345	66.179	66.02	65.867	65.72	65.576	65.437
292	68.842	68.649	68.289	67.977	67.702	67.456	67.235	67.032	66.843	66.665	66.497	66.336	66.181	66.032	65.887	65.746
292.1	69.229	69.029	68.655	68.331	68.046	67.793	67.565	67.357	67.164	66.983	66.812	66.649	66.492	66.341	66.195	66.053
292.2	69.617	69.409	69.021	68.685	68.39	68.128	67.894	67.68	67.483	67.299	67.125	66.959	66.801	66.648	66.501	66.357
292.3	70.005	69.79	69.388	69.039	68.734	68.463	68.221	68.002	67.8	67.612	67.436	67.268	67.107	66.953	66.803	66.659
292.4	70.395	70.172	69.754	69.393	69.076	68.796	68.547	68.322	68.115	67.923	67.743	67.573	67.41	67.254	67.103	66.957
292.5	70.784	70.553	70.12	69.746	69.418	69.128	68.871	68.639	68.427	68.231	68.048	67.875	67.71	67.552	67.399	67.251
292.6	71.173	70.934	70.487	70.098	69.758	69.458	69.193	68.954	68.737	68.536	68.35	68.174	68.006	67.846	67.692	67.542
292.7	71.563	71.316	70.853	70.451	70.098	69.788	69.514	69.267	69.044	68.839	68.649	68.47	68.3	68.138	67.981	67.831
292.8	71.953	71.699	71.22	70.803	70.438	70.117	69.833	69.579	69.35	69.14	68.945	68.763	68.591	68.426	68.268	68.115
292.9	72.343	72.08	71.586	71.155	70.777	70.444	70.15	69.888	69.653	69.437	69.239	69.053	68.877	68.71	68.55	68.396
293	72.732	72.461	71.951	71.505	71.114	70.769	70.466	70.195	69.952	69.731	69.528	69.339	69.16	68.991	68.829	68.672
293.1	73.119	72.842	72.317	71.856	71.451	71.094	70.78	70.501	70.251	70.024	69.816	69.622	69.441	69.268	69.104	68.946
293.2	73.506	73.216	72.673	72.197	71.778	71.409	71.084	70.795	70.537	70.304	70.091	69.893	69.708	69.533	69.366	69.206
293.3	73.891	73.567	72.982	72.491	72.058	71.676	71.34	71.042	70.776	70.536	70.317	70.115	69.926	69.748	69.579	69.417
293.4	74.274	73.925	73.306	72.8	72.352	71.957	71.609	71.301	71.026	70.779	70.555	70.348	70.156	69.974	69.802	69.638
293.5	74.657	74.303	73.673	73.152	72.69	72.281	71.921	71.603	71.32	71.065	70.835	70.623	70.426	70.242	70.067	69.9
293.6	75.038	74.678	74.033	73.498	73.021	72.599	72.227	71.898	71.605	71.343	71.106	70.889	70.688	70.5	70.322	70.153
293.7	75.417	75.051	74.393	73.843	73.352	72.917	72.532	72.192	71.889	71.619	71.375	71.152	70.947	70.755	70.574	70.402
293.8	75.796	75.424	74.753	74.189	73.684	73.234	72.837	72.485	72.173	71.894	71.643	71.414	71.204	71.008	70.824	70.649
293.9	76.174	75.797	75.114	74.535	74.016	73.552	73.142	72.778	72.456	72.168	71.909	71.675	71.459	71.259	71.071	70.894
294	76.551	76.169	75.475	74.882	74.349	73.871	73.448	73.073	72.74	72.443	72.176	71.934	71.713	71.509	71.317	71.137
294.1	76.926	76.539	75.83	75.221	74.674	74.183	73.746	73.358	73.015	72.708	72.433	72.185	71.958	71.749	71.554	71.37
294.2	77.299	76.908	76.179	75.547	74.985	74.48	74.031	73.631	73.276	72.959	72.676	72.42	72.187	71.973	71.774	71.586
294.3	77.67	77.276	76.532	75.881	75.307	74.788	74.325	73.912	73.546	73.219	72.927	72.664	72.425	72.205	72.002	71.811
294.4	78.039	77.642	76.891	76.229	75.641	75.109	74.633	74.207	73.829	73.492	73.191	72.92	72.674	72.449	72.241	72.046
294.5	78.405	78.007	77.247	76.574	75.973	75.428	74.939	74.501	74.111	73.763	73.453	73.173	72.92	72.689	72.476	72.278
294.6	78.769	78.368	77.602	76.918	76.305	75.747	75.245	74.794	74.392	74.034	73.713	73.425	73.165	72.928	72.71	72.507
294.7	79.129	78.727	77.956	77.262	76.637	76.067	75.551	75.088	74.674	74.305	73.974	73.677	73.41	73.166	72.943	72.735
294.8	79.488	79.086	78.31	77.6	76.956	76.373	75.845	75.369	74.943	74.562	74.222	73.916	73.64	73.39	73.161	72.949
294.9	79.846	79.443	78.664	77.939	77.278	76.683	76.142	75.654	75.216	74.824	74.472	74.157	73.873	73.616	73.381	73.164
295	80.203	79.8	79.018	78.287	77.617	77.01	76.457	75.956	75.506	75.102	74.74	74.416	74.123	73.859	73.617	73.395
295.1	80.558	80.156	79.373	78.634	77.955	77.336	76.772	76.258	75.796	75.381	75.008	74.674	74.373	74.1	73.852	73.625
295.2	80.911	80.511	79.726	78.982	78.294	77.665	77.089	76.563	76.089	75.662	75.279	74.934	74.624	74.344	74.089	73.855
295.3	81.262	80.864	80.079	79.331	78.633	77.993	77.405	76.868	76.382	75.943	75.549	75.194	74.874	74.586	74.324	74.084
295.4	81.612	81.215	80.432	79.68	78.974	78.324	77.725	77.176	76.678	76.227	75.822	75.456	75.127	74.83	74.561	74.315
295.5	81.961	81.566	80.785	80.03	79.318	78.659	78.05	77.489	76.979	76.517	76.101	75.725	75.386	75.08	74.803	74.55
295.6	82.308	81.916	81.137	80.38	79.663	78.996	78.377	77.805	77.283	76.81	76.382	75.995	75.646	75.332	75.047	74.787
295.7	82.652	82.263	81.488	80.73	80.008	79.334	78.706	78.124	77.591	77.106	76.667	76.269	75.91	75.586	75.293	75.027
295.8	82.995	82.609	81.838	81.08	80.354	79.67	79.029	78.437	77.893	77.396	76.946	76.537	76.168	75.835	75.533	75.259
295.9	83.337	82.954	82.187	81.429	80.701	80.007	79.354	78.752	78.197	77.689	77.227	76.808	76.428	76.085	75.775	75.493
296	83.676	83.297	82.535	81.779	81.049	80.35	79.69	79.078	78.513	77.994	77.521	77.091	76.701	76.348	76.028	75.739
296.1	84.014	83.638	82.881	82.127	81.396	80.693	80.027	79.407	78.831	78.302	77.818	77.376	76.976	76.613	76.284	75.986
296.2	84.35	83.978	83.227	82.475	81.744	81.037	80.364	79.736	79.151	78.611	78.116	77.664	77.253	76.88	76.542	76.235
296.3	84.684	84.315	83.57	82.822	82.09	81.381	80.703	80.066	79.472	78.921	78.416	77.953	77.531	77.148	76.801	76.486
296.4	85.015	84.65	83.911	83.167	82.436	81.725	81.042	80.398	79.796	79.235	78.719	78.246	77.814	77.421	77.064	76.739
296.5	85.345	84.986	84.256	83.515	82.786	82.074	81.387	80.738	80.127	79.558	79.032	78.548	78.105	77.702	77.335	77.002
296.6	85.672	85.301	84.562	83.826	83.099	82.386	81.697	81.042	80.424	79.846	79.31	78.816	78.363	77.949	77.573	77.231
296.7	85.997	85.59	84.817	84.085	83.36	82.648	81.956	81.295	80.668	80.081	79.536	79.032	78.568	78.145	77.759	77.407
296.8	86.321	85.9	85.117	84.39	83.668	82.956	82.263	81.596	80.961	80.367	79.812	79.298	78.825	78.391	77.996	77.635
296.9	86.643	86.234	85.466	84.743	84.024	83.313	82.619	81.95	81.31	80.708	80.145	79.622	79.138	78.695	78.289	77.919
297	86.964	86.563	85.805	85.088	84.372	83.662	82.968	82.296	81.652	81.044	80.472	79.94	79.447	78.993	78.578	78.199
297.1	87.283	86.89	86.142	85.43	84.718	84.01	83.316	82.642	81.993	81.378	80.799	80.258	79.756	79.293	78.868	78.479
297.2	87.601	87.215	86.477	85.771	85.062	84.357	83.664	82.989	82.336	81.714	81.128	80.579	80.067	79.594	79.16	78.762
297.3	87.917	87.538	86.811	86.109	85.405	84.703	84.01	83.335	82.679	82.053	81.46	80.903	80.382	79.9	79.456	79.049
297.4	88.232	87.86	87.142	86.446	85.746	85.047	84.356	83.68	83.022	82.392	81.794	81.229	80.7	80.209	79.755	79.338
297.5	88.545	88.179	87.472	86.781	86.086	85.39	84.701	84.025	83.366	82.731	82.126	81.554	81.017	80.517	80.054	79.628
297.6	88.855	88.496	87.796	87.109	86.418	85.725	85.038	84.363	83.703	83.063	82.452	81.874	81.329	80.82	80.348	79.912
297.7	89.164	88.812	88.11	87.418	86.732	86.043	85.358	84.684	84.023	83.381	82.765	82.181	81.629	81.111	80.63	80.186
297.8	89.472	89.125	88.427	87.734	87.052	86.367	85.685	85.012	84.351	83.707	83.088	82.498	81.94	81.414	80.924	80.471
297.9	89.778	89.437	88.749	88.064	87.387	86.706	86.027	85.355	84.695	84.05	83.426	82.831	82.266	81.733	81.235	80.773
298	90.082	89.747	89.069	88.39	87.718	87.041	86.365	85.695	85.035	84.389	83.762	83.162	82.591	82.051	81.545	81.074
298.1	90.385	90.056	89.387	88.714	88.047	87.375	86.702	86.034	85.375	84.729	84.099	83.495	82.919	82.372	81.858	81.379
298.2	90.686	90.363	89.703	89.036	88.375	87.707	87.037	86.372	85.714	85.067	84.436	83.829	83.249	82.695	82.174	81.686
298.3	90.986	90.668	90.017	89.358	88.702	88.038	87.372	86.709	86.053	85.407	84.775	84.164	83.578	83.019	82.49	81.995
298.4	91.285	90.972	90.33	89.674	89.019	88.36	87.698	87.038	86.383	85.738	85.105	84.491	83.899	83.335	82.8	82.297
298.5	91.582	91.274	90.641	89.987	89.334	88.68	88.021	87.364	86.711	86.067	85.434	84.817	84.223	83.653	83.112	82.602
298.6	91.877	91.575	90.951	90.303	89.655	89.005	88.351	87.697	87.047	86.403	85.77	85.153	84.555	83.982	83.435	82.918
298.7	92.172	91.874	91.258	90.617	89.974	89.33	88.68	88.029	87.381	86.74	86.107	85.488	84.888	84.31	83.758	83.234
298.8	92.464	92.171	91.564	90.93	90.292	89.652	89.006	88.359	87.714	87.074	86.442	85.823	85.22	84.638	84.081	83.552
298.9	92.755	92.466	91.868	91.24	90.608	89.973	89.331	88.688	88.045	87.408	86.777	86.157	85.552	84.968	84.406	83.871
299	93.044	92.76	92.169	91.548	90.92	90.289	89.652	89.013	88.373	87.738	87.108	86.488	85.882	85.295	84.73	84.19
299.1	93.331	93.052	92.469	91.855	91.229	90.599	89.967	89.331	88.695	88.061	87.433	86.814	86.207	85.617	85.047	84.502
299.2	93.617	93.342	92.768	92.159	91.537	90.91	90.282	89.651	89.018	88.387	87.76	87.142	86.534	85.942	85.368	84.818
299.3	93.902	93.631	93.064	92.463	91.846	91.224	90.601	89.973	89.344	88.715	88.091	87.473	86.865	86.272	85.696	85.142
299.4	94.185	93.918	93.359	92.764	92.153	91.536	90.917	90.293	89.667	89.042	88.419	87.803	87.195	86.6	86.022	85.464
299.5	94.467	94.204	93.652	93.063	92.458	91.845	91.231	90.611	89.989	89.367	88.746	88.131	87.524	86.928	86.347	85.785
299.6	94.747	94.488	93.944	93.361	92.76	92.153	91.543	90.928	90.309	89.69	89.072	88.458	87.851	87.255	86.672	86.107
299.7	95.025	94.77	94.233	93.656	93.062	92.459	91.854	91.242	90.627	90.011	89.395	88.783	88.178	87.581	86.997	86.43
299.8	95.302	95.051	94.521	93.951	93.361	92.764	92.163	91.555	90.944	90.331	89.718	89.108	88.503	87.907	87.322	86.752
299.9	95.577	95.33	94.807	94.243	93.66	93.067	92.47	91.867	91.259	90.649	90.039	89.431	88.828	88.232	87.646	87.073
300	95.851	95.607	95.091	94.534	93.956	93.368	92.775	92.176	91.572	90.966	90.358	89.753	89.151	88.556	87.969	87.395
300.1	96.123	95.883	95.374	94.823	94.251	93.667	93.08	92.485	91.884	91.281	90.677	90.073	89.473	88.879	88.293	87.717
300.2	96.394	96.158	95.656	95.111	94.544	93.965	93.38	92.788	92.191	91.591	90.989	90.389	89.791	89.197	88.611	88.035
300.3	96.664	96.431	95.936	95.397	94.836	94.262	93.679	93.089	92.495	91.899	91.3	90.702	90.106	89.514	88.928	88.352
300.4	96.933	96.703	96.214	95.682	95.126	94.557	93.978	93.392	92.802	92.209	91.614	91.018	90.424	89.834	89.249	88.672
300.5	97.2	96.974	96.491	95.965	95.415	94.851	94.277	93.694	93.109	92.519	91.926	91.333	90.741	90.153	89.569	88.992
300.6	97.466	97.243	96.767	96.247	95.703	95.143	94.573	93.995	93.413	92.827	92.237	91.647	91.058	90.471	89.888	89.311
300.7	97.732	97.512	97.042	96.527	95.989	95.435	94.869	94.295	93.717	93.134	92.548	91.96	91.373	90.788	90.207	89.631
300.8	97.996	97.783	97.323	96.815	96.282	95.733	95.171	94.602	94.027	93.448	92.865	92.28	91.696	91.113	90.533	89.958
300.9	98.259	98.024	97.545	97.042	96.515	95.971	95.414	94.849	94.278	93.702	93.123	92.542	91.96	91.379	90.801	90.226
301	98.52	98.251	97.74	97.243	96.722	96.183	95.631	95.07	94.503	93.931	93.356	92.777	92.198	91.619	91.043	90.47
301.1	98.78	98.509	97.999	97.508	96.993	96.46	95.913	95.356	94.793	94.225	93.653	93.078	92.501	91.925	91.351	90.779
301.2	99.038	98.776	98.278	97.793	97.284	96.756	96.214	95.661	95.103	94.538	93.97	93.398	92.824	92.25	91.678	91.108
301.3	99.295	99.04	98.552	98.073	97.569	97.047	96.51	95.962	95.407	94.845	94.281	93.712	93.141	92.57	92	91.432
301.4	99.551	99.302	98.825	98.351	97.853	97.337	96.805	96.262	95.71	95.152	94.591	94.026	93.458	92.89	92.322	91.756
301.5	99.805	99.563	99.095	98.627	98.135	97.624	97.097	96.559	96.012	95.458	94.901	94.34	93.775	93.21	92.645	92.081
301.6	100.06	99.822	99.363	98.902	98.415	97.91	97.388	96.855	96.313	95.763	95.21	94.653	94.091	93.529	92.966	92.405
301.7	100.31	100.08	99.63	99.174	98.694	98.194	97.678	97.15	96.612	96.067	95.518	94.964	94.406	93.846	93.287	92.728
301.8	100.56	100.34	99.895	99.446	98.971	98.477	97.966	97.443	96.91	96.369	95.824	95.274	94.72	94.163	93.606	93.05
301.9	100.81	100.59	100.16	99.716	99.247	98.759	98.254	97.736	97.208	96.671	96.13	95.584	95.033	94.48	93.926	93.371
302	101.06	100.85	100.42	99.985	99.522	99.04	98.54	98.027	97.504	96.972	96.435	95.893	95.346	94.796	94.244	93.693
302.1	101.31	101.1	100.68	100.25	99.796	99.319	98.825	98.317	97.799	97.272	96.739	96.201	95.658	95.111	94.562	94.013
302.2	101.55	101.35	100.95	100.52	100.07	99.598	99.109	98.606	98.093	97.57	97.041	96.507	95.968	95.424	94.879	94.333
302.3	101.8	101.6	101.2	100.78	100.34	99.874	99.391	98.894	98.385	97.867	97.342	96.811	96.275	95.736	95.193	94.65
302.4	102.04	101.85	101.46	101.04	100.6	100.14	99.662	99.169	98.666	98.152	97.631	97.103	96.572	96.036	95.496	94.956
302.5	102.28	102.1	101.71	101.29	100.86	100.4	99.932	99.445	98.947	98.438	97.921	97.397	96.87	96.337	95.802	95.264
302.6	102.53	102.35	101.96	101.55	101.13	100.68	100.21	99.73	99.236	98.732	98.22	97.7	97.177	96.648	96.116	95.581
302.7	102.77	102.59	102.22	101.81	101.39	100.95	100.49	100.01	99.523	99.023	98.515	98	97.48	96.955	96.427	95.895
302.8	103.01	102.83	102.47	102.07	101.65	101.22	100.76	100.29	99.807	99.313	98.809	98.298	97.782	97.261	96.736	96.208
302.9	103.24	103.07	102.72	102.33	101.91	101.48	101.03	100.57	100.09	99.6	99.101	98.594	98.083	97.566	97.044	96.519
303	103.48	103.32	102.96	102.58	102.17	101.75	101.31	100.85	100.37	99.887	99.393	98.89	98.383	97.869	97.351	96.83
303.1	103.72	103.56	103.21	102.83	102.43	102.01	101.58	101.12	100.65	100.17	99.684	99.185	98.682	98.173	97.658	97.14
303.2	103.95	103.8	103.46	103.09	102.69	102.28	101.85	101.4	100.93	100.46	99.974	99.48	98.98	98.475	97.964	97.449
303.3	104.19	104.04	103.71	103.34	102.95	102.54	102.11	101.67	101.21	100.74	100.26	99.773	99.277	98.775	98.268	97.757
303.4	104.42	104.27	103.95	103.59	103.21	102.8	102.38	101.94	101.49	101.02	100.55	100.06	99.571	99.073	98.57	98.062
303.5	104.66	104.51	104.2	103.84	103.46	103.06	102.64	102.21	101.76	101.3	100.83	100.35	99.864	99.369	98.87	98.365
303.6	104.89	104.75	104.44	104.09	103.71	103.32	102.91	102.48	102.04	101.58	101.12	100.64	100.16	99.667	99.171	98.671
303.7	105.12	104.98	104.68	104.33	103.96	103.58	103.17	102.75	102.31	101.86	101.4	100.93	100.45	99.964	99.472	98.975
303.8	105.35	105.22	104.92	104.58	104.22	103.83	103.43	103.02	102.58	102.14	101.68	101.22	100.74	100.26	99.77	99.277
303.9	105.58	105.45	105.16	104.82	104.47	104.09	103.69	103.28	102.85	102.41	101.96	101.5	101.03	100.55	100.07	99.577
304	105.81	105.68	105.39	105.07	104.71	104.34	103.95	103.55	103.12	102.69	102.24	101.78	101.32	100.84	100.36	99.876
304.1	106.03	105.91	105.63	105.31	104.96	104.59	104.21	103.81	103.39	102.96	102.52	102.07	101.6	101.13	100.66	100.18
304.2	106.26	106.14	105.87	105.55	105.21	104.85	104.47	104.07	103.66	103.24	102.8	102.35	101.89	101.43	100.95	100.47
304.3	106.49	106.37	106.1	105.79	105.45	105.1	104.72	104.33	103.93	103.51	103.07	102.63	102.18	101.71	101.24	100.77
304.4	106.71	106.6	106.34	106.03	105.7	105.35	104.98	104.59	104.19	103.78	103.35	102.91	102.46	102	101.53	101.06
304.5	106.94	106.83	106.57	106.27	105.94	105.6	105.23	104.85	104.46	104.05	103.62	103.19	102.74	102.29	101.83	101.36
304.6	107.16	107.05	106.8	106.51	106.19	105.84	105.48	105.11	104.72	104.31	103.9	103.46	103.02	102.57	102.12	101.65
304.7	107.39	107.28	107.03	106.75	106.43	106.09	105.74	105.37	104.98	104.58	104.17	103.74	103.3	102.86	102.41	101.94
304.8	107.61	107.51	107.27	106.98	106.67	106.34	105.99	105.62	105.24	104.85	104.44	104.02	103.58	103.14	102.69	102.24
304.9	107.83	107.73	107.5	107.22	106.91	106.58	106.24	105.88	105.5	105.11	104.71	104.29	103.86	103.43	102.98	102.53
305	108.06	107.95	107.72	107.45	107.15	106.83	106.49	106.13	105.76	105.38	104.98	104.56	104.14	103.71	103.27	102.82
305.1	108.28	108.18	107.95	107.68	107.39	107.07	106.74	106.38	106.02	105.64	105.24	104.84	104.42	103.99	103.55	103.1
305.2	108.5	108.4	108.18	107.91	107.62	107.31	106.98	106.64	106.27	105.9	105.51	105.11	104.69	104.27	103.83	103.39
305.3	108.71	108.62	108.4	108.15	107.86	107.55	107.23	106.88	106.53	106.16	105.77	105.37	104.96	104.54	104.11	103.68
305.4	108.93	108.84	108.63	108.37	108.09	107.79	107.47	107.13	106.78	106.42	106.04	105.64	105.24	104.82	104.4	103.96
305.5	109.15	109.06	108.85	108.6	108.33	108.03	107.71	107.38	107.03	106.67	106.3	105.91	105.51	105.1	104.67	104.25
305.6	109.37	109.28	109.07	108.83	108.56	108.27	107.95	107.63	107.28	106.93	106.56	106.17	105.78	105.37	104.95	104.53
305.7	109.58	109.5	109.3	109.06	108.79	108.5	108.19	107.87	107.53	107.18	106.82	106.44	106.05	105.64	105.23	104.81
305.8	109.8	109.71	109.52	109.28	109.02	108.74	108.43	108.12	107.78	107.44	107.08	106.7	106.31	105.91	105.51	105.09
305.9	110.01	109.93	109.74	109.51	109.25	108.97	108.67	108.36	108.03	107.69	107.33	106.96	106.58	106.18	105.78	105.37
306	110.23	110.14	109.96	109.73	109.48	109.2	108.91	108.6	108.28	107.94	107.59	107.22	106.84	106.45	106.06	105.65
306.1	110.44	110.36	110.18	109.95	109.7	109.44	109.15	108.84	108.52	108.19	107.84	107.48	107.11	106.72	106.33	105.92
306.2	110.65	110.58	110.4	110.18	109.93	109.67	109.38	109.08	108.77	108.44	108.1	107.74	107.37	106.99	106.6	106.2
306.3	110.87	110.79	110.61	110.4	110.16	109.9	109.62	109.32	109.01	108.69	108.35	108	107.63	107.26	106.87	106.47
306.4	111.08	111	110.83	110.62	110.38	110.13	109.85	109.56	109.26	108.94	108.6	108.26	107.9	107.52	107.14	106.75
306.5	111.29	111.22	111.05	110.84	110.61	110.36	110.09	109.8	109.5	109.18	108.85	108.51	108.15	107.79	107.41	107.02
306.6	111.5	111.43	111.26	111.06	110.83	110.59	110.32	110.04	109.74	109.43	109.1	108.76	108.41	108.05	107.67	107.29
306.7	111.71	111.64	111.48	111.28	111.06	110.81	110.55	110.27	109.98	109.67	109.35	109.02	108.67	108.31	107.94	107.56
306.8	111.92	111.85	111.69	111.5	111.28	111.04	110.78	110.51	110.22	109.91	109.6	109.27	108.93	108.57	108.2	107.83
306.9	112.13	112.06	111.91	111.72	111.5	111.26	111.01	110.74	110.45	110.16	109.84	109.52	109.18	108.83	108.47	108.09
307	112.34	112.27	112.12	111.93	111.72	111.49	111.24	110.97	110.69	110.4	110.09	109.77	109.43	109.09	108.73	108.36
307.1	112.55	112.48	112.33	112.15	111.94	111.71	111.47	111.21	110.93	110.64	110.33	110.02	109.69	109.34	108.99	108.63
307.2	112.76	112.69	112.55	112.37	112.16	111.94	111.7	111.44	111.16	110.88	110.58	110.26	109.94	109.6	109.25	108.89
307.3	112.96	112.9	112.76	112.58	112.38	112.16	111.92	111.67	111.4	111.12	110.82	110.51	110.19	109.86	109.51	109.15
307.4	113.17	113.11	112.97	112.8	112.6	112.38	112.15	111.9	111.63	111.36	111.06	110.76	110.44	110.11	109.77	109.42
307.5	113.38	113.32	113.18	113.01	112.82	112.6	112.37	112.13	111.87	111.59	111.3	111	110.69	110.36	110.03	109.68
307.6	113.59	113.53	113.39	113.22	113.03	112.82	112.6	112.36	112.1	111.83	111.54	111.25	110.94	110.62	110.28	109.94
307.7	113.79	113.74	113.6	113.44	113.25	113.04	112.82	112.58	112.33	112.06	111.78	111.49	111.19	110.87	110.54	110.2
307.8	114	113.94	113.81	113.65	113.47	113.26	113.05	112.81	112.56	112.3	112.02	111.73	111.43	111.12	110.79	110.46
307.9	114.2	114.15	114.02	113.86	113.68	113.48	113.27	113.04	112.79	112.53	112.26	111.97	111.68	111.37	111.05	110.71
308	114.41	114.35	114.23	114.07	113.89	113.7	113.49	113.26	113.02	112.76	112.49	112.21	111.92	111.61	111.3	110.97
308.1	114.61	114.56	114.44	114.28	114.11	113.92	113.71	113.48	113.25	112.99	112.73	112.45	112.16	111.86	111.55	111.22
308.2	114.81	114.76	114.64	114.49	114.32	114.13	113.93	113.71	113.47	113.22	112.96	112.69	112.4	112.11	111.8	111.48
308.3	115.02	114.97	114.85	114.7	114.53	114.35	114.15	113.93	113.7	113.46	113.2	112.93	112.65	112.35	112.05	111.73
308.4	115.22	115.17	115.06	114.91	114.75	114.56	114.37	114.15	113.93	113.68	113.43	113.16	112.89	112.6	112.3	111.98
308.5	115.42	115.38	115.27	115.12	114.96	114.78	114.59	114.38	114.15	113.91	113.66	113.4	113.13	112.84	112.54	112.23
308.6	115.63	115.58	115.47	115.33	115.17	114.99	114.8	114.6	114.38	114.14	113.89	113.64	113.36	113.08	112.79	112.48
308.7	115.83	115.79	115.68	115.54	115.38	115.21	115.02	114.82	114.6	114.37	114.13	113.87	113.6	113.32	113.03	112.73
308.8	116.03	115.99	115.88	115.75	115.59	115.42	115.24	115.04	114.82	114.6	114.35	114.1	113.84	113.56	113.28	112.98
308.9	116.23	116.19	116.09	115.95	115.8	115.63	115.45	115.25	115.04	114.82	114.58	114.34	114.07	113.8	113.52	113.23
309	116.43	116.39	116.29	116.16	116.01	115.85	115.67	115.47	115.26	115.04	114.81	114.57	114.31	114.04	113.76	113.47
309.1	116.63	116.59	116.49	116.36	116.22	116.06	115.88	115.69	115.48	115.27	115.04	114.8	114.54	114.28	114	113.72
309.2	116.83	116.79	116.7	116.57	116.43	116.27	116.09	115.9	115.7	115.49	115.26	115.03	114.78	114.51	114.24	113.96
309.3	117.03	116.99	116.9	116.77	116.63	116.48	116.3	116.12	115.92	115.71	115.49	115.25	115.01	114.75	114.48	114.2
309.4	117.23	117.19	117.1	116.98	116.84	116.68	116.52	116.33	116.14	115.93	115.71	115.48	115.24	114.98	114.72	114.44
309.5	117.43	117.39	117.3	117.18	117.05	116.89	116.73	116.55	116.36	116.15	115.94	115.71	115.47	115.22	114.96	114.68
309.6	117.63	117.59	117.5	117.39	117.25	117.1	116.94	116.76	116.57	116.37	116.16	115.94	115.7	115.45	115.19	114.92
309.7	117.83	117.79	117.7	117.59	117.46	117.31	117.15	116.98	116.79	116.59	116.38	116.16	115.93	115.68	115.43	115.16
309.8	118.03	117.99	117.9	117.79	117.66	117.52	117.36	117.19	117.01	116.81	116.6	116.39	116.16	115.91	115.66	115.4
309.9	118.22	118.19	118.1	117.99	117.87	117.73	117.57	117.4	117.22	117.03	116.83	116.61	116.38	116.14	115.9	115.64
310	118.42	118.39	118.3	118.2	118.07	117.93	117.78	117.61	117.44	117.25	117.05	116.83	116.61	116.37	116.13	115.87
310.1	118.62	118.59	118.5	118.4	118.28	118.14	117.99	117.83	117.65	117.46	117.27	117.06	116.84	116.6	116.36	116.11
310.2	118.82	118.78	118.7	118.6	118.48	118.34	118.2	118.04	117.86	117.68	117.49	117.28	117.06	116.83	116.59	116.34
310.3	119.01	118.98	118.9	118.8	118.68	118.55	118.4	118.25	118.08	117.9	117.7	117.5	117.29	117.06	116.82	116.58
310.4	119.21	119.18	119.1	119	118.88	118.75	118.61	118.46	118.29	118.11	117.92	117.72	117.51	117.29	117.05	116.81
310.5	119.41	119.38	119.3	119.2	119.09	118.96	118.82	118.67	118.5	118.33	118.14	117.94	117.73	117.51	117.28	117.04
310.6	119.6	119.57	119.5	119.4	119.29	119.16	119.02	118.87	118.71	118.54	118.36	118.16	117.95	117.74	117.51	117.27
310.7	119.8	119.77	119.7	119.6	119.49	119.37	119.23	119.08	118.92	118.75	118.57	118.38	118.18	117.96	117.74	117.5
310.8	119.99	119.97	119.9	119.8	119.69	119.57	119.44	119.29	119.13	118.97	118.79	118.6	118.4	118.18	117.96	117.73
310.9	120.19	120.16	120.09	120	119.89	119.77	119.64	119.5	119.34	119.18	119	118.81	118.62	118.41	118.19	117.96
311	120.38	120.36	120.29	120.2	120.09	119.97	119.84	119.7	119.55	119.39	119.21	119.03	118.83	118.63	118.41	118.19
311.1	120.58	120.55	120.48	120.4	120.29	120.18	120.05	119.91	119.76	119.6	119.43	119.24	119.05	118.85	118.64	118.41
311.2	120.77	120.75	120.68	120.59	120.49	120.38	120.25	120.11	119.97	119.81	119.64	119.46	119.27	119.07	118.86	118.64
311.3	120.97	120.94	120.88	120.79	120.69	120.58	120.45	120.32	120.17	120.02	119.85	119.67	119.49	119.29	119.08	118.87
311.4	121.16	121.14	121.07	120.99	120.89	120.78	120.66	120.52	120.38	120.23	120.06	119.89	119.7	119.51	119.3	119.09
311.5	121.35	121.33	121.27	121.18	121.09	120.98	120.86	120.73	120.59	120.43	120.27	120.1	119.92	119.73	119.52	119.31
311.6	121.55	121.52	121.46	121.38	121.28	121.18	121.06	120.93	120.79	120.64	120.48	120.31	120.13	119.94	119.75	119.54
311.7	121.74	121.72	121.66	121.58	121.48	121.38	121.26	121.13	121	120.85	120.69	120.52	120.35	120.16	119.97	119.76
311.8	121.93	121.91	121.85	121.77	121.68	121.58	121.46	121.34	121.2	121.06	120.9	120.74	120.56	120.38	120.18	119.98
311.9	122.13	122.11	122.05	121.97	121.88	121.78	121.66	121.54	121.41	121.26	121.11	120.95	120.78	120.59	120.4	120.2
312	122.32	122.3	122.24	122.16	122.08	121.97	121.86	121.74	121.61	121.47	121.32	121.16	120.99	120.81	120.62	120.42
312.1	122.51	122.49	122.44	122.36	122.27	122.17	122.06	121.94	121.81	121.68	121.53	121.37	121.2	121.03	120.84	120.64
312.2	122.71	122.68	122.63	122.55	122.47	122.37	122.26	122.15	122.02	121.88	121.73	121.58	121.41	121.24	121.06	120.86
312.3	122.9	122.88	122.82	122.75	122.66	122.57	122.46	122.35	122.22	122.09	121.94	121.79	121.62	121.45	121.27	121.08
312.4	123.09	123.07	123.02	122.94	122.86	122.77	122.66	122.55	122.42	122.29	122.15	122	121.84	121.67	121.49	121.3
312.5	123.28	123.26	123.21	123.14	123.06	122.96	122.86	122.75	122.62	122.49	122.35	122.2	122.05	121.88	121.7	121.52
312.6	123.47	123.45	123.4	123.33	123.25	123.16	123.06	122.95	122.83	122.7	122.56	122.41	122.25	122.09	121.92	121.73
312.7	123.66	123.65	123.59	123.53	123.45	123.36	123.26	123.15	123.03	122.9	122.76	122.62	122.46	122.3	122.13	121.95
312.8	123.86	123.84	123.79	123.72	123.64	123.55	123.45	123.34	123.23	123.1	122.97	122.82	122.67	122.51	122.34	122.16
312.9	124.05	124.03	123.98	123.91	123.84	123.75	123.65	123.54	123.43	123.3	123.17	123.03	122.88	122.72	122.55	122.38
313	124.24	124.22	124.17	124.11	124.03	123.94	123.85	123.74	123.63	123.51	123.38	123.24	123.09	122.93	122.77	122.59
313.1	124.43	124.41	124.36	124.3	124.22	124.14	124.04	123.94	123.83	123.71	123.58	123.44	123.3	123.14	122.98	122.81
313.2	124.62	124.6	124.56	124.49	124.42	124.33	124.24	124.14	124.03	123.91	123.78	123.65	123.5	123.35	123.19	123.02
313.3	124.81	124.79	124.75	124.68	124.61	124.53	124.44	124.34	124.23	124.11	123.99	123.85	123.71	123.56	123.4	123.23
313.4	125	124.98	124.94	124.88	124.81	124.72	124.63	124.53	124.43	124.31	124.19	124.05	123.91	123.77	123.61	123.44
313.5	125.19	125.17	125.13	125.07	125	124.92	124.83	124.73	124.63	124.51	124.39	124.26	124.12	123.97	123.82	123.66
313.6	125.38	125.36	125.32	125.26	125.19	125.11	125.02	124.93	124.82	124.71	124.59	124.46	124.32	124.18	124.03	123.87
313.7	125.57	125.55	125.51	125.45	125.38	125.31	125.22	125.12	125.02	124.91	124.79	124.66	124.53	124.39	124.23	124.08
313.8	125.76	125.74	125.7	125.64	125.57	125.5	125.41	125.32	125.22	125.11	124.99	124.86	124.73	124.59	124.44	124.28
313.9	125.95	125.93	125.89	125.83	125.77	125.69	125.61	125.51	125.41	125.31	125.19	125.07	124.93	124.79	124.65	124.49
314	126.14	126.12	126.08	126.02	125.96	125.88	125.8	125.71	125.61	125.5	125.39	125.27	125.14	125	124.85	124.7
314.1	126.32	126.31	126.27	126.21	126.15	126.07	125.99	125.9	125.81	125.7	125.59	125.47	125.34	125.2	125.06	124.91
314.2	126.51	126.5	126.46	126.4	126.34	126.27	126.19	126.1	126	125.9	125.79	125.67	125.54	125.41	125.27	125.12
314.3	126.7	126.69	126.65	126.59	126.53	126.46	126.38	126.29	126.2	126.09	125.98	125.87	125.74	125.61	125.47	125.32
314.4	126.89	126.87	126.84	126.78	126.72	126.65	126.57	126.49	126.39	126.29	126.18	126.07	125.94	125.81	125.68	125.53
314.5	127.08	127.06	127.02	126.97	126.91	126.84	126.77	126.68	126.59	126.49	126.38	126.27	126.14	126.02	125.88	125.74
314.6	127.27	127.25	127.21	127.16	127.1	127.03	126.96	126.87	126.78	126.68	126.58	126.47	126.35	126.22	126.08	125.94
314.7	127.45	127.44	127.4	127.35	127.29	127.23	127.15	127.07	126.98	126.88	126.78	126.66	126.55	126.42	126.29	126.15
314.8	127.64	127.63	127.59	127.54	127.48	127.42	127.34	127.26	127.17	127.08	126.97	126.86	126.75	126.62	126.49	126.35
314.9	127.83	127.81	127.78	127.73	127.67	127.61	127.53	127.45	127.37	127.27	127.17	127.06	126.95	126.82	126.69	126.56
315	128.02	128	127.97	127.92	127.86	127.8	127.73	127.65	127.56	127.47	127.37	127.26	127.14	127.02	126.9	126.76
315.1	128.2	128.19	128.15	128.11	128.05	127.99	127.92	127.84	127.75	127.66	127.56	127.46	127.34	127.22	127.1	126.97
315.2	128.39	128.38	128.34	128.3	128.24	128.18	128.11	128.03	127.95	127.86	127.76	127.65	127.54	127.42	127.3	127.17
315.3	128.58	128.56	128.53	128.48	128.43	128.37	128.3	128.22	128.14	128.05	127.95	127.85	127.74	127.62	127.5	127.37
315.4	128.76	128.75	128.72	128.67	128.62	128.56	128.49	128.41	128.33	128.24	128.15	128.05	127.94	127.82	127.7	127.57
315.5	128.95	128.94	128.9	128.86	128.81	128.75	128.68	128.61	128.52	128.44	128.34	128.24	128.14	128.02	127.9	127.78
315.6	129.14	129.12	129.09	129.05	129	128.94	128.87	128.8	128.72	128.63	128.54	128.44	128.33	128.22	128.1	127.98
315.7	129.32	129.31	129.28	129.24	129.19	129.13	129.06	128.99	128.91	128.82	128.73	128.63	128.53	128.42	128.3	128.18
315.8	129.51	129.5	129.47	129.42	129.37	129.32	129.25	129.18	129.1	129.02	128.93	128.83	128.73	128.62	128.5	128.38
315.9	129.7	129.68	129.65	129.61	129.56	129.5	129.44	129.37	129.29	129.21	129.12	129.03	128.92	128.82	128.7	128.58
316	129.88	129.87	129.84	129.8	129.75	129.69	129.63	129.56	129.49	129.4	129.31	129.22	129.12	129.01	128.9	128.78
316.1	130.07	130.06	130.03	129.99	129.94	129.88	129.82	129.75	129.68	129.6	129.51	129.41	129.32	129.21	129.1	128.98
316.2	130.25	130.24	130.21	130.17	130.12	130.07	130.01	129.94	129.87	129.79	129.7	129.61	129.51	129.41	129.3	129.18
316.3	130.44	130.43	130.4	130.36	130.31	130.26	130.2	130.13	130.06	129.98	129.89	129.8	129.7	129.6	129.49	129.38
316.4	130.62	130.61	130.58	130.54	130.5	130.44	130.39	130.32	130.25	130.17	130.08	129.99	129.9	129.8	129.69	129.58
316.5	130.81	130.8	130.77	130.73	130.68	130.63	130.57	130.51	130.44	130.36	130.28	130.19	130.09	129.99	129.89	129.77
316.6	130.99	130.98	130.95	130.92	130.87	130.82	130.76	130.7	130.63	130.55	130.47	130.38	130.29	130.19	130.08	129.97
316.7	131.18	131.17	131.14	131.1	131.06	131.01	130.95	130.88	130.81	130.74	130.66	130.57	130.48	130.38	130.28	130.17
316.8	131.36	131.35	131.32	131.29	131.24	131.19	131.14	131.07	131	130.93	130.85	130.76	130.67	130.58	130.47	130.37
316.9	131.55	131.54	131.51	131.47	131.43	131.38	131.32	131.26	131.19	131.12	131.04	130.96	130.87	130.77	130.67	130.56
317	131.73	131.72	131.69	131.66	131.62	131.57	131.51	131.45	131.38	131.31	131.23	131.15	131.06	130.97	130.87	130.76
317.1	131.92	131.91	131.88	131.85	131.8	131.75	131.7	131.64	131.57	131.5	131.42	131.34	131.25	131.16	131.06	130.96
317.2	132.1	132.09	132.07	132.03	131.99	131.94	131.89	131.83	131.76	131.69	131.62	131.53	131.45	131.35	131.26	131.15
317.3	132.29	132.28	132.25	132.22	132.18	132.13	132.08	132.02	131.95	131.88	131.81	131.73	131.64	131.55	131.45	131.35
317.4	132.47	132.46	132.44	132.4	132.36	132.32	132.26	132.21	132.14	132.07	132	131.92	131.83	131.74	131.65	131.55
317.5	132.66	132.65	132.62	132.59	132.55	132.5	132.45	132.39	132.33	132.26	132.19	132.11	132.02	131.93	131.84	131.74
317.6	132.84	132.83	132.81	132.77	132.73	132.69	132.64	132.58	132.52	132.45	132.38	132.3	132.22	132.13	132.03	131.94
317.7	133.02	133.01	132.99	132.96	132.92	132.87	132.82	132.77	132.7	132.64	132.57	132.49	132.41	132.32	132.23	132.13
317.8	133.21	133.2	133.17	133.14	133.1	133.06	133.01	132.95	132.89	132.83	132.75	132.68	132.6	132.51	132.42	132.32
317.9	133.39	133.38	133.36	133.32	133.29	133.24	133.19	133.14	133.08	133.01	132.94	132.87	132.79	132.7	132.61	132.52
318	133.57	133.56	133.54	133.51	133.47	133.43	133.38	133.32	133.26	133.2	133.13	133.06	132.98	132.89	132.8	132.71
318.1	133.75	133.75	133.72	133.69	133.66	133.61	133.56	133.51	133.45	133.39	133.32	133.24	133.17	133.08	132.99	132.9
318.2	133.94	133.93	133.91	133.88	133.84	133.8	133.75	133.7	133.64	133.57	133.51	133.43	133.36	133.27	133.19	133.09
318.3	134.12	134.11	134.09	134.06	134.02	133.98	133.93	133.88	133.82	133.76	133.69	133.62	133.55	133.46	133.38	133.29
318.4	134.3	134.3	134.27	134.24	134.21	134.17	134.12	134.07	134.01	133.95	133.88	133.81	133.74	133.65	133.57	133.48
318.5	134.49	134.48	134.46	134.43	134.39	134.35	134.31	134.25	134.2	134.14	134.07	134	133.93	133.85	133.76	133.67
318.6	134.67	134.66	134.64	134.61	134.58	134.54	134.49	134.44	134.38	134.32	134.26	134.19	134.11	134.04	133.95	133.86
318.7	134.85	134.84	134.82	134.8	134.76	134.72	134.68	134.63	134.57	134.51	134.45	134.38	134.3	134.23	134.14	134.06
318.8	135.04	135.03	135.01	134.98	134.95	134.91	134.86	134.81	134.76	134.7	134.63	134.57	134.49	134.42	134.33	134.25
318.9	135.22	135.21	135.19	135.16	135.13	135.09	135.05	135	134.94	134.88	134.82	134.75	134.68	134.61	134.52	134.44
319	135.4	135.39	135.37	135.35	135.31	135.27	135.23	135.18	135.13	135.07	135.01	134.94	134.87	134.79	134.71	134.63
319.1	135.58	135.58	135.56	135.53	135.5	135.46	135.41	135.37	135.31	135.26	135.2	135.13	135.06	134.98	134.9	134.82
319.2	135.77	135.76	135.74	135.71	135.68	135.64	135.6	135.55	135.5	135.44	135.38	135.32	135.25	135.17	135.09	135.01
319.3	135.95	135.94	135.92	135.89	135.86	135.82	135.78	135.74	135.68	135.63	135.57	135.5	135.43	135.36	135.28	135.2
319.4	136.13	136.12	136.1	136.08	136.04	136.01	135.97	135.92	135.87	135.81	135.75	135.69	135.62	135.55	135.47	135.39
319.5	136.31	136.3	136.28	136.26	136.23	136.19	136.15	136.1	136.05	136	135.94	135.88	135.81	135.74	135.66	135.58
319.6	136.49	136.48	136.47	136.44	136.41	136.37	136.33	136.29	136.24	136.18	136.12	136.06	136	135.92	135.85	135.77
319.7	136.67	136.67	136.65	136.62	136.59	136.56	136.52	136.47	136.42	136.37	136.31	136.25	136.18	136.11	136.04	135.96
319.8	136.85	136.85	136.83	136.81	136.77	136.74	136.7	136.65	136.61	136.55	136.5	136.43	136.37	136.3	136.22	136.15
319.9	137.04	137.03	137.01	136.99	136.96	136.92	136.88	136.84	136.79	136.74	136.68	136.62	136.55	136.49	136.41	136.34
320	137.22	137.21	137.19	137.17	137.14	137.1	137.06	137.02	136.97	136.92	136.86	136.8	136.74	136.67	136.6	136.52
320.1	137.4	137.39	137.37	137.35	137.32	137.29	137.25	137.2	137.16	137.1	137.05	136.99	136.93	136.86	136.79	136.71
320.2	137.58	137.57	137.55	137.53	137.5	137.47	137.43	137.39	137.34	137.29	137.23	137.17	137.11	137.04	136.97	136.9
320.3	137.76	137.75	137.74	137.71	137.68	137.65	137.61	137.57	137.52	137.47	137.42	137.36	137.3	137.23	137.16	137.09
320.4	137.94	137.93	137.92	137.89	137.86	137.83	137.79	137.75	137.71	137.66	137.6	137.54	137.48	137.42	137.35	137.27
320.5	138.12	138.11	138.1	138.07	138.05	138.01	137.98	137.93	137.89	137.84	137.79	137.73	137.67	137.6	137.53	137.46
320.6	138.3	138.29	138.28	138.26	138.23	138.19	138.16	138.12	138.07	138.02	137.97	137.91	137.85	137.79	137.72	137.65
320.7	138.48	138.48	138.46	138.44	138.41	138.38	138.34	138.3	138.25	138.21	138.15	138.1	138.04	137.97	137.9	137.83
320.8	138.66	138.66	138.64	138.62	138.59	138.56	138.52	138.48	138.44	138.39	138.34	138.28	138.22	138.16	138.09	138.02
320.9	138.84	138.84	138.82	138.8	138.77	138.74	138.7	138.66	138.62	138.57	138.52	138.47	138.41	138.34	138.28	138.21
321	139.02	139.02	139	138.98	138.95	138.92	138.89	138.85	138.8	138.76	138.7	138.65	138.59	138.53	138.46	138.39
