0	0	0.1	0.2	0.3	0.4	0.5	0.6	0.7	0.8	0.9	1	1.1	1.2	1.3	1.4	1.5
263.9	0	-0.023724	-0.071446	-0.12038	-0.17002	-0.21969	-0.26947	-0.31925	-0.3691	-0.41893	-0.4687	-0.51829	-0.56767	-0.61677	-0.66562	-0.71426
264	0.22173	0.19793	0.15006	0.10099	0.051202	0.0013773	-0.048543	-0.098464	-0.14846	-0.19843	-0.24833	-0.29803	-0.34752	-0.39673	-0.44568	-0.49444
264.1	0.44348	0.41961	0.3716	0.32238	0.27245	0.22247	0.1724	0.12234	0.072203	0.02209	-0.027942	-0.077755	-0.12735	-0.17666	-0.22572	-0.27459
264.2	0.66507	0.64112	0.59297	0.54361	0.49353	0.4434	0.39318	0.34297	0.29269	0.24244	0.19227	0.14235	0.092654	0.043235	-0.0059305	-0.054908
264.3	0.88637	0.86235	0.81405	0.76455	0.71432	0.66404	0.61366	0.5633	0.51287	0.46248	0.41219	0.36215	0.31235	0.26282	0.21355	0.16447
264.4	1.1076	1.0835	1.035	0.98538	0.935	0.88456	0.83402	0.78351	0.73294	0.6824	0.63198	0.58182	0.53191	0.48228	0.4329	0.38371
264.5	1.3287	1.3045	1.2559	1.2061	1.1556	1.105	1.0543	1.0036	0.95293	0.90225	0.85169	0.80142	0.7514	0.70165	0.65216	0.60287
264.6	1.5499	1.5256	1.4769	1.427	1.3763	1.3255	1.2747	1.2238	1.173	1.1222	1.0715	1.0211	0.97094	0.92108	0.87147	0.82206
264.7	1.771	1.7467	1.6979	1.6478	1.5969	1.546	1.495	1.444	1.393	1.342	1.2912	1.2407	1.1904	1.1404	1.0907	1.0412
264.8	1.9921	1.9677	1.9188	1.8685	1.8175	1.7664	1.7152	1.6641	1.6129	1.5618	1.5109	1.4602	1.4099	1.3597	1.3099	1.2602
264.9	2.2132	2.1888	2.1397	2.0893	2.0382	1.9869	1.9356	1.8843	1.833	1.7817	1.7306	1.6798	1.6294	1.5791	1.5291	1.4794
265	2.4343	2.4099	2.3606	2.3101	2.2588	2.2074	2.1559	2.1044	2.053	2.0016	1.9503	1.8994	1.8488	1.7984	1.7483	1.6984
265.1	2.6556	2.6311	2.5817	2.531	2.4795	2.428	2.3763	2.3247	2.2731	2.2216	2.1702	2.1191	2.0684	2.0179	1.9676	1.9176
265.2	2.877	2.8525	2.8029	2.7521	2.7005	2.6488	2.597	2.5452	2.4935	2.4418	2.3903	2.3391	2.2882	2.2375	2.1871	2.137
265.3	3.0985	3.0738	3.0242	2.9732	2.9215	2.8696	2.8177	2.7658	2.7138	2.662	2.6103	2.559	2.508	2.4572	2.4066	2.3564
265.4	3.3201	3.2954	3.2456	3.1945	3.1426	3.0906	3.0385	2.9865	2.9344	2.8824	2.8306	2.7791	2.728	2.677	2.6263	2.5759
265.5	3.5421	3.5174	3.4675	3.4162	3.3642	3.3121	3.2598	3.2076	3.1554	3.1033	3.0513	2.9997	2.9484	2.8973	2.8464	2.7959
265.6	3.7642	3.7393	3.6893	3.6379	3.5858	3.5335	3.4811	3.4288	3.3764	3.3241	3.272	3.2203	3.1688	3.1176	3.0666	3.0159
265.7	3.986	3.9611	3.911	3.8595	3.8072	3.7548	3.7022	3.6497	3.5972	3.5448	3.4926	3.4407	3.3891	3.3377	3.2865	3.2357
265.8	4.2076	4.1827	4.1324	4.0808	4.0284	3.9759	3.9232	3.8705	3.8178	3.7653	3.7129	3.6609	3.6091	3.5576	3.5063	3.4553
265.9	4.429	4.404	4.3537	4.3019	4.2494	4.1967	4.1439	4.091	4.0382	3.9856	3.933	3.8808	3.8289	3.7772	3.7257	3.6746
266	4.6502	4.6251	4.5747	4.5228	4.4702	4.4173	4.3643	4.3113	4.2584	4.2056	4.1529	4.1005	4.0485	3.9966	3.945	3.8938
266.1	4.8713	4.8462	4.7956	4.7437	4.6909	4.6379	4.5847	4.5316	4.4785	4.4255	4.3728	4.3202	4.268	4.216	4.1642	4.1128
266.2	5.0926	5.0674	5.0167	4.9646	4.9117	4.8585	4.8052	4.7519	4.6987	4.6456	4.5926	4.54	4.4876	4.4354	4.3835	4.332
266.3	5.3138	5.2886	5.2377	5.1855	5.1325	5.0792	5.0257	4.9723	4.9188	4.8656	4.8126	4.7597	4.7072	4.6549	4.6028	4.5511
266.4	5.5353	5.51	5.459	5.4066	5.3535	5.3001	5.2464	5.1928	5.1392	5.0859	5.0327	4.9797	4.927	4.8745	4.8223	4.7705
266.5	5.7574	5.732	5.6809	5.6283	5.575	5.5214	5.4676	5.4138	5.3601	5.3066	5.2533	5.2002	5.1473	5.0947	5.0423	4.9904
266.6	5.9796	5.9542	5.9029	5.8502	5.7967	5.743	5.689	5.635	5.5811	5.5275	5.4741	5.4208	5.3678	5.315	5.2625	5.2104
266.7	6.2016	6.1761	6.1246	6.0718	6.0181	5.9642	5.9101	5.856	5.8019	5.7482	5.6946	5.6412	5.588	5.5351	5.4825	5.4302
266.8	6.4236	6.398	6.3464	6.2934	6.2396	6.1855	6.1312	6.0769	6.0227	5.9688	5.9151	5.8615	5.8082	5.7552	5.7024	5.65
266.9	6.6456	6.62	6.5682	6.515	6.4611	6.4068	6.3523	6.2978	6.2435	6.1894	6.1356	6.0819	6.0284	5.9753	5.9224	5.8698
267	6.8677	6.8419	6.79	6.7366	6.6825	6.6281	6.5734	6.5188	6.4643	6.4101	6.3561	6.3023	6.2486	6.1953	6.1423	6.0896
267.1	7.0899	7.0641	7.012	6.9584	6.9042	6.8496	6.7947	6.7399	6.6852	6.6309	6.5768	6.5228	6.469	6.4156	6.3624	6.3096
267.2	7.3122	7.2863	7.234	7.1803	7.1258	7.071	7.016	6.961	6.9062	6.8517	6.7975	6.7434	6.6894	6.6358	6.5825	6.5296
267.3	7.5343	7.5083	7.4558	7.4019	7.3473	7.2923	7.2371	7.1819	7.1269	7.0723	7.0179	6.9637	6.9096	6.8559	6.8024	6.7494
267.4	7.7568	7.7306	7.678	7.6239	7.5691	7.514	7.4585	7.4032	7.3481	7.2933	7.2388	7.1844	7.1302	7.0763	7.0227	6.9695
267.5	7.9798	7.9536	7.9007	7.8465	7.7915	7.7362	7.6806	7.6251	7.5698	7.5149	7.4602	7.4057	7.3513	7.2973	7.2435	7.1902
267.6	8.2032	8.1769	8.1239	8.0695	8.0143	7.9588	7.903	7.8473	7.7919	7.7368	7.682	7.6273	7.5728	7.5186	7.4647	7.4112
267.7	8.4267	8.4003	8.347	8.2925	8.2371	8.1815	8.1255	8.0696	8.014	7.9587	7.9038	7.849	7.7943	7.7399	7.6859	7.6322
267.8	8.6498	8.6233	8.5698	8.5151	8.4596	8.4038	8.3476	8.2916	8.2358	8.1803	8.1252	8.0702	8.0154	7.9609	7.9067	7.8529
267.9	8.8724	8.8458	8.7922	8.7373	8.6816	8.6256	8.5693	8.5131	8.4571	8.4014	8.3461	8.291	8.2361	8.1814	8.127	8.073
268	9.0947	9.068	9.0142	8.9591	8.9033	8.8471	8.7906	8.7342	8.6781	8.6223	8.5668	8.5115	8.4564	8.4015	8.347	8.2929
268.1	9.3165	9.2897	9.2358	9.1806	9.1245	9.0682	9.0115	8.955	8.8986	8.8427	8.787	8.7315	8.6762	8.6212	8.5666	8.5123
268.2	9.5378	9.511	9.4569	9.4015	9.3453	9.2888	9.232	9.1752	9.1187	9.0625	9.0067	8.951	8.8956	8.8404	8.7856	8.7311
268.3	9.7591	9.7322	9.6779	9.6224	9.566	9.5094	9.4524	9.3955	9.3388	9.2824	9.2263	9.1705	9.1149	9.0596	9.0046	8.95
268.4	9.9805	9.9535	9.8991	9.8434	9.7869	9.7301	9.6729	9.6158	9.559	9.5024	9.4462	9.3902	9.3344	9.2789	9.2238	9.1689
268.5	10.202	10.175	10.121	10.065	10.008	9.951	9.8937	9.8365	9.7794	9.7227	9.6662	9.6101	9.5541	9.4985	9.4432	9.3881
268.6	10.424	10.397	10.342	10.286	10.23	10.172	10.115	10.058	10	9.9434	9.8868	9.8304	9.7743	9.7185	9.663	9.6078
268.7	10.647	10.62	10.565	10.509	10.452	10.394	10.337	10.279	10.222	10.165	10.108	10.051	9.995	9.939	9.8833	9.828
268.8	10.87	10.843	10.788	10.731	10.674	10.616	10.559	10.501	10.443	10.386	10.329	10.272	10.216	10.16	10.104	10.048
268.9	11.093	11.066	11.011	10.954	10.897	10.839	10.781	10.723	10.666	10.608	10.551	10.494	10.437	10.381	10.325	10.269
269	11.317	11.289	11.234	11.177	11.12	11.062	11.004	10.946	10.888	10.83	10.773	10.716	10.659	10.603	10.546	10.491
269.1	11.541	11.513	11.458	11.401	11.343	11.285	11.227	11.169	11.11	11.053	10.995	10.938	10.881	10.824	10.768	10.712
269.2	11.764	11.737	11.681	11.624	11.566	11.508	11.449	11.391	11.333	11.275	11.217	11.159	11.102	11.045	10.989	10.933
269.3	11.988	11.96	11.904	11.847	11.789	11.73	11.672	11.613	11.555	11.497	11.439	11.381	11.324	11.267	11.21	11.154
269.4	12.211	12.183	12.127	12.069	12.011	11.953	11.894	11.835	11.777	11.718	11.66	11.603	11.545	11.488	11.431	11.375
269.5	12.434	12.406	12.35	12.292	12.234	12.175	12.116	12.057	11.998	11.94	11.882	11.824	11.766	11.709	11.652	11.595
269.6	12.657	12.629	12.572	12.514	12.456	12.397	12.338	12.279	12.22	12.161	12.103	12.045	11.987	11.93	11.872	11.816
269.7	12.88	12.852	12.795	12.737	12.678	12.619	12.56	12.501	12.442	12.383	12.324	12.266	12.208	12.15	12.093	12.036
269.8	13.103	13.075	13.018	12.96	12.901	12.841	12.782	12.723	12.663	12.604	12.546	12.487	12.429	12.371	12.314	12.257
269.9	13.326	13.298	13.241	13.182	13.123	13.064	13.004	12.945	12.885	12.826	12.767	12.708	12.65	12.592	12.534	12.477
270	13.55	13.521	13.464	13.405	13.345	13.286	13.226	13.167	13.107	13.047	12.988	12.929	12.871	12.813	12.755	12.698
270.1	13.773	13.744	13.687	13.628	13.568	13.508	13.448	13.389	13.329	13.269	13.21	13.151	13.092	13.034	12.976	12.918
270.2	13.997	13.968	13.91	13.851	13.791	13.731	13.671	13.611	13.551	13.491	13.431	13.372	13.314	13.255	13.197	13.139
270.3	14.221	14.192	14.134	14.075	14.014	13.954	13.894	13.834	13.773	13.713	13.654	13.594	13.535	13.477	13.419	13.361
270.4	14.445	14.417	14.358	14.298	14.238	14.178	14.117	14.057	13.996	13.936	13.876	13.816	13.757	13.699	13.64	13.582
270.5	14.67	14.641	14.582	14.522	14.462	14.401	14.34	14.28	14.219	14.158	14.098	14.039	13.979	13.92	13.862	13.804
270.6	14.894	14.865	14.806	14.746	14.685	14.624	14.563	14.502	14.441	14.381	14.32	14.26	14.201	14.142	14.083	14.025
270.7	15.117	15.088	15.029	14.969	14.908	14.846	14.785	14.724	14.663	14.602	14.542	14.482	14.422	14.363	14.304	14.245
270.8	15.341	15.312	15.253	15.192	15.13	15.069	15.008	14.946	14.885	14.824	14.763	14.703	14.643	14.584	14.525	14.466
270.9	15.564	15.535	15.476	15.415	15.353	15.291	15.23	15.168	15.107	15.046	14.985	14.924	14.864	14.805	14.745	14.686
271	15.788	15.758	15.699	15.637	15.576	15.514	15.452	15.39	15.328	15.267	15.206	15.145	15.085	15.025	14.966	14.907
271.1	16.011	15.982	15.922	15.86	15.798	15.736	15.674	15.612	15.55	15.489	15.427	15.366	15.306	15.246	15.187	15.127
271.2	16.235	16.205	16.145	16.083	16.021	15.959	15.896	15.834	15.772	15.71	15.649	15.588	15.527	15.467	15.407	15.348
271.3	16.459	16.429	16.368	16.307	16.244	16.182	16.119	16.057	15.994	15.932	15.87	15.809	15.748	15.688	15.628	15.569
271.4	16.683	16.653	16.592	16.53	16.468	16.405	16.342	16.279	16.217	16.155	16.093	16.031	15.97	15.91	15.85	15.79
271.5	16.907	16.877	16.817	16.754	16.691	16.628	16.565	16.503	16.44	16.377	16.315	16.253	16.192	16.132	16.071	16.012
271.6	17.132	17.102	17.041	16.979	16.916	16.852	16.789	16.726	16.663	16.6	16.538	16.476	16.415	16.354	16.293	16.233
271.7	17.357	17.327	17.266	17.203	17.14	17.076	17.013	16.949	16.886	16.824	16.761	16.699	16.637	16.576	16.516	16.455
271.8	17.582	17.552	17.491	17.428	17.364	17.3	17.237	17.173	17.11	17.047	16.984	16.922	16.86	16.799	16.738	16.677
271.9	17.807	17.777	17.715	17.652	17.588	17.524	17.46	17.396	17.333	17.27	17.207	17.144	17.082	17.021	16.96	16.899
272	18.032	18.001	17.939	17.876	17.812	17.748	17.684	17.62	17.556	17.493	17.429	17.367	17.304	17.243	17.182	17.121
272.1	18.257	18.226	18.164	18.1	18.036	17.972	17.907	17.843	17.779	17.716	17.652	17.589	17.527	17.465	17.404	17.343
272.2	18.481	18.451	18.388	18.324	18.26	18.195	18.131	18.066	18.002	17.938	17.875	17.812	17.749	17.687	17.625	17.564
272.3	18.706	18.675	18.612	18.548	18.484	18.419	18.354	18.289	18.225	18.161	18.097	18.034	17.971	17.909	17.847	17.786
272.4	18.931	18.9	18.837	18.773	18.708	18.643	18.578	18.513	18.448	18.384	18.32	18.257	18.194	18.131	18.069	18.008
272.5	19.156	19.125	19.061	18.997	18.932	18.867	18.801	18.736	18.671	18.607	18.543	18.479	18.416	18.353	18.291	18.229
272.6	19.381	19.349	19.286	19.221	19.156	19.09	19.025	18.959	18.894	18.83	18.766	18.702	18.638	18.575	18.513	18.451
272.7	19.605	19.574	19.51	19.445	19.38	19.314	19.248	19.183	19.118	19.053	18.988	18.924	18.86	18.797	18.735	18.672
272.8	19.83	19.799	19.735	19.67	19.604	19.538	19.472	19.406	19.341	19.276	19.211	19.147	19.083	19.019	18.956	18.894
272.9	20.056	20.024	19.96	19.894	19.828	19.762	19.696	19.63	19.564	19.499	19.434	19.37	19.306	19.242	19.179	19.116
273	20.281	20.25	20.185	20.12	20.053	19.987	19.921	19.854	19.788	19.723	19.658	19.593	19.529	19.465	19.401	19.339
273.1	20.507	20.475	20.411	20.345	20.278	20.212	20.145	20.079	20.013	19.947	19.882	19.817	19.752	19.688	19.624	19.561
273.2	20.733	20.701	20.636	20.57	20.503	20.437	20.37	20.303	20.237	20.171	20.105	20.04	19.975	19.911	19.847	19.783
273.3	20.959	20.927	20.862	20.795	20.728	20.661	20.594	20.527	20.46	20.394	20.329	20.263	20.198	20.133	20.069	20.006
273.4	21.185	21.153	21.087	21.021	20.953	20.886	20.819	20.751	20.685	20.618	20.552	20.487	20.421	20.356	20.292	20.228
273.5	21.411	21.379	21.313	21.246	21.179	21.111	21.043	20.976	20.909	20.842	20.776	20.71	20.644	20.579	20.515	20.45
273.6	21.637	21.604	21.539	21.471	21.404	21.336	21.268	21.2	21.133	21.066	20.999	20.933	20.867	20.802	20.737	20.673
273.7	21.863	21.83	21.764	21.697	21.628	21.56	21.492	21.424	21.356	21.289	21.222	21.156	21.09	21.024	20.959	20.895
273.8	22.088	22.056	21.99	21.922	21.854	21.785	21.717	21.648	21.58	21.513	21.446	21.379	21.313	21.247	21.182	21.117
273.9	22.314	22.28	22.211	22.143	22.075	22.006	21.937	21.869	21.8	21.733	21.666	21.599	21.532	21.466	21.4	21.335
274	22.541	22.504	22.433	22.365	22.296	22.227	22.158	22.089	22.02	21.952	21.885	21.818	21.751	21.685	21.619	21.554
274.1	22.767	22.73	22.659	22.591	22.521	22.452	22.383	22.313	22.245	22.177	22.109	22.042	21.975	21.908	21.842	21.776
274.2	22.994	22.957	22.885	22.816	22.747	22.677	22.608	22.538	22.469	22.401	22.333	22.265	22.198	22.131	22.065	21.999
274.3	23.22	23.183	23.112	23.042	22.973	22.903	22.833	22.763	22.694	22.625	22.557	22.489	22.422	22.355	22.288	22.222
274.4	23.447	23.41	23.338	23.269	23.198	23.128	23.058	22.988	22.919	22.85	22.781	22.713	22.646	22.578	22.512	22.445
274.5	23.675	23.637	23.565	23.495	23.425	23.354	23.284	23.214	23.144	23.075	23.006	22.938	22.87	22.802	22.735	22.669
274.6	23.902	23.864	23.792	23.722	23.651	23.58	23.509	23.439	23.369	23.3	23.23	23.162	23.094	23.026	22.959	22.893
274.7	24.129	24.091	24.018	23.948	23.877	23.806	23.735	23.664	23.594	23.524	23.455	23.386	23.318	23.25	23.183	23.116
274.8	24.355	24.317	24.244	24.174	24.102	24.031	23.96	23.889	23.818	23.748	23.679	23.61	23.541	23.473	23.406	23.339
274.9	24.582	24.543	24.47	24.399	24.328	24.256	24.184	24.113	24.042	23.972	23.902	23.833	23.764	23.696	23.628	23.561
275	24.808	24.769	24.696	24.625	24.553	24.481	24.409	24.338	24.266	24.196	24.126	24.056	23.987	23.919	23.851	23.783
275.1	25.034	24.996	24.922	24.85	24.778	24.706	24.634	24.562	24.491	24.42	24.349	24.28	24.21	24.142	24.074	24.006
275.2	25.26	25.222	25.148	25.076	25.004	24.931	24.859	24.787	24.715	24.644	24.573	24.503	24.434	24.365	24.297	24.229
275.3	25.487	25.448	25.374	25.302	25.229	25.157	25.084	25.012	24.94	24.868	24.797	24.727	24.657	24.588	24.52	24.451
275.4	25.714	25.675	25.601	25.528	25.455	25.382	25.309	25.237	25.165	25.093	25.022	24.951	24.881	24.812	24.743	24.675
275.5	25.942	25.903	25.828	25.755	25.682	25.608	25.535	25.462	25.39	25.318	25.246	25.175	25.105	25.036	24.967	24.898
275.6	26.169	26.13	26.055	25.982	25.908	25.835	25.761	25.688	25.616	25.543	25.472	25.4	25.33	25.26	25.191	25.122
275.7	26.398	26.359	26.283	26.21	26.136	26.062	25.988	25.915	25.842	25.769	25.697	25.626	25.555	25.485	25.416	25.347
275.8	26.627	26.587	26.512	26.438	26.364	26.289	26.215	26.142	26.068	25.996	25.923	25.852	25.781	25.71	25.641	25.572
275.9	26.856	26.816	26.74	26.666	26.592	26.517	26.443	26.369	26.295	26.222	26.15	26.078	26.006	25.936	25.866	25.797
276	27.084	27.045	26.968	26.894	26.819	26.744	26.67	26.596	26.522	26.448	26.375	26.303	26.232	26.161	26.091	26.021
276.1	27.313	27.273	27.197	27.122	27.047	26.972	26.897	26.822	26.748	26.674	26.601	26.529	26.457	26.386	26.316	26.246
276.2	27.541	27.501	27.424	27.349	27.274	27.198	27.123	27.048	26.974	26.9	26.827	26.754	26.682	26.611	26.54	26.47
276.3	27.769	27.729	27.652	27.577	27.501	27.425	27.349	27.274	27.2	27.125	27.052	26.979	26.906	26.835	26.764	26.694
276.4	27.998	27.957	27.88	27.804	27.728	27.652	27.576	27.5	27.425	27.351	27.277	27.204	27.131	27.059	26.988	26.917
276.5	28.226	28.186	28.108	28.031	27.955	27.878	27.802	27.726	27.651	27.576	27.502	27.428	27.356	27.284	27.212	27.141
276.6	28.454	28.414	28.336	28.259	28.182	28.105	28.029	27.953	27.877	27.802	27.727	27.653	27.58	27.508	27.436	27.365
276.7	28.683	28.642	28.564	28.487	28.409	28.332	28.255	28.179	28.103	28.027	27.953	27.878	27.805	27.733	27.661	27.589
276.8	28.912	28.871	28.792	28.715	28.637	28.559	28.482	28.405	28.329	28.253	28.178	28.104	28.03	27.957	27.885	27.813
276.9	29.141	29.1	29.02	28.943	28.865	28.787	28.709	28.632	28.555	28.479	28.404	28.329	28.255	28.182	28.109	28.037
277	29.37	29.329	29.249	29.171	29.092	29.014	28.936	28.858	28.781	28.705	28.629	28.554	28.48	28.406	28.334	28.261
277.1	29.599	29.558	29.477	29.399	29.32	29.242	29.163	29.085	29.008	28.931	28.855	28.78	28.705	28.631	28.558	28.486
277.2	29.828	29.786	29.706	29.627	29.548	29.469	29.39	29.312	29.234	29.157	29.081	29.005	28.93	28.856	28.783	28.71
277.3	30.057	30.015	29.934	29.855	29.776	29.696	29.617	29.539	29.46	29.383	29.306	29.23	29.155	29.08	29.007	28.934
277.4	30.286	30.244	30.163	30.083	30.003	29.924	29.844	29.765	29.687	29.609	29.532	29.455	29.38	29.305	29.231	29.158
277.5	30.515	30.473	30.391	30.311	30.231	30.151	30.071	29.991	29.913	29.834	29.757	29.68	29.604	29.529	29.455	29.381
277.6	30.744	30.702	30.619	30.539	30.458	30.378	30.298	30.218	30.139	30.06	29.982	29.905	29.829	29.754	29.679	29.605
277.7	30.973	30.931	30.848	30.768	30.686	30.606	30.525	30.445	30.365	30.286	30.208	30.131	30.054	29.978	29.904	29.829
277.8	31.204	31.161	31.078	30.997	30.915	30.834	30.753	30.672	30.592	30.513	30.435	30.357	30.28	30.204	30.129	30.054
277.9	31.434	31.391	31.307	31.226	31.144	31.063	30.981	30.9	30.82	30.74	30.661	30.583	30.506	30.43	30.354	30.279
278	31.665	31.622	31.538	31.456	31.374	31.292	31.21	31.128	31.048	30.968	30.889	30.81	30.733	30.656	30.58	30.505
278.1	31.896	31.852	31.768	31.686	31.603	31.521	31.439	31.357	31.276	31.196	31.116	31.037	30.96	30.882	30.806	30.731
278.2	32.127	32.083	31.998	31.915	31.832	31.749	31.667	31.585	31.503	31.423	31.343	31.264	31.185	31.108	31.031	30.956
278.3	32.358	32.314	32.227	32.143	32.059	31.976	31.893	31.811	31.729	31.648	31.568	31.488	31.41	31.332	31.255	31.179
278.4	32.589	32.545	32.457	32.372	32.288	32.204	32.121	32.038	31.956	31.874	31.794	31.714	31.635	31.557	31.48	31.403
278.5	32.82	32.776	32.688	32.602	32.517	32.433	32.35	32.266	32.184	32.102	32.021	31.941	31.862	31.784	31.706	31.629
278.6	33.051	33.007	32.918	32.832	32.747	32.663	32.578	32.495	32.412	32.33	32.249	32.168	32.089	32.01	31.932	31.855
278.7	33.283	33.238	33.149	33.062	32.977	32.892	32.807	32.723	32.64	32.558	32.476	32.396	32.316	32.236	32.158	32.081
278.8	33.514	33.469	33.38	33.292	33.207	33.121	33.036	32.952	32.869	32.786	32.704	32.623	32.543	32.463	32.384	32.307
278.9	33.746	33.7	33.611	33.523	33.437	33.351	33.266	33.181	33.097	33.014	32.932	32.851	32.77	32.69	32.611	32.533
279	33.978	33.932	33.842	33.754	33.667	33.581	33.495	33.41	33.326	33.243	33.16	33.078	32.998	32.917	32.838	32.759
279.1	34.21	34.165	34.074	33.985	33.898	33.812	33.725	33.64	33.555	33.472	33.389	33.307	33.225	33.145	33.065	32.986
279.2	34.443	34.397	34.306	34.217	34.129	34.042	33.956	33.87	33.785	33.701	33.618	33.535	33.453	33.373	33.292	33.213
279.3	34.675	34.629	34.538	34.448	34.36	34.272	34.186	34.099	34.014	33.93	33.846	33.763	33.681	33.6	33.519	33.44
279.4	34.907	34.861	34.769	34.679	34.591	34.503	34.415	34.329	34.243	34.158	34.074	33.991	33.909	33.827	33.746	33.666
279.5	35.14	35.093	35.001	34.91	34.821	34.733	34.645	34.558	34.472	34.387	34.302	34.219	34.136	34.054	33.973	33.893
279.6	35.372	35.326	35.233	35.141	35.052	34.963	34.875	34.788	34.701	34.616	34.531	34.447	34.364	34.282	34.2	34.12
279.7	35.606	35.559	35.465	35.373	35.284	35.194	35.106	35.018	34.931	34.845	34.76	34.676	34.592	34.51	34.428	34.347
279.8	35.839	35.792	35.698	35.606	35.516	35.426	35.337	35.249	35.161	35.075	34.989	34.905	34.821	34.738	34.656	34.575
279.9	36.073	36.026	35.931	35.839	35.748	35.658	35.568	35.48	35.392	35.305	35.219	35.134	35.05	34.967	34.884	34.802
280	36.307	36.259	36.164	36.071	35.98	35.889	35.799	35.71	35.622	35.535	35.448	35.363	35.278	35.195	35.112	35.03
280.1	36.54	36.492	36.397	36.303	36.212	36.12	36.03	35.94	35.852	35.764	35.677	35.591	35.506	35.423	35.339	35.257
280.2	36.774	36.726	36.63	36.536	36.443	36.352	36.261	36.171	36.082	35.994	35.906	35.82	35.735	35.65	35.567	35.484
280.3	37.008	36.959	36.863	36.768	36.675	36.583	36.492	36.401	36.312	36.223	36.135	36.049	35.963	35.878	35.795	35.712
280.4	37.241	37.193	37.096	37.001	36.907	36.815	36.723	36.632	36.542	36.453	36.364	36.277	36.191	36.106	36.022	35.939
280.5	37.475	37.426	37.329	37.233	37.139	37.046	36.954	36.862	36.772	36.682	36.593	36.506	36.419	36.334	36.25	36.166
280.6	37.709	37.66	37.562	37.466	37.371	37.278	37.185	37.093	37.002	36.912	36.822	36.734	36.648	36.562	36.477	36.393
280.7	37.944	37.894	37.795	37.699	37.604	37.51	37.416	37.324	37.232	37.142	37.052	36.963	36.876	36.79	36.705	36.621
280.8	38.179	38.129	38.03	37.933	37.837	37.742	37.648	37.555	37.463	37.372	37.282	37.193	37.106	37.019	36.934	36.849
280.9	38.415	38.365	38.265	38.167	38.071	37.976	37.881	37.788	37.695	37.604	37.513	37.424	37.336	37.249	37.163	37.078
281	38.651	38.601	38.5	38.402	38.306	38.21	38.114	38.02	37.927	37.836	37.744	37.655	37.566	37.479	37.393	37.307
281.1	38.888	38.837	38.736	38.637	38.54	38.444	38.348	38.253	38.16	38.067	37.976	37.885	37.797	37.709	37.622	37.537
281.2	39.124	39.073	38.972	38.872	38.774	38.677	38.581	38.486	38.392	38.299	38.207	38.116	38.027	37.939	37.852	37.766
281.3	39.361	39.309	39.207	39.107	39.009	38.911	38.814	38.719	38.624	38.531	38.438	38.347	38.257	38.169	38.081	37.995
281.4	39.597	39.545	39.442	39.341	39.243	39.144	39.047	38.951	38.856	38.762	38.669	38.577	38.487	38.398	38.31	38.223
281.5	39.833	39.781	39.677	39.576	39.476	39.378	39.279	39.183	39.087	38.993	38.9	38.807	38.717	38.627	38.539	38.452
281.6	40.069	40.016	39.912	39.81	39.71	39.61	39.512	39.414	39.318	39.224	39.13	39.037	38.946	38.856	38.768	38.68
281.7	40.305	40.252	40.147	40.044	39.943	39.843	39.744	39.646	39.55	39.455	39.36	39.267	39.176	39.085	38.996	38.908
281.8	40.541	40.488	40.382	40.279	40.177	40.077	39.977	39.878	39.781	39.686	39.591	39.497	39.405	39.314	39.225	39.136
281.9	40.778	40.724	40.618	40.514	40.411	40.309	40.209	40.11	40.012	39.916	39.821	39.727	39.634	39.543	39.453	39.364
282	41.015	40.961	40.854	40.75	40.645	40.542	40.441	40.342	40.243	40.147	40.051	39.957	39.864	39.772	39.681	39.592
282.1	41.253	41.199	41.091	40.986	40.881	40.777	40.676	40.575	40.477	40.379	40.284	40.189	40.095	40.003	39.912	39.822
282.2	41.492	41.437	41.329	41.222	41.117	41.013	40.911	40.81	40.71	40.613	40.516	40.421	40.327	40.234	40.142	40.052
282.3	41.731	41.676	41.566	41.46	41.354	41.249	41.146	41.044	40.944	40.846	40.749	40.654	40.559	40.466	40.374	40.283
282.4	41.97	41.915	41.805	41.697	41.59	41.485	41.381	41.279	41.179	41.08	40.983	40.886	40.791	40.697	40.605	40.514
282.5	42.209	42.154	42.043	41.935	41.827	41.721	41.617	41.514	41.413	41.314	41.216	41.119	41.024	40.929	40.837	40.745
282.6	42.449	42.393	42.281	42.172	42.064	41.957	41.852	41.749	41.647	41.547	41.449	41.352	41.256	41.161	41.068	40.976
282.7	42.688	42.631	42.519	42.409	42.301	42.193	42.087	41.984	41.881	41.781	41.682	41.584	41.488	41.392	41.298	41.206
282.8	42.927	42.87	42.757	42.647	42.537	42.428	42.323	42.218	42.115	42.014	41.915	41.817	41.719	41.624	41.529	41.436
282.9	43.167	43.109	42.996	42.884	42.774	42.665	42.558	42.453	42.349	42.248	42.148	42.049	41.951	41.855	41.76	41.667
283	43.407	43.349	43.234	43.122	43.011	42.901	42.794	42.688	42.584	42.481	42.381	42.282	42.184	42.087	41.991	41.897
283.1	43.647	43.589	43.473	43.36	43.248	43.137	43.03	42.923	42.818	42.715	42.614	42.514	42.416	42.318	42.222	42.128
283.2	43.887	43.829	43.712	43.598	43.486	43.374	43.265	43.158	43.053	42.949	42.847	42.747	42.648	42.55	42.453	42.358
283.3	44.128	44.069	43.951	43.837	43.723	43.611	43.501	43.394	43.288	43.183	43.081	42.98	42.88	42.782	42.685	42.589
283.4	44.369	44.31	44.191	44.076	43.961	43.848	43.738	43.63	43.523	43.418	43.314	43.213	43.113	43.014	42.916	42.82
283.5	44.611	44.551	44.432	44.315	44.2	44.086	43.975	43.866	43.759	43.653	43.549	43.447	43.346	43.246	43.148	43.052
283.6	44.853	44.793	44.673	44.555	44.439	44.325	44.213	44.103	43.995	43.888	43.784	43.681	43.579	43.479	43.381	43.283
283.7	45.096	45.035	44.914	44.795	44.678	44.563	44.45	44.339	44.23	44.123	44.018	43.914	43.812	43.712	43.612	43.515
283.8	45.339	45.277	45.155	45.036	44.918	44.802	44.688	44.576	44.466	44.358	44.252	44.148	44.045	43.944	43.844	43.746
283.9	45.582	45.52	45.396	45.276	45.157	45.04	44.926	44.813	44.702	44.593	44.487	44.382	44.279	44.177	44.077	43.978
284	45.825	45.763	45.638	45.517	45.397	45.279	45.164	45.05	44.939	44.829	44.722	44.616	44.512	44.41	44.309	44.21
284.1	46.069	46.006	45.88	45.758	45.637	45.518	45.402	45.288	45.175	45.065	44.957	44.85	44.746	44.643	44.542	44.442
284.2	46.312	46.249	46.122	45.998	45.877	45.757	45.64	45.525	45.412	45.301	45.192	45.085	44.979	44.876	44.774	44.674
284.3	46.557	46.492	46.364	46.24	46.117	45.996	45.878	45.762	45.649	45.537	45.427	45.319	45.213	45.109	45.007	44.906
284.4	46.801	46.736	46.607	46.481	46.358	46.236	46.117	46	45.886	45.773	45.662	45.554	45.447	45.343	45.24	45.138
284.5	47.046	46.98	46.85	46.723	46.598	46.476	46.356	46.238	46.123	46.01	45.898	45.789	45.682	45.576	45.473	45.371
284.6	47.292	47.225	47.093	46.966	46.84	46.716	46.596	46.477	46.361	46.247	46.134	46.024	45.917	45.811	45.706	45.604
284.7	47.538	47.471	47.338	47.209	47.082	46.958	46.836	46.716	46.6	46.485	46.371	46.261	46.152	46.045	45.941	45.837
284.8	47.786	47.718	47.584	47.453	47.325	47.2	47.077	46.957	46.839	46.723	46.609	46.498	46.388	46.281	46.176	46.072
284.9	48.035	47.966	47.83	47.698	47.569	47.443	47.319	47.198	47.079	46.963	46.848	46.735	46.625	46.517	46.411	46.307
285	48.285	48.215	48.077	47.944	47.814	47.686	47.562	47.44	47.32	47.202	47.087	46.974	46.863	46.754	46.647	46.542
285.1	48.535	48.464	48.325	48.191	48.059	47.93	47.805	47.681	47.561	47.442	47.326	47.212	47.101	46.991	46.884	46.778
285.2	48.786	48.714	48.573	48.437	48.305	48.174	48.048	47.923	47.802	47.683	47.566	47.451	47.339	47.229	47.121	47.014
285.3	49.037	48.964	48.821	48.684	48.55	48.418	48.29	48.165	48.043	47.923	47.805	47.689	47.576	47.466	47.357	47.25
285.4	49.288	49.214	49.069	48.93	48.795	48.662	48.533	48.407	48.283	48.162	48.044	47.928	47.814	47.702	47.593	47.485
285.5	49.539	49.464	49.317	49.176	49.039	48.906	48.775	48.648	48.524	48.402	48.282	48.165	48.051	47.939	47.829	47.72
285.6	49.791	49.714	49.565	49.422	49.284	49.149	49.018	48.889	48.764	48.641	48.521	48.403	48.288	48.175	48.064	47.955
285.7	50.043	49.965	49.813	49.669	49.529	49.393	49.26	49.13	49.004	48.88	48.759	48.641	48.525	48.411	48.299	48.19
285.8	50.296	50.217	50.063	49.916	49.775	49.637	49.503	49.372	49.245	49.12	48.998	48.879	48.762	48.647	48.535	48.425
285.9	50.55	50.47	50.313	50.164	50.021	49.882	49.746	49.614	49.486	49.36	49.238	49.117	48.999	48.884	48.771	48.66
286	50.806	50.723	50.563	50.413	50.268	50.127	49.99	49.857	49.728	49.601	49.477	49.356	49.237	49.121	49.007	48.896
286.1	51.062	50.978	50.815	50.662	50.515	50.373	50.235	50.1	49.97	49.842	49.717	49.595	49.475	49.358	49.244	49.132
286.2	51.32	51.234	51.067	50.912	50.763	50.619	50.48	50.344	50.212	50.083	49.958	49.835	49.714	49.596	49.481	49.368
286.3	51.578	51.491	51.321	51.162	51.011	50.866	50.725	50.588	50.455	50.325	50.199	50.075	49.953	49.834	49.718	49.604
286.4	51.838	51.748	51.575	51.414	51.26	51.113	50.971	50.832	50.698	50.567	50.44	50.315	50.192	50.073	49.956	49.841
286.5	52.099	52.007	51.83	51.665	51.51	51.36	51.216	51.077	50.941	50.809	50.681	50.555	50.432	50.311	50.193	50.078
286.6	52.361	52.267	52.085	51.918	51.759	51.608	51.462	51.321	51.184	51.051	50.922	50.795	50.671	50.549	50.431	50.314
286.7	52.625	52.528	52.341	52.17	52.009	51.856	51.709	51.566	51.428	51.294	51.163	51.035	50.91	50.788	50.668	50.551
286.8	52.89	52.79	52.598	52.424	52.26	52.104	51.955	51.811	51.672	51.536	51.404	51.275	51.149	51.026	50.905	50.787
286.9	53.156	53.053	52.857	52.678	52.511	52.353	52.202	52.056	51.915	51.779	51.646	51.516	51.389	51.264	51.143	51.024
287	53.424	53.318	53.116	52.933	52.764	52.603	52.45	52.302	52.16	52.022	51.888	51.757	51.629	51.503	51.381	51.261
287.1	53.694	53.585	53.377	53.19	53.017	52.853	52.698	52.549	52.405	52.265	52.13	51.998	51.869	51.743	51.62	51.499
287.2	53.967	53.854	53.64	53.448	53.271	53.104	52.947	52.796	52.65	52.51	52.373	52.24	52.11	51.982	51.858	51.737
287.3	54.241	54.124	53.903	53.706	53.525	53.356	53.196	53.043	52.896	52.754	52.616	52.481	52.35	52.222	52.097	51.974
287.4	54.516	54.395	54.168	53.965	53.78	53.607	53.445	53.29	53.141	52.997	52.858	52.722	52.59	52.461	52.335	52.212
287.5	54.793	54.668	54.433	54.225	54.035	53.859	53.694	53.537	53.386	53.241	53.1	52.963	52.83	52.7	52.573	52.448
287.6	55.072	54.943	54.7	54.486	54.291	54.111	53.944	53.784	53.632	53.485	53.342	53.204	53.07	52.939	52.81	52.685
287.7	55.354	55.22	54.969	54.748	54.549	54.365	54.194	54.032	53.878	53.729	53.585	53.446	53.31	53.178	53.049	52.923
287.8	55.638	55.5	55.24	55.012	54.807	54.62	54.445	54.281	54.125	53.974	53.829	53.688	53.551	53.418	53.287	53.16
287.9	55.924	55.781	55.512	55.277	55.067	54.874	54.697	54.53	54.371	54.219	54.072	53.93	53.791	53.657	53.525	53.397
288	56.213	56.064	55.786	55.543	55.326	55.129	54.948	54.778	54.617	54.463	54.314	54.171	54.031	53.895	53.763	53.633
288.1	56.503	56.349	56.061	55.81	55.587	55.385	55.2	55.027	54.863	54.707	54.557	54.411	54.271	54.133	54	53.869
288.2	56.797	56.637	56.339	56.08	55.85	55.642	55.453	55.277	55.11	54.952	54.8	54.653	54.511	54.372	54.237	54.106
288.3	57.094	56.928	56.619	56.351	56.114	55.9	55.707	55.527	55.358	55.197	55.043	54.895	54.751	54.611	54.475	54.343
288.4	57.394	57.222	56.901	56.624	56.38	56.16	55.962	55.778	55.606	55.443	55.287	55.137	54.992	54.85	54.713	54.579
288.5	57.697	57.519	57.186	56.899	56.646	56.421	56.217	56.03	55.855	55.689	55.531	55.379	55.232	55.089	54.951	54.816
288.6	58.002	57.817	57.472	57.175	56.914	56.682	56.473	56.281	56.103	55.934	55.774	55.62	55.472	55.328	55.188	55.052
288.7	58.31	58.118	57.761	57.453	57.184	56.944	56.729	56.533	56.351	56.18	56.017	55.861	55.711	55.566	55.425	55.287
288.8	58.621	58.422	58.052	57.733	57.454	57.207	56.987	56.786	56.6	56.426	56.26	56.103	55.951	55.804	55.661	55.522
288.9	58.935	58.729	58.346	58.015	57.727	57.472	57.245	57.039	56.849	56.672	56.504	56.344	56.19	56.042	55.897	55.757
289	59.251	59.038	58.641	58.299	58.001	57.737	57.503	57.292	57.098	56.917	56.747	56.584	56.429	56.279	56.133	55.992
289.1	59.571	59.351	58.94	58.585	58.276	58.004	57.764	57.547	57.348	57.164	56.99	56.825	56.668	56.516	56.369	56.226
289.2	59.894	59.666	59.241	58.874	58.555	58.273	58.025	57.802	57.599	57.411	57.234	57.067	56.907	56.754	56.605	56.461
289.3	60.222	59.986	59.546	59.167	58.836	58.545	58.289	58.06	57.852	57.659	57.479	57.309	57.148	56.992	56.842	56.696
289.4	60.553	60.309	59.855	59.462	59.12	58.819	58.555	58.319	58.105	57.909	57.725	57.553	57.389	57.231	57.079	56.932
289.5	60.887	60.636	60.167	59.76	59.406	59.095	58.823	58.58	58.36	58.159	57.972	57.797	57.63	57.471	57.317	57.168
289.6	61.225	60.966	60.482	60.062	59.695	59.374	59.092	58.842	58.617	58.41	58.22	58.041	57.872	57.71	57.555	57.405
289.7	61.567	61.3	60.801	60.367	59.988	59.655	59.364	59.106	58.874	58.663	58.468	58.286	58.114	57.951	57.793	57.642
289.8	61.913	61.638	61.123	60.675	60.283	59.94	59.639	59.372	59.134	58.917	58.718	58.533	58.358	58.192	58.033	57.879
289.9	62.262	61.979	61.45	60.987	60.582	60.227	59.916	59.641	59.396	59.173	58.969	58.78	58.603	58.434	58.273	58.118
290	62.614	62.327	61.786	61.309	60.891	60.523	60.202	59.918	59.665	59.437	59.228	59.035	58.854	58.683	58.52	58.363
290.1	62.968	62.65	62.07	61.579	61.147	60.767	60.435	60.142	59.881	59.647	59.433	59.236	59.052	58.878	58.712	58.553
290.2	63.325	62.974	62.353	61.848	61.402	61.01	60.666	60.363	60.095	59.853	59.634	59.433	59.245	59.068	58.9	58.739
290.3	63.685	63.328	62.695	62.175	61.716	61.31	60.955	60.643	60.366	60.117	59.892	59.686	59.495	59.315	59.144	58.981
290.4	64.047	63.685	63.038	62.504	62.031	61.613	61.246	60.923	60.637	60.382	60.151	59.94	59.744	59.561	59.388	59.222
290.5	64.413	64.045	63.385	62.837	62.35	61.918	61.54	61.206	60.911	60.648	60.41	60.194	59.994	59.808	59.632	59.464
290.6	64.781	64.408	63.735	63.173	62.672	62.227	61.836	61.492	61.187	60.916	60.672	60.45	60.246	60.056	59.877	59.706
290.7	65.152	64.773	64.089	63.512	62.997	62.539	62.136	61.78	61.466	61.186	60.935	60.708	60.499	60.305	60.122	59.95
290.8	65.525	65.142	64.446	63.856	63.327	62.856	62.439	62.072	61.748	61.459	61.201	60.967	60.753	60.555	60.37	60.194
290.9	65.902	65.514	64.809	64.206	63.664	63.179	62.75	62.371	62.036	61.738	61.472	61.232	61.013	60.81	60.621	60.443
291	66.28	65.889	65.164	64.538	63.982	63.483	63.041	62.65	62.305	61.998	61.724	61.477	61.252	61.045	60.852	60.67
291.1	66.66	66.266	65.521	64.872	64.302	63.79	63.336	62.932	62.576	62.259	61.977	61.723	61.492	61.28	61.083	60.898
291.2	67.042	66.645	65.893	65.233	64.65	64.124	63.656	63.241	62.873	62.546	62.255	61.994	61.757	61.539	61.338	61.15
291.3	67.425	67.026	66.267	65.595	64.999	64.46	63.979	63.551	63.172	62.835	62.535	62.265	62.022	61.799	61.594	61.402
291.4	67.81	67.409	66.643	65.961	65.352	64.8	64.306	63.865	63.475	63.127	62.817	62.54	62.289	62.061	61.851	61.655
291.5	68.196	67.794	67.022	66.33	65.71	65.145	64.637	64.185	63.782	63.424	63.104	62.818	62.56	62.326	62.111	61.911
291.6	68.583	68.18	67.404	66.699	66.065	65.487	64.967	64.502	64.087	63.718	63.388	63.094	62.828	62.588	62.367	62.163
291.7	68.971	68.568	67.787	67.067	66.414	65.824	65.291	64.813	64.386	64.006	63.666	63.362	63.089	62.842	62.616	62.407
291.8	69.36	68.956	68.173	67.441	66.773	66.171	65.626	65.135	64.697	64.305	63.955	63.641	63.36	63.106	62.874	62.66
291.9	69.749	69.346	68.56	67.822	67.145	66.531	65.973	65.47	65.02	64.616	64.255	63.932	63.643	63.381	63.143	62.924
292	70.139	69.736	68.948	68.204	67.518	66.893	66.323	65.808	65.345	64.93	64.558	64.226	63.927	63.658	63.414	63.19
292.1	70.529	70.127	69.339	68.589	67.894	67.258	66.677	66.15	65.675	65.248	64.865	64.522	64.215	63.938	63.687	63.457
292.2	70.919	70.519	69.73	68.976	68.272	67.625	67.032	66.493	66.006	65.567	65.174	64.821	64.504	64.219	63.961	63.725
292.3	71.31	70.911	70.122	69.364	68.653	67.996	67.391	66.841	66.342	65.892	65.486	65.123	64.797	64.503	64.238	63.996
292.4	71.699	71.302	70.515	69.754	69.036	68.37	67.755	67.193	66.683	66.221	65.804	65.43	65.094	64.792	64.519	64.271
292.5	72.088	71.693	70.907	70.144	69.421	68.747	68.121	67.548	67.026	66.552	66.125	65.74	65.394	65.082	64.802	64.547
292.6	72.476	72.083	71.299	70.535	69.807	69.125	68.491	67.907	67.374	66.889	66.449	66.053	65.697	65.377	65.088	64.826
292.7	72.863	72.472	71.691	70.925	70.193	69.502	68.854	68.259	67.715	67.219	66.768	66.361	65.995	65.665	65.368	65.098
292.8	73.249	72.86	72.083	71.316	70.581	69.879	69.219	68.614	68.06	67.552	67.09	66.672	66.295	65.956	65.65	65.373
292.9	73.634	73.247	72.473	71.707	70.969	70.263	69.596	68.981	68.416	67.897	67.424	66.995	66.608	66.258	65.944	65.659
293	74.017	73.633	72.862	72.097	71.357	70.646	69.972	69.348	68.773	68.243	67.759	67.319	66.921	66.562	66.238	65.946
293.1	74.398	74.016	73.25	72.486	71.744	71.03	70.349	69.717	69.131	68.591	68.096	67.645	67.237	66.867	66.534	66.233
293.2	74.777	74.398	73.636	72.874	72.132	71.414	70.726	70.085	69.49	68.94	68.434	67.972	67.553	67.174	66.831	66.521
293.3	75.155	74.783	74.028	73.268	72.526	71.805	71.112	70.463	69.859	69.299	68.783	68.31	67.88	67.491	67.138	66.82
293.4	75.532	75.142	74.372	73.614	72.872	72.15	71.453	70.797	70.184	69.615	69.088	68.606	68.165	67.765	67.403	67.075
293.5	75.909	75.482	74.677	73.922	73.181	72.458	71.757	71.095	70.475	69.896	69.36	68.867	68.416	68.005	67.633	67.296
293.6	76.284	75.85	75.039	74.288	73.548	72.824	72.121	71.451	70.821	70.233	69.688	69.185	68.723	68.303	67.92	67.574
293.7	76.659	76.235	75.437	74.689	73.951	73.227	72.521	71.844	71.204	70.608	70.053	69.54	69.068	68.637	68.245	67.889
293.8	77.033	76.617	75.829	75.085	74.349	73.624	72.917	72.235	71.588	70.984	70.42	69.898	69.416	68.975	68.573	68.207
293.9	77.406	76.997	76.219	75.479	74.745	74.022	73.313	72.628	71.976	71.364	70.792	70.26	69.769	69.317	68.905	68.53
294	77.777	77.375	76.607	75.872	75.141	74.418	73.709	73.021	72.363	71.745	71.164	70.623	70.122	69.661	69.239	68.854
294.1	78.146	77.752	76.993	76.263	75.535	74.814	74.105	73.415	72.751	72.125	71.537	70.987	70.477	70.006	69.574	69.179
294.2	78.513	78.126	77.378	76.652	75.927	75.208	74.5	73.808	73.14	72.508	71.912	71.354	70.835	70.355	69.912	69.508
294.3	78.879	78.499	77.761	77.041	76.32	75.604	74.895	74.202	73.531	72.894	72.292	71.726	71.198	70.708	70.256	69.842
294.4	79.244	78.87	78.136	77.416	76.699	75.984	75.277	74.584	73.91	73.268	72.66	72.086	71.549	71.05	70.589	70.165
294.5	79.605	79.238	78.503	77.778	77.065	76.353	75.648	74.954	74.278	73.631	73.014	72.433	71.889	71.381	70.91	70.476
294.6	79.966	79.604	78.876	78.153	77.444	76.735	76.031	75.338	74.661	74.008	73.386	72.798	72.245	71.729	71.249	70.806
294.7	80.324	79.969	79.251	78.535	77.831	77.125	76.424	75.731	75.053	74.398	73.77	73.176	72.616	72.091	71.603	71.15
294.8	80.681	80.332	79.624	78.914	78.214	77.513	76.813	76.121	75.443	74.785	74.154	73.554	72.986	72.454	71.956	71.495
294.9	81.035	80.692	79.994	79.291	78.596	77.897	77.201	76.51	75.832	75.172	74.536	73.93	73.356	72.816	72.31	71.84
295	81.388	81.05	80.362	79.665	78.975	78.28	77.586	76.898	76.22	75.559	74.919	74.308	73.727	73.179	72.666	72.187
295.1	81.738	81.406	80.727	80.037	79.352	78.662	77.971	77.284	76.607	75.945	75.303	74.687	74.101	73.546	73.024	72.537
295.2	82.085	81.759	81.089	80.402	79.717	79.031	78.343	77.659	76.983	76.321	75.676	75.057	74.465	73.903	73.374	72.879
295.3	82.43	82.109	81.449	80.765	80.081	79.399	78.715	78.033	77.359	76.696	76.05	75.426	74.828	74.26	73.723	73.22
295.4	82.773	82.457	81.806	81.13	80.452	79.774	79.094	78.416	77.743	77.081	76.433	75.805	75.201	74.627	74.084	73.573
295.5	83.114	82.803	82.161	81.491	80.819	80.146	79.47	78.794	78.124	77.462	76.814	76.184	75.576	74.997	74.447	73.929
295.6	83.452	83.147	82.514	81.852	81.185	80.516	79.844	79.172	78.504	77.843	77.194	76.562	75.952	75.367	74.811	74.286
295.7	83.79	83.49	82.866	82.211	81.55	80.886	80.218	79.55	78.884	78.225	77.576	76.943	76.328	75.738	75.177	74.645
295.8	84.128	83.832	83.217	82.569	81.912	81.252	80.588	79.923	79.26	78.603	77.955	77.32	76.703	76.109	75.542	75.004
295.9	84.464	84.173	83.567	82.926	82.272	81.613	80.953	80.292	79.632	78.977	78.329	77.694	77.075	76.477	75.905	75.362
296	84.798	84.512	83.915	83.282	82.632	81.976	81.321	80.664	80.007	79.354	78.707	78.072	77.451	76.85	76.273	75.724
296.1	85.131	84.85	84.261	83.635	82.992	82.342	81.692	81.038	80.385	79.734	79.089	78.454	77.832	77.227	76.645	76.091
296.2	85.462	85.186	84.605	83.987	83.35	82.706	82.06	81.41	80.76	80.112	79.468	78.834	78.212	77.604	77.018	76.459
296.3	85.791	85.519	84.947	84.336	83.705	83.067	82.425	81.78	81.134	80.488	79.847	79.213	78.59	77.982	77.393	76.829
296.4	86.117	85.849	85.286	84.682	84.058	83.425	82.789	82.148	81.505	80.863	80.223	79.59	78.968	78.358	77.766	77.198
296.5	86.44	86.177	85.622	85.025	84.408	83.781	83.149	82.513	81.874	81.235	80.597	79.966	79.344	78.733	78.138	77.566
296.6	86.761	86.502	85.955	85.366	84.755	84.134	83.507	82.875	82.241	81.605	80.97	80.34	79.718	79.108	78.511	77.935
296.7	87.08	86.825	86.287	85.704	85.1	84.485	83.864	83.236	82.605	81.973	81.341	80.713	80.092	79.482	78.884	78.305
296.8	87.397	87.147	86.616	86.041	85.443	84.834	84.218	83.595	82.969	82.34	81.71	81.084	80.465	79.855	79.256	78.674
296.9	87.712	87.466	86.943	86.375	85.785	85.182	84.571	83.953	83.331	82.706	82.079	81.455	80.838	80.228	79.629	79.044
297	88.026	87.784	87.269	86.709	86.125	85.527	84.921	84.306	83.688	83.067	82.443	81.822	81.206	80.598	79.998	79.412
297.1	88.339	88.101	87.594	87.041	86.463	85.872	85.269	84.657	84.043	83.426	82.806	82.187	81.573	80.966	80.367	79.78
297.2	88.65	88.417	87.917	87.371	86.8	86.215	85.618	85.01	84.401	83.788	83.172	82.556	81.944	81.338	80.739	80.151
297.3	88.96	88.731	88.239	87.699	87.135	86.556	85.965	85.362	84.757	84.149	83.536	82.923	82.313	81.709	81.111	80.523
297.4	89.268	89.046	88.566	88.033	87.475	86.903	86.317	85.72	85.119	84.515	83.906	83.296	82.689	82.086	81.49	80.901
297.5	89.574	89.328	88.828	88.303	87.751	87.185	86.604	86.013	85.417	84.816	84.211	83.605	83	82.4	81.805	81.216
297.6	89.878	89.611	89.093	88.575	88.03	87.469	86.895	86.308	85.717	85.121	84.519	83.916	83.315	82.717	82.123	81.535
297.7	90.18	89.924	89.421	88.91	88.371	87.817	87.248	86.667	86.08	85.488	84.891	84.291	83.693	83.097	82.505	81.918
297.8	90.48	90.231	89.738	89.234	88.702	88.153	87.59	87.014	86.432	85.845	85.252	84.656	84.06	83.467	82.877	82.291
297.9	90.779	90.536	90.053	89.555	89.03	88.487	87.93	87.359	86.782	86.199	85.61	85.018	84.426	83.835	83.247	82.662
298	91.075	90.838	90.365	89.874	89.356	88.819	88.267	87.702	87.13	86.551	85.966	85.378	84.789	84.202	83.615	83.033
298.1	91.369	91.139	90.675	90.191	89.679	89.149	88.603	88.043	87.474	86.898	86.317	85.733	85.147	84.563	83.979	83.398
298.2	91.663	91.438	90.983	90.507	90.001	89.477	88.937	88.382	87.816	87.243	86.667	86.086	85.504	84.922	84.341	83.762
298.3	91.954	91.734	91.289	90.82	90.321	89.803	89.268	88.719	88.159	87.59	87.018	86.441	85.863	85.284	84.706	84.129
298.4	92.243	92.029	91.593	91.131	90.638	90.126	89.598	89.054	88.498	87.935	87.367	86.794	86.219	85.644	85.068	84.493
298.5	92.531	92.323	91.895	91.439	90.954	90.448	89.925	89.387	88.836	88.277	87.714	87.145	86.574	86.002	85.429	84.857
298.6	92.818	92.614	92.195	91.746	91.267	90.768	90.25	89.718	89.172	88.618	88.059	87.494	86.927	86.358	85.788	85.218
298.7	93.103	92.904	92.493	92.051	91.579	91.086	90.574	90.047	89.507	88.957	88.403	87.842	87.278	86.713	86.146	85.579
298.8	93.387	93.193	92.79	92.355	91.889	91.402	90.896	90.375	89.84	89.295	88.745	88.189	87.629	87.067	86.503	85.939
298.9	93.669	93.48	93.084	92.654	92.195	91.714	91.214	90.698	90.169	89.629	89.084	88.532	87.975	87.417	86.856	86.294
299	93.949	93.765	93.371	92.943	92.49	92.016	91.521	91.011	90.487	89.952	89.412	88.864	88.311	87.756	87.199	86.64
299.1	94.228	94.048	93.659	93.234	92.788	92.319	91.831	91.326	90.808	90.278	89.742	89.198	88.649	88.098	87.543	86.988
299.2	94.505	94.329	93.949	93.532	93.092	92.629	92.147	91.648	91.134	90.61	90.078	89.538	88.993	88.445	87.894	87.341
299.3	94.781	94.609	94.237	93.826	93.392	92.936	92.459	91.966	91.458	90.939	90.411	89.876	89.335	88.79	88.243	87.693
299.4	95.055	94.887	94.523	94.119	93.691	93.241	92.77	92.282	91.78	91.266	90.743	90.212	89.675	89.134	88.59	88.043
299.5	95.327	95.163	94.807	94.409	93.988	93.544	93.079	92.596	92.099	91.59	91.073	90.546	90.013	89.476	88.935	88.392
299.6	95.598	95.438	95.089	94.698	94.283	93.844	93.385	92.909	92.417	91.913	91.4	90.878	90.35	89.816	89.279	88.738
299.7	95.867	95.711	95.369	94.985	94.576	94.144	93.69	93.219	92.733	92.235	91.727	91.209	90.684	90.155	89.621	89.084
299.8	96.135	95.983	95.648	95.271	94.868	94.441	93.994	93.528	93.047	92.554	92.051	91.538	91.018	90.492	89.962	89.428
299.9	96.402	96.254	95.926	95.555	95.158	94.737	94.296	93.836	93.361	92.873	92.374	91.866	91.35	90.828	90.301	89.771
300	96.668	96.523	96.202	95.837	95.445	95.03	94.594	94.14	93.67	93.187	92.694	92.19	91.679	91.161	90.638	90.111
300.1	96.933	96.791	96.477	96.116	95.728	95.319	94.889	94.441	93.977	93.499	93.011	92.512	92.004	91.489	90.97	90.446
300.2	97.196	97.057	96.75	96.395	96.013	95.609	95.185	94.743	94.284	93.811	93.328	92.833	92.329	91.818	91.302	90.782
300.3	97.457	97.322	97.021	96.672	96.296	95.898	95.48	95.043	94.59	94.123	93.644	93.154	92.655	92.147	91.636	91.119
300.4	97.717	97.585	97.29	96.948	96.577	96.185	95.773	95.342	94.894	94.432	93.958	93.473	92.978	92.475	91.967	91.455
300.5	97.975	97.847	97.558	97.222	96.857	96.471	96.064	95.638	95.196	94.74	94.271	93.791	93.3	92.801	92.297	91.788
300.6	98.233	98.107	97.825	97.494	97.135	96.755	96.353	95.934	95.497	95.046	94.582	94.107	93.621	93.126	92.626	92.121
300.7	98.489	98.366	98.09	97.765	97.412	97.037	96.642	96.227	95.796	95.35	94.892	94.422	93.94	93.45	92.954	92.453
300.8	98.745	98.624	98.354	98.035	97.688	97.318	96.928	96.52	96.094	95.653	95.2	94.735	94.258	93.773	93.281	92.783
300.9	98.999	98.881	98.616	98.304	97.962	97.598	97.213	96.81	96.39	95.955	95.507	95.046	94.574	94.093	93.606	93.112
301	99.252	99.137	98.877	98.57	98.234	97.875	97.495	97.098	96.683	96.253	95.81	95.355	94.888	94.411	93.928	93.438
301.1	99.503	99.391	99.137	98.836	98.504	98.15	97.776	97.384	96.975	96.55	96.112	95.662	95.2	94.728	94.248	93.761
301.2	99.754	99.644	99.395	99.1	98.774	98.425	98.057	97.67	97.266	96.847	96.414	95.969	95.511	95.044	94.568	94.085
301.3	100	99.896	99.652	99.362	99.042	98.699	98.336	97.955	97.556	97.142	96.714	96.273	95.821	95.358	94.886	94.407
301.4	100.25	100.15	99.908	99.623	99.308	98.97	98.613	98.237	97.844	97.435	97.012	96.576	96.128	95.67	95.203	94.728
301.5	100.5	100.4	100.16	99.882	99.573	99.24	98.888	98.518	98.129	97.725	97.308	96.877	96.434	95.98	95.517	95.046
301.6	100.74	100.64	100.41	100.14	99.836	99.509	99.162	98.796	98.413	98.014	97.602	97.176	96.737	96.288	95.83	95.363
301.7	100.99	100.89	100.66	100.4	100.1	99.775	99.434	99.073	98.695	98.301	97.893	97.473	97.039	96.594	96.14	95.677
301.8	101.23	101.13	100.91	100.65	100.36	100.04	99.703	99.348	98.974	98.586	98.183	97.767	97.338	96.898	96.448	95.989
301.9	101.47	101.38	101.16	100.9	100.61	100.3	99.97	99.619	99.251	98.867	98.469	98.058	97.634	97.198	96.753	96.298
302	101.71	101.62	101.41	101.15	100.87	100.56	100.24	99.891	99.527	99.148	98.755	98.349	97.929	97.498	97.057	96.607
302.1	101.95	101.86	101.65	101.4	101.13	100.82	100.5	100.16	99.803	99.429	99.04	98.638	98.224	97.797	97.36	96.915
302.2	102.19	102.1	101.9	101.65	101.38	101.08	100.77	100.43	100.08	99.707	99.324	98.927	98.516	98.095	97.662	97.221
302.3	102.42	102.34	102.14	101.9	101.63	101.34	101.03	100.7	100.35	99.985	99.606	99.213	98.808	98.39	97.963	97.525
302.4	102.66	102.58	102.38	102.15	101.88	101.6	101.29	100.96	100.62	100.26	99.886	99.499	99.098	98.685	98.262	97.829
302.5	102.9	102.81	102.62	102.39	102.13	101.85	101.55	101.23	100.89	100.54	100.17	99.783	99.387	98.978	98.56	98.131
302.6	103.13	103.05	102.87	102.64	102.38	102.11	101.81	101.49	101.16	100.81	100.44	100.07	99.675	99.271	98.856	98.432
302.7	103.37	103.29	103.11	102.88	102.63	102.36	102.07	101.76	101.43	101.08	100.72	100.35	99.962	99.562	99.152	98.732
302.8	103.6	103.52	103.34	103.13	102.88	102.61	102.33	102.02	101.7	101.35	101	100.63	100.25	99.852	99.446	99.031
302.9	103.83	103.76	103.58	103.37	103.13	102.86	102.58	102.28	101.96	101.62	101.27	100.91	100.53	100.14	99.739	99.327
303	104.06	103.99	103.82	103.61	103.37	103.11	102.84	102.54	102.23	101.89	101.55	101.19	100.81	100.43	100.03	99.623
303.1	104.29	104.22	104.05	103.85	103.62	103.36	103.09	102.8	102.49	102.16	101.82	101.46	101.09	100.71	100.32	99.917
303.2	104.52	104.45	104.29	104.09	103.86	103.61	103.34	103.05	102.75	102.43	102.09	101.74	101.37	101	100.61	100.21
303.3	104.75	104.68	104.52	104.33	104.1	103.86	103.59	103.31	103.01	102.69	102.36	102.01	101.65	101.28	100.9	100.5
303.4	104.98	104.91	104.76	104.56	104.34	104.1	103.84	103.56	103.27	102.95	102.63	102.28	101.93	101.56	101.18	100.79
303.5	105.21	105.14	104.99	104.8	104.58	104.34	104.09	103.81	103.52	103.22	102.89	102.55	102.2	101.84	101.46	101.08
303.6	105.43	105.37	105.22	105.03	104.82	104.59	104.33	104.07	103.78	103.48	103.16	102.82	102.48	102.12	101.75	101.36
303.7	105.66	105.6	105.45	105.27	105.06	104.83	104.58	104.31	104.03	103.73	103.42	103.09	102.75	102.39	102.03	101.65
303.8	105.88	105.82	105.68	105.5	105.29	105.07	104.82	104.56	104.28	103.99	103.68	103.36	103.02	102.67	102.3	101.93
303.9	106.11	106.05	105.9	105.73	105.53	105.3	105.07	104.81	104.53	104.24	103.94	103.62	103.29	102.94	102.58	102.21
304	106.33	106.27	106.13	105.96	105.76	105.54	105.31	105.05	104.78	104.5	104.2	103.88	103.55	103.21	102.86	102.49
304.1	106.55	106.49	106.36	106.19	105.99	105.78	105.55	105.3	105.03	104.75	104.45	104.14	103.82	103.48	103.13	102.77
304.2	106.77	106.71	106.58	106.41	106.22	106.01	105.78	105.54	105.28	105	104.71	104.4	104.08	103.75	103.4	103.04
304.3	106.99	106.94	106.8	106.64	106.45	106.25	106.02	105.78	105.52	105.25	104.96	104.66	104.34	104.01	103.67	103.32
304.4	107.21	107.16	107.03	106.87	106.68	106.48	106.26	106.02	105.77	105.5	105.22	104.92	104.6	104.28	103.94	103.59
304.5	107.43	107.38	107.25	107.09	106.91	106.71	106.49	106.26	106.01	105.75	105.47	105.17	104.86	104.54	104.21	103.87
304.6	107.65	107.6	107.47	107.32	107.14	106.94	106.73	106.5	106.25	105.99	105.72	105.43	105.12	104.81	104.48	104.14
304.7	107.87	107.81	107.69	107.54	107.37	107.17	106.96	106.74	106.5	106.24	105.97	105.68	105.38	105.07	104.74	104.41
304.8	108.08	108.03	107.92	107.77	107.59	107.4	107.2	106.98	106.74	106.49	106.22	105.94	105.64	105.33	105.01	104.68
304.9	108.3	108.25	108.14	107.99	107.82	107.63	107.43	107.21	106.98	106.73	106.47	106.19	105.9	105.59	105.28	104.95
305	108.52	108.47	108.36	108.21	108.05	107.86	107.66	107.45	107.22	106.97	106.71	106.44	106.15	105.85	105.54	105.21
305.1	108.73	108.69	108.58	108.43	108.27	108.09	107.89	107.68	107.46	107.21	106.96	106.69	106.4	106.11	105.8	105.48
305.2	108.95	108.9	108.79	108.66	108.5	108.32	108.13	107.92	107.69	107.45	107.2	106.94	106.66	106.36	106.06	105.74
305.3	109.17	109.12	109.01	108.88	108.72	108.55	108.36	108.15	107.93	107.69	107.45	107.18	106.91	106.62	106.32	106.01
305.4	109.38	109.34	109.23	109.1	108.94	108.77	108.58	108.38	108.16	107.93	107.69	107.43	107.16	106.87	106.58	106.27
305.5	109.59	109.55	109.45	109.31	109.16	108.99	108.81	108.61	108.4	108.17	107.93	107.67	107.41	107.13	106.83	106.53
305.6	109.8	109.76	109.66	109.53	109.38	109.22	109.04	108.84	108.63	108.41	108.17	107.92	107.65	107.38	107.09	106.79
305.7	110.02	109.97	109.87	109.75	109.6	109.44	109.26	109.07	108.86	108.64	108.41	108.16	107.9	107.63	107.34	107.04
305.8	110.23	110.19	110.09	109.96	109.82	109.66	109.49	109.3	109.09	108.87	108.64	108.4	108.14	107.87	107.59	107.3
305.9	110.44	110.4	110.3	110.18	110.04	109.88	109.71	109.52	109.32	109.11	108.88	108.64	108.39	108.12	107.84	107.55
306	110.65	110.61	110.51	110.39	110.26	110.1	109.93	109.75	109.55	109.34	109.12	108.88	108.63	108.37	108.09	107.81
306.1	110.86	110.82	110.73	110.61	110.47	110.32	110.16	109.97	109.78	109.57	109.35	109.12	108.87	108.61	108.34	108.06
306.2	111.07	111.03	110.94	110.82	110.69	110.54	110.38	110.2	110.01	109.8	109.58	109.36	109.11	108.86	108.59	108.31
306.3	111.28	111.24	111.15	111.04	110.91	110.76	110.6	110.42	110.23	110.03	109.82	109.59	109.35	109.1	108.84	108.57
306.4	111.48	111.45	111.36	111.25	111.12	110.98	110.82	110.65	110.46	110.26	110.05	109.83	109.59	109.34	109.09	108.81
306.5	111.69	111.66	111.57	111.46	111.34	111.19	111.04	110.87	110.69	110.49	110.28	110.06	109.83	109.59	109.33	109.06
306.6	111.9	111.87	111.78	111.68	111.55	111.41	111.26	111.09	110.91	110.72	110.51	110.3	110.07	109.83	109.57	109.31
306.7	112.11	112.07	111.99	111.89	111.76	111.63	111.48	111.31	111.13	110.94	110.74	110.53	110.3	110.07	109.82	109.56
306.8	112.31	112.28	112.2	112.1	111.98	111.84	111.69	111.53	111.36	111.17	110.97	110.76	110.54	110.3	110.06	109.8
306.9	112.52	112.49	112.41	112.31	112.19	112.06	111.91	111.75	111.58	111.4	111.2	110.99	110.77	110.54	110.3	110.05
307	112.73	112.69	112.62	112.52	112.4	112.27	112.13	111.97	111.8	111.62	111.43	111.22	111.01	110.78	110.54	110.29
307.1	112.93	112.9	112.82	112.73	112.61	112.48	112.34	112.19	112.02	111.84	111.65	111.45	111.24	111.01	110.78	110.53
307.2	113.14	113.11	113.03	112.93	112.82	112.7	112.56	112.41	112.24	112.07	111.88	111.68	111.47	111.25	111.02	110.77
307.3	113.34	113.31	113.24	113.14	113.03	112.91	112.77	112.62	112.46	112.29	112.1	111.91	111.7	111.48	111.25	111.01
307.4	113.55	113.52	113.44	113.35	113.24	113.12	112.99	112.84	112.68	112.51	112.33	112.13	111.93	111.71	111.49	111.25
307.5	113.75	113.72	113.65	113.56	113.45	113.33	113.2	113.05	112.9	112.73	112.55	112.36	112.16	111.95	111.72	111.49
307.6	113.95	113.92	113.85	113.76	113.66	113.54	113.41	113.27	113.12	112.95	112.77	112.59	112.39	112.18	111.96	111.73
307.7	114.16	114.13	114.06	113.97	113.87	113.75	113.62	113.48	113.33	113.17	112.99	112.81	112.61	112.41	112.19	111.96
307.8	114.36	114.33	114.26	114.18	114.08	113.96	113.84	113.7	113.55	113.39	113.22	113.03	112.84	112.64	112.42	112.2
307.9	114.56	114.53	114.47	114.38	114.28	114.17	114.05	113.91	113.76	113.6	113.44	113.26	113.07	112.87	112.65	112.43
308	114.76	114.74	114.67	114.59	114.49	114.38	114.26	114.12	113.98	113.82	113.66	113.48	113.29	113.09	112.88	112.67
308.1	114.96	114.94	114.87	114.79	114.7	114.59	114.47	114.33	114.19	114.04	113.87	113.7	113.51	113.32	113.11	112.9
308.2	115.16	115.14	115.08	115	114.9	114.79	114.68	114.55	114.41	114.25	114.09	113.92	113.74	113.54	113.34	113.13
308.3	115.37	115.34	115.28	115.2	115.11	115	114.88	114.76	114.62	114.47	114.31	114.14	113.96	113.77	113.57	113.36
308.4	115.57	115.54	115.48	115.4	115.31	115.21	115.09	114.97	114.83	114.68	114.53	114.36	114.18	113.99	113.8	113.59
308.5	115.77	115.74	115.68	115.61	115.52	115.41	115.3	115.18	115.04	114.9	114.74	114.58	114.4	114.22	114.02	113.82
308.6	115.97	115.94	115.88	115.81	115.72	115.62	115.51	115.39	115.25	115.11	114.96	114.8	114.62	114.44	114.25	114.05
308.7	116.17	116.14	116.09	116.01	115.92	115.83	115.72	115.6	115.46	115.32	115.17	115.01	114.84	114.66	114.47	114.27
308.8	116.36	116.34	116.29	116.21	116.13	116.03	115.92	115.8	115.67	115.54	115.39	115.23	115.06	114.88	114.7	114.5
308.9	116.56	116.54	116.49	116.41	116.33	116.23	116.13	116.01	115.88	115.75	115.6	115.44	115.28	115.1	114.92	114.72
309	116.76	116.74	116.68	116.61	116.53	116.44	116.33	116.22	116.09	115.96	115.81	115.66	115.5	115.32	115.14	114.95
309.1	116.96	116.94	116.88	116.81	116.73	116.64	116.54	116.42	116.3	116.17	116.02	115.87	115.71	115.54	115.36	115.17
309.2	117.16	117.13	117.08	117.01	116.93	116.84	116.74	116.63	116.51	116.38	116.24	116.09	115.93	115.76	115.58	115.39
309.3	117.35	117.33	117.28	117.21	117.14	117.05	116.94	116.83	116.72	116.59	116.45	116.3	116.14	115.98	115.8	115.62
309.4	117.55	117.53	117.48	117.41	117.34	117.25	117.15	117.04	116.92	116.8	116.66	116.51	116.36	116.19	116.02	115.84
309.5	117.75	117.73	117.68	117.61	117.54	117.45	117.35	117.25	117.13	117	116.87	116.73	116.57	116.41	116.24	116.06
309.6	117.95	117.93	117.88	117.81	117.74	117.65	117.56	117.45	117.34	117.21	117.08	116.94	116.79	116.63	116.46	116.28
309.7	118.14	118.12	118.08	118.01	117.94	117.85	117.76	117.66	117.54	117.42	117.29	117.15	117	116.84	116.68	116.5
309.8	118.34	118.32	118.27	118.21	118.14	118.06	117.96	117.86	117.75	117.63	117.5	117.36	117.21	117.06	116.89	116.72
309.9	118.54	118.52	118.47	118.41	118.34	118.26	118.16	118.06	117.95	117.84	117.71	117.57	117.43	117.27	117.11	116.94
310	118.73	118.71	118.67	118.61	118.54	118.46	118.37	118.27	118.16	118.04	117.92	117.78	117.64	117.49	117.33	117.16
310.1	118.93	118.91	118.86	118.81	118.74	118.66	118.57	118.47	118.36	118.25	118.12	117.99	117.85	117.7	117.54	117.38
310.2	119.12	119.1	119.06	119	118.93	118.86	118.77	118.67	118.57	118.45	118.33	118.2	118.06	117.91	117.76	117.59
310.3	119.32	119.3	119.26	119.2	119.13	119.05	118.97	118.87	118.77	118.66	118.53	118.41	118.27	118.12	117.97	117.81
310.4	119.51	119.49	119.45	119.39	119.33	119.25	119.17	119.07	118.97	118.86	118.74	118.61	118.48	118.33	118.18	118.02
310.5	119.71	119.69	119.65	119.59	119.53	119.45	119.37	119.27	119.17	119.06	118.95	118.82	118.69	118.54	118.4	118.24
310.6	119.9	119.88	119.84	119.79	119.72	119.65	119.57	119.47	119.37	119.27	119.15	119.03	118.89	118.75	118.61	118.45
310.7	120.09	120.08	120.04	119.98	119.92	119.85	119.76	119.67	119.58	119.47	119.35	119.23	119.1	118.96	118.82	118.66
310.8	120.29	120.27	120.23	120.18	120.11	120.04	119.96	119.87	119.78	119.67	119.56	119.44	119.31	119.17	119.03	118.88
310.9	120.48	120.46	120.42	120.37	120.31	120.24	120.16	120.07	119.98	119.87	119.76	119.64	119.52	119.38	119.24	119.09
311	120.67	120.66	120.62	120.57	120.51	120.44	120.36	120.27	120.18	120.07	119.96	119.85	119.72	119.59	119.45	119.3
311.1	120.87	120.85	120.81	120.76	120.7	120.63	120.56	120.47	120.38	120.28	120.17	120.05	119.93	119.8	119.66	119.51
311.2	121.06	121.04	121.01	120.96	120.9	120.83	120.75	120.67	120.58	120.48	120.37	120.26	120.13	120	119.87	119.72
311.3	121.25	121.24	121.2	121.15	121.09	121.03	120.95	120.87	120.78	120.68	120.57	120.46	120.34	120.21	120.08	119.93
311.4	121.45	121.43	121.39	121.35	121.29	121.22	121.15	121.07	120.98	120.88	120.77	120.66	120.54	120.42	120.28	120.14
311.5	121.64	121.62	121.59	121.54	121.48	121.42	121.34	121.26	121.18	121.08	120.98	120.87	120.75	120.62	120.49	120.35
311.6	121.83	121.82	121.78	121.73	121.68	121.61	121.54	121.46	121.37	121.28	121.18	121.07	120.95	120.83	120.7	120.56
311.7	122.02	122.01	121.97	121.93	121.87	121.81	121.74	121.66	121.57	121.48	121.38	121.27	121.16	121.03	120.91	120.77
311.8	122.21	122.2	122.17	122.12	122.07	122	121.93	121.85	121.77	121.68	121.58	121.47	121.36	121.24	121.11	120.98
311.9	122.41	122.39	122.36	122.31	122.26	122.2	122.13	122.05	121.97	121.88	121.78	121.67	121.56	121.44	121.32	121.19
312	122.6	122.58	122.55	122.51	122.45	122.39	122.32	122.25	122.17	122.08	121.98	121.87	121.76	121.65	121.52	121.39
312.1	122.79	122.78	122.74	122.7	122.65	122.59	122.52	122.44	122.36	122.27	122.18	122.07	121.97	121.85	121.73	121.6
312.2	122.98	122.97	122.93	122.89	122.84	122.78	122.71	122.64	122.56	122.47	122.38	122.27	122.17	122.05	121.93	121.8
312.3	123.17	123.16	123.12	123.08	123.03	122.97	122.91	122.83	122.75	122.67	122.57	122.47	122.37	122.26	122.14	122.01
312.4	123.36	123.35	123.32	123.27	123.22	123.17	123.1	123.03	122.95	122.86	122.77	122.67	122.57	122.46	122.34	122.22
312.5	123.55	123.54	123.51	123.47	123.42	123.36	123.3	123.22	123.15	123.06	122.97	122.87	122.77	122.66	122.54	122.42
312.6	123.74	123.73	123.7	123.66	123.61	123.55	123.49	123.42	123.34	123.26	123.17	123.07	122.97	122.86	122.75	122.63
312.7	123.93	123.92	123.89	123.85	123.8	123.74	123.68	123.61	123.54	123.45	123.37	123.27	123.17	123.06	122.95	122.83
312.8	124.12	124.11	124.08	124.04	123.99	123.94	123.88	123.81	123.73	123.65	123.56	123.47	123.37	123.26	123.15	123.03
312.9	124.31	124.3	124.27	124.23	124.18	124.13	124.07	124	123.93	123.85	123.76	123.67	123.57	123.46	123.35	123.23
313	124.5	124.49	124.46	124.42	124.37	124.32	124.26	124.19	124.12	124.04	123.96	123.86	123.77	123.66	123.55	123.44
313.1	124.69	124.68	124.65	124.61	124.56	124.51	124.45	124.39	124.31	124.24	124.15	124.06	123.96	123.86	123.75	123.64
313.2	124.88	124.87	124.84	124.8	124.76	124.7	124.64	124.58	124.51	124.43	124.35	124.26	124.16	124.06	123.95	123.84
313.3	125.07	125.05	125.03	124.99	124.95	124.89	124.84	124.77	124.7	124.62	124.54	124.45	124.36	124.26	124.15	124.04
313.4	125.25	125.24	125.22	125.18	125.14	125.08	125.03	124.96	124.89	124.82	124.74	124.65	124.56	124.46	124.35	124.24
313.5	125.44	125.43	125.4	125.37	125.33	125.27	125.22	125.16	125.09	125.01	124.93	124.84	124.75	124.65	124.55	124.44
313.6	125.63	125.62	125.59	125.56	125.52	125.47	125.41	125.35	125.28	125.21	125.13	125.04	124.95	124.85	124.75	124.64
313.7	125.82	125.81	125.78	125.75	125.71	125.66	125.6	125.54	125.47	125.4	125.32	125.24	125.15	125.05	124.95	124.84
313.8	126.01	126	125.97	125.94	125.89	125.85	125.79	125.73	125.66	125.59	125.51	125.43	125.34	125.25	125.15	125.04
313.9	126.2	126.19	126.16	126.13	126.08	126.04	125.98	125.92	125.86	125.78	125.71	125.63	125.54	125.44	125.34	125.24
314	126.38	126.37	126.35	126.31	126.27	126.23	126.17	126.11	126.05	125.98	125.9	125.82	125.73	125.64	125.54	125.44
314.1	126.57	126.56	126.54	126.5	126.46	126.42	126.36	126.3	126.24	126.17	126.1	126.01	125.93	125.84	125.74	125.64
314.2	126.76	126.75	126.72	126.69	126.65	126.61	126.55	126.5	126.43	126.36	126.29	126.21	126.12	126.03	125.94	125.84
314.3	126.95	126.94	126.91	126.88	126.84	126.79	126.74	126.69	126.62	126.55	126.48	126.4	126.32	126.23	126.13	126.03
314.4	127.13	127.12	127.1	127.07	127.03	126.98	126.93	126.88	126.81	126.75	126.67	126.59	126.51	126.42	126.33	126.23
314.5	127.32	127.31	127.29	127.25	127.22	127.17	127.12	127.07	127	126.94	126.87	126.79	126.71	126.62	126.52	126.43
314.6	127.51	127.5	127.47	127.44	127.4	127.36	127.31	127.26	127.19	127.13	127.06	126.98	126.9	126.81	126.72	126.62
314.7	127.69	127.68	127.66	127.63	127.59	127.55	127.5	127.45	127.39	127.32	127.25	127.17	127.09	127.01	126.92	126.82
314.8	127.88	127.87	127.85	127.82	127.78	127.74	127.69	127.64	127.58	127.51	127.44	127.37	127.29	127.2	127.11	127.02
314.9	128.07	128.06	128.04	128.01	127.97	127.93	127.88	127.83	127.77	127.7	127.63	127.56	127.48	127.4	127.31	127.21
315	128.25	128.25	128.22	128.19	128.16	128.12	128.07	128.01	127.96	127.89	127.82	127.75	127.67	127.59	127.5	127.41
315.1	128.44	128.43	128.41	128.38	128.34	128.3	128.26	128.2	128.15	128.08	128.02	127.94	127.87	127.78	127.7	127.6
315.2	128.63	128.62	128.6	128.57	128.53	128.49	128.44	128.39	128.34	128.27	128.21	128.13	128.06	127.98	127.89	127.8
315.3	128.81	128.8	128.78	128.75	128.72	128.68	128.63	128.58	128.52	128.46	128.4	128.33	128.25	128.17	128.08	127.99
315.4	129	128.99	128.97	128.94	128.91	128.86	128.82	128.77	128.71	128.65	128.59	128.52	128.44	128.36	128.28	128.19
315.5	129.18	129.17	129.15	129.13	129.09	129.05	129.01	128.96	128.9	128.84	128.78	128.71	128.63	128.55	128.47	128.38
315.6	129.37	129.36	129.34	129.31	129.28	129.24	129.19	129.14	129.09	129.03	128.97	128.9	128.82	128.75	128.66	128.58
315.7	129.55	129.54	129.52	129.5	129.46	129.42	129.38	129.33	129.28	129.22	129.15	129.09	129.01	128.94	128.85	128.77
315.8	129.74	129.73	129.71	129.68	129.65	129.61	129.57	129.52	129.46	129.41	129.34	129.28	129.2	129.13	129.05	128.96
315.9	129.92	129.91	129.89	129.87	129.84	129.8	129.75	129.71	129.65	129.6	129.53	129.47	129.4	129.32	129.24	129.15
316	130.11	130.1	130.08	130.05	130.02	129.98	129.94	129.89	129.84	129.78	129.72	129.66	129.59	129.51	129.43	129.35
316.1	130.29	130.28	130.27	130.24	130.21	130.17	130.13	130.08	130.03	129.97	129.91	129.85	129.78	129.7	129.62	129.54
316.2	130.48	130.47	130.45	130.43	130.39	130.36	130.32	130.27	130.22	130.16	130.1	130.04	129.97	129.89	129.82	129.73
316.3	130.66	130.66	130.64	130.61	130.58	130.54	130.5	130.46	130.41	130.35	130.29	130.23	130.16	130.09	130.01	129.93
316.4	130.85	130.84	130.82	130.8	130.77	130.73	130.69	130.64	130.59	130.54	130.48	130.42	130.35	130.28	130.2	130.12
316.5	131.03	131.03	131.01	130.98	130.95	130.92	130.88	130.83	130.78	130.73	130.67	130.61	130.54	130.47	130.39	130.31
316.6	131.22	131.21	131.19	131.17	131.14	131.1	131.06	131.02	130.97	130.91	130.86	130.79	130.73	130.66	130.58	130.5
316.7	131.4	131.39	131.38	131.35	131.32	131.29	131.25	131.2	131.15	131.1	131.04	130.98	130.92	130.85	130.77	130.69
316.8	131.58	131.58	131.56	131.54	131.51	131.47	131.43	131.39	131.34	131.29	131.23	131.17	131.1	131.04	130.96	130.89
316.9	131.77	131.76	131.74	131.72	131.69	131.66	131.62	131.57	131.53	131.47	131.42	131.36	131.29	131.22	131.15	131.08
317	131.95	131.94	131.93	131.9	131.87	131.84	131.8	131.76	131.71	131.66	131.61	131.55	131.48	131.41	131.34	131.27
317.1	132.13	132.13	132.11	132.09	132.06	132.03	131.99	131.94	131.9	131.85	131.79	131.73	131.67	131.6	131.53	131.46
317.2	132.32	132.31	132.29	132.27	132.24	132.21	132.17	132.13	132.08	132.03	131.98	131.92	131.86	131.79	131.72	131.65
317.3	132.5	132.49	132.48	132.45	132.43	132.39	132.36	132.31	132.27	132.22	132.17	132.11	132.05	131.98	131.91	131.84
317.4	132.68	132.68	132.66	132.64	132.61	132.58	132.54	132.5	132.45	132.41	132.35	132.29	132.23	132.17	132.1	132.02
317.5	132.87	132.86	132.84	132.82	132.79	132.76	132.73	132.68	132.64	132.59	132.54	132.48	132.42	132.36	132.29	132.21
317.6	133.05	133.04	133.03	133.01	132.98	132.95	132.91	132.87	132.83	132.78	132.72	132.67	132.61	132.54	132.48	132.4
317.7	133.23	133.23	133.21	133.19	133.16	133.13	133.09	133.05	133.01	132.96	132.91	132.85	132.79	132.73	132.66	132.59
317.8	133.42	133.41	133.39	133.37	133.35	133.31	133.28	133.24	133.2	133.15	133.1	133.04	132.98	132.92	132.85	132.78
317.9	133.6	133.59	133.58	133.56	133.53	133.5	133.46	133.42	133.38	133.33	133.28	133.23	133.17	133.11	133.04	132.97
318	133.78	133.78	133.76	133.74	133.71	133.68	133.65	133.61	133.57	133.52	133.47	133.41	133.35	133.29	133.23	133.16
318.1	133.96	133.96	133.94	133.92	133.9	133.87	133.83	133.79	133.75	133.7	133.65	133.6	133.54	133.48	133.42	133.35
318.2	134.15	134.14	134.13	134.11	134.08	134.05	134.02	133.98	133.94	133.89	133.84	133.79	133.73	133.67	133.6	133.54
318.3	134.33	134.32	134.31	134.29	134.26	134.23	134.2	134.16	134.12	134.07	134.02	133.97	133.92	133.85	133.79	133.72
318.4	134.51	134.51	134.49	134.47	134.45	134.42	134.38	134.35	134.3	134.26	134.21	134.16	134.1	134.04	133.98	133.91
318.5	134.69	134.69	134.67	134.65	134.63	134.6	134.57	134.53	134.49	134.44	134.39	134.34	134.29	134.23	134.16	134.1
318.6	134.88	134.87	134.86	134.84	134.81	134.78	134.75	134.71	134.67	134.63	134.58	134.53	134.47	134.41	134.35	134.29
318.7	135.06	135.05	135.04	135.02	134.99	134.96	134.93	134.9	134.85	134.81	134.76	134.71	134.66	134.6	134.54	134.47
318.8	135.24	135.23	135.22	135.2	135.17	135.15	135.11	135.08	135.04	134.99	134.95	134.9	134.84	134.78	134.72	134.66
318.9	135.42	135.41	135.4	135.38	135.36	135.33	135.3	135.26	135.22	135.18	135.13	135.08	135.03	134.97	134.91	134.85
319	135.6	135.6	135.58	135.56	135.54	135.51	135.48	135.44	135.4	135.36	135.32	135.27	135.21	135.16	135.1	135.03
319.1	135.78	135.78	135.76	135.74	135.72	135.69	135.66	135.63	135.59	135.55	135.5	135.45	135.4	135.34	135.28	135.22
319.2	135.96	135.96	135.94	135.93	135.9	135.88	135.84	135.81	135.77	135.73	135.68	135.63	135.58	135.53	135.47	135.4
319.3	136.14	136.14	136.13	136.11	136.08	136.06	136.03	135.99	135.95	135.91	135.87	135.82	135.77	135.71	135.65	135.59
319.4	136.33	136.32	136.31	136.29	136.27	136.24	136.21	136.17	136.14	136.1	136.05	136	135.95	135.9	135.84	135.78
319.5	136.51	136.5	136.49	136.47	136.45	136.42	136.39	136.36	136.32	136.28	136.23	136.19	136.14	136.08	136.02	135.96
319.6	136.69	136.68	136.67	136.65	136.63	136.6	136.57	136.54	136.5	136.46	136.42	136.37	136.32	136.27	136.21	136.15
319.7	136.87	136.86	136.85	136.83	136.81	136.78	136.76	136.72	136.68	136.64	136.6	136.55	136.5	136.45	136.39	136.33
319.8	137.05	137.04	137.03	137.01	136.99	136.97	136.94	136.9	136.87	136.83	136.78	136.74	136.69	136.63	136.58	136.52
319.9	137.23	137.23	137.21	137.2	137.17	137.15	137.12	137.09	137.05	137.01	136.97	136.92	136.87	136.82	136.76	136.7
320	137.41	137.41	137.39	137.38	137.35	137.33	137.3	137.27	137.23	137.19	137.15	137.1	137.06	137	136.95	136.89
320.1	137.59	137.59	137.57	137.56	137.54	137.51	137.48	137.45	137.41	137.38	137.33	137.29	137.24	137.19	137.13	137.07
320.2	137.77	137.77	137.76	137.74	137.72	137.69	137.66	137.63	137.6	137.56	137.52	137.47	137.42	137.37	137.32	137.26
320.3	137.95	137.95	137.94	137.92	137.9	137.87	137.85	137.81	137.78	137.74	137.7	137.65	137.61	137.56	137.5	137.44
320.4	138.13	138.13	138.12	138.1	138.08	138.05	138.03	137.99	137.96	137.92	137.88	137.84	137.79	137.74	137.68	137.63
320.5	138.31	138.31	138.3	138.28	138.26	138.24	138.21	138.18	138.14	138.1	138.06	138.02	137.97	137.92	137.87	137.81
320.6	138.49	138.49	138.48	138.46	138.44	138.42	138.39	138.36	138.32	138.29	138.25	138.2	138.16	138.11	138.05	138
320.7	138.67	138.67	138.66	138.64	138.62	138.6	138.57	138.54	138.51	138.47	138.43	138.38	138.34	138.29	138.24	138.18
320.8	138.85	138.85	138.84	138.82	138.8	138.78	138.75	138.72	138.69	138.65	138.61	138.57	138.52	138.47	138.42	138.37
320.9	139.03	139.03	139.02	139	138.98	138.96	138.93	138.9	138.87	138.83	138.79	138.75	138.7	138.66	138.6	138.55
321	139.21	139.21	139.2	139.18	139.16	139.14	139.11	139.08	139.05	139.01	138.97	138.93	138.89	138.84	138.79	138.73
