0	0	0.1	0.2	0.3	0.4	0.5	0.6	0.7	0.8	0.9	1	1.1	1.2	1.3	1.4	1.5
264.8	608.82	603.24	605.51	606.07	604.18	602.48	602.17	602.16	602.06	599.8	600.38	597.96	598.24	599.93	598.698	598.51
264.9	608.37	604.23	604.97	606.53	605.37	603.02	602.18	603.35	601.77	601.13	600.58	598.94	598.42	599.41	598.016	597.456
265	608.59	605.46	604.52	606.83	606.14	603.5	602.53	603.41	601.51	602.1	600.49	600.34	598.55	598.71	597.422	596.55
265.1	609.32	606.46	604.44	606.82	606.73	604.51	603.26	603.09	602.55	602.4	600.8	601.3	598.81	598.54	597.457	596.486
265.2	609.73	607.84	605.05	606.45	607.32	605.75	603.9	603.03	604.14	602.26	601.78	601.74	599.7	598.85	598.196	597.306
265.3	609.94	609.48	606.08	606	607.78	606.63	604.2	603.3	604.47	602.11	602.57	601.8	601.05	599.19	599.136	598.4
265.4	610.83	610.83	606.91	605.82	607.99	607.31	604.89	604.01	604.06	602.91	602.76	601.93	602.14	599.6	599.696	598.972
265.5	611.99	612.02	607.98	606.14	607.86	608.02	606.08	604.79	603.88	604.32	602.66	602.56	602.82	600.48	600.312	599.56
265.6	613.15	612.67	609.6	606.92	607.48	608.61	607.08	605.07	604.07	604.91	602.63	603.13	603.09	601.77	601.36	600.778
265.7	614.3	612.27	611.11	607.66	607.26	608.99	607.83	605.38	604.71	604.73	603.3	603.16	603.14	602.92	602.316	601.938
265.8	614.53	611.74	612.46	608.46	607.4	609.13	608.63	606.42	605.64	604.67	604.55	603.03	603.48	603.81	603.071	602.792
265.9	614.11	611.67	613.47	609.86	607.91	608.91	609.36	607.52	606.06	605.07	605.28	603.1	603.79	604.33	603.423	603.126
266	614.32	611.93	613.41	611.42	608.53	608.72	609.88	608.31	606.01	605.8	605.32	603.74	603.62	604.4	603.226	602.776
266.1	614.9	612.57	612.85	612.8	609.1	608.78	610.25	609.18	606.78	606.62	605.38	604.84	603.37	604.51	603.075	602.452
266.2	615.47	613.16	612.69	614.01	610.2	609.05	610.27	610.05	607.94	607.03	605.96	605.6	603.51	604.57	603.123	602.386
266.3	616.46	613.65	612.82	614.39	611.75	609.52	610.14	610.69	608.76	607.08	606.87	605.83	604.18	604.16	603.065	602.212
266.4	617.11	614.41	613.31	613.97	613.12	609.92	610.2	611.21	609.66	607.66	607.67	606.04	605.19	603.71	602.94	601.902
266.5	617.14	615.29	613.91	613.73	614.42	610.71	610.33	611.53	610.67	608.62	608.03	606.74	605.9	603.86	603.135	601.97
266.6	617.75	616.18	614.33	613.82	615.22	612.13	610.58	611.52	611.43	609.4	608.12	607.9	606.26	604.6	603.818	602.672
266.7	618.5	617.04	614.94	614.13	615.04	613.48	610.86	611.61	612.05	610.13	608.58	608.77	606.62	605.61	604.642	603.542
266.8	618.83	617.35	615.85	614.71	614.78	614.75	611.36	611.73	612.67	611.03	609.36	609.06	607.42	606.2	605.134	603.974
266.9	619.04	617.36	616.82	615.16	614.86	615.85	612.53	611.76	612.83	611.88	610.04	609.15	608.83	606.61	605.777	604.602
267	618.86	617.69	617.79	615.62	615.04	616.02	613.86	611.89	612.99	612.61	610.64	609.56	609.9	607.15	606.474	605.308
267.1	619.03	618.1	618.3	616.43	615.51	615.81	615.06	612.17	613.2	613.2	611.36	610.2	610.13	607.99	607.081	605.916
267.2	620.52	618.65	618.3	617.45	616.03	615.9	616.29	613.03	613.05	613.44	612.23	610.73	610.14	609.67	608.353	607.39
267.3	622.26	619.46	618.48	618.48	616.39	616.02	616.86	614.3	613.02	613.6	613.07	611.22	610.56	611.03	609.601	608.836
267.4	623.15	619.9	618.84	619.18	617.04	616.34	616.81	615.42	613.1	613.75	613.68	611.77	611.1	611.26	610.044	609.288
267.5	623.78	620.12	619.34	619.31	618.07	616.89	616.91	616.62	613.61	613.55	613.95	612.56	611.46	611.11	610.315	609.578
267.6	624.44	620.74	620.11	619.38	619.15	617.25	617.05	617.56	614.8	613.37	614.12	613.51	611.85	611.55	611.107	610.516
267.7	625.26	621.38	620.62	619.66	620.01	617.71	617.22	617.74	615.83	613.4	614.27	614.19	612.23	612.09	611.838	611.372
267.8	626.27	621.97	620.81	620.09	620.31	618.67	617.71	617.88	616.9	613.85	614.04	614.46	612.87	612.24	612.175	611.736
267.9	626.52	622.66	621.39	620.79	620.33	619.78	618.14	618.1	618.12	614.97	613.71	614.65	613.89	612.54	612.548	612.08
268	626.06	623.05	622.17	621.38	620.53	620.76	618.46	618.17	618.58	616.1	613.68	614.81	614.7	612.76	612.712	612.146
268.1	626.04	623.56	622.81	621.58	620.87	621.25	619.25	618.53	618.79	617.17	614.06	614.57	614.97	613.17	612.661	611.952
268.2	626.84	624.8	623.5	622.03	621.51	621.33	620.39	619.04	619.15	618.46	615.1	614.11	615.16	614.23	612.892	612.052
268.3	628	626.09	623.95	622.88	622.15	621.45	621.46	619.31	619.2	619.3	616.32	613.96	615.36	615.21	613.288	612.374
268.4	629	626.87	624.34	623.64	622.37	621.69	622.12	619.87	619.35	619.7	617.4	614.29	615.13	615.48	613.187	612.116
268.5	629.56	627.51	625.41	624.36	622.69	622.24	622.32	620.98	619.93	620.02	618.7	615.25	614.54	615.64	612.954	611.662
268.6	630.36	628.12	626.78	624.93	623.54	622.92	622.4	622.12	620.23	620.09	619.86	616.53	614.26	615.91	613.142	611.746
268.7	631.98	628.76	627.65	625.28	624.43	623.18	622.55	622.93	620.53	620.2	620.53	617.65	614.52	615.72	613.233	611.736
268.8	633.26	629.47	628.26	626.13	625.19	623.38	622.99	623.28	621.56	620.77	620.89	618.91	615.38	615.03	613.099	611.4
268.9	633.23	629.82	628.95	627.49	625.87	624.16	623.67	623.38	622.75	621.24	620.98	620.31	616.7	614.56	613.466	611.702
269	632.54	629.82	629.7	628.5	626.28	625.16	624	623.46	623.69	621.52	621.05	621.3	617.88	614.75	614.287	612.616
269.1	632.43	630.04	630.47	629.09	626.94	625.99	624.11	623.76	624.19	622.27	621.57	621.78	619.1	615.52	615.257	613.66
269.2	633.25	630.78	630.91	629.77	628.22	626.78	624.75	624.43	624.36	623.25	622.17	621.87	620.63	616.85	616.652	615.218
269.3	634.28	631.81	630.88	630.61	629.36	627.3	625.81	624.84	624.43	624.11	622.48	621.9	621.97	618.11	617.961	616.71
269.4	635.09	632.62	630.93	631.43	629.95	627.83	626.75	624.89	624.55	624.79	623.02	622.37	622.66	619.28	619.01	617.872
269.5	635.15	633.05	631.52	631.98	630.57	628.97	627.61	625.36	625.18	625.21	623.8	623.08	622.76	620.85	620.212	619.236
269.6	635.23	633.61	632.48	632.03	631.47	630.19	628.28	626.41	625.71	625.4	624.52	623.48	622.76	622.54	621.496	620.748
269.7	637.09	634.61	633.24	631.96	632.38	630.86	628.79	627.48	625.7	625.53	625.29	623.87	623.14	623.52	622.419	621.802
269.8	639.45	635.59	633.61	632.36	633.03	631.39	629.74	628.41	625.98	625.93	625.95	624.44	623.93	623.66	622.814	622.158
269.9	640.55	636.02	634.09	633.25	633.19	632.28	630.99	629.21	626.97	626.43	626.3	624.97	624.47	623.62	622.923	622.178
270	640.78	636.04	635.1	634.01	633.06	633.3	631.77	629.78	628.15	626.7	626.5	625.72	624.77	623.91	623.327	622.596
270.1	640.73	636.29	636.24	634.32	633.28	634.04	632.23	630.57	629.15	627.07	626.78	626.62	625.16	624.74	624.19	623.562
270.2	641.15	637.03	636.91	634.67	634.07	634.33	633.04	631.78	630.09	627.89	627.15	627.17	625.47	625.44	624.65	623.992
270.3	642.28	638.2	636.98	635.57	634.87	634.22	634.15	632.7	630.76	628.9	627.57	627.47	626.1	625.71	624.795	624.01
270.4	642.93	639.56	637.09	636.79	635.13	634.26	635.02	633.13	631.44	629.82	628.1	627.7	627.18	625.97	625.168	624.306
270.5	642.74	640.34	637.77	637.71	635.3	634.91	635.42	633.8	632.58	630.78	628.83	627.91	627.99	626.06	625.23	624.202
270.6	642.96	640.83	638.94	637.98	636.05	635.75	635.39	634.95	633.61	631.63	629.68	628.36	628.4	626.44	625.404	624.238
270.7	644.21	641.97	640.37	638.01	637.28	636.03	635.31	635.97	634.07	632.31	630.47	629.1	628.66	627.66	626.307	625.196
270.8	645.89	643.3	641.34	638.54	638.41	636.03	635.78	636.49	634.55	633.2	631.38	629.84	628.71	628.74	626.897	625.738
270.9	647.46	644.22	641.8	639.68	638.94	636.57	636.63	636.55	635.69	634.16	632.37	630.54	629.07	629.27	627.158	625.85
271	648.24	644.67	642.74	641.17	638.98	637.74	636.99	636.42	636.89	634.78	633.13	631.19	630.02	629.66	627.751	626.416
271.1	648.64	644.68	644.1	642.38	639.33	638.99	636.85	636.69	637.53	635.34	633.86	631.99	630.86	629.58	627.97	626.518
271.2	649.65	644.85	645.19	642.96	640.4	639.81	637.14	637.5	637.69	636.23	634.67	633.06	631.45	629.7	628.138	626.51
271.3	650.59	645.59	645.77	643.66	641.92	639.98	638.17	638	637.57	637.18	635.33	633.97	631.94	630.85	629.039	627.434
271.4	651.21	646.44	645.84	644.9	643.36	640.18	639.48	637.78	637.65	637.83	635.98	634.62	632.6	631.9	630.014	628.49
271.5	652.14	647.15	645.84	646.12	644.16	641.1	640.54	637.78	638.36	638.21	636.76	635.23	633.7	632.43	630.88	629.418
271.6	653.37	648.03	646.34	646.87	644.72	642.62	640.96	638.63	639.04	638.32	637.47	635.87	634.78	632.77	631.705	630.326
271.7	654.24	649.15	647.15	647.04	645.76	644.25	641.08	639.93	638.81	638.38	638.02	636.6	635.42	633.22	632.452	631.16
271.8	654.95	650.42	647.88	646.95	647.01	645.32	641.79	641.16	638.5	638.83	638.54	637.38	635.86	634.28	633.444	632.266
271.9	656.14	651.63	648.75	647.2	647.94	645.89	643.26	641.87	639.13	639.43	638.87	637.87	636.38	635.55	634.545	633.52
272	656.83	652.42	649.88	647.89	648.28	646.71	645.02	642.04	640.37	639.57	639.04	638.24	637.17	636.28	635.525	634.68
272.1	657.49	653.05	651.14	648.68	648.16	647.86	646.38	642.53	641.68	639.52	639.36	638.81	638.04	636.55	636.278	635.552
272.2	658.46	654.03	652.38	649.57	648.17	648.92	647.1	643.88	642.71	639.99	639.84	639.37	638.38	636.9	636.604	635.84
272.3	657.99	655.06	653.3	650.69	648.67	649.47	647.75	645.72	643.01	641.02	640.18	639.69	638.48	637.68	636.896	636.058
272.4	657.26	655.88	653.93	651.95	649.45	649.41	648.73	647.34	643.3	642.33	640.44	639.96	639	638.72	637.492	636.626
272.5	657.83	656.8	654.79	653.19	650.39	649.26	649.84	648.3	644.48	643.49	640.87	640.28	639.77	639.01	637.666	636.66
272.6	658.96	657.87	655.85	654.19	651.53	649.51	650.6	648.9	646.34	644.06	641.7	640.69	640.3	638.77	637.51	636.312
272.7	660.45	658.73	656.77	654.9	652.8	650.2	650.68	649.67	648.2	644.52	642.98	641.27	640.6	639.15	637.768	636.456
272.8	662	659.58	657.63	655.65	654.03	651.17	650.43	650.71	649.44	645.66	644.28	641.82	640.76	640.1	638.132	636.668
272.9	662.99	660.46	658.66	656.67	655.08	652.37	650.43	651.66	650.11	647.41	645.06	642.45	641.1	640.84	638.242	636.532
273	663.99	660.82	659.62	657.69	655.87	653.66	650.94	651.95	650.7	649.22	645.67	643.61	641.96	641.25	638.447	636.482
273.1	665.98	661.26	660.45	658.57	656.58	654.89	651.9	651.69	651.57	650.39	646.77	645.03	642.77	641.32	638.614	636.4
273.2	668.16	662.04	661.42	659.51	657.51	655.96	653.17	651.47	652.65	650.92	648.4	646.02	643.26	641.44	638.778	636.368
273.3	670	662.41	662.02	660.52	658.6	656.82	654.51	651.73	653.18	651.42	650.18	646.77	644.22	642.49	639.87	637.488
273.4	671.72	662.92	662.44	661.41	659.56	657.55	655.77	652.59	652.98	652.14	651.32	647.91	645.72	643.71	641.422	639.176
273.5	672.44	663.94	663.19	662.36	660.43	658.39	656.83	653.92	652.62	652.99	651.66	649.45	646.9	644.14	642.29	640.044
273.6	672.63	665.08	663.67	663.15	661.42	659.47	657.73	655.36	652.59	653.5	651.96	651.17	647.79	644.83	643.397	641.246
273.7	673.4	666.46	664.1	663.63	662.39	660.53	658.52	656.66	653.26	653.46	652.57	652.34	649.02	646.37	645.433	643.66
273.8	674.96	667.96	665.03	664.28	663.31	661.39	659.29	657.74	654.61	653.35	653.28	652.51	650.53	647.72	647.275	645.874
273.9	676.67	669.18	666.19	664.9	664.22	662.31	660.3	658.63	656.17	653.62	653.78	652.56	652.16	648.73	648.75	647.61
274	677.52	670.4	667.48	665.36	664.84	663.34	661.46	659.47	657.54	654.46	653.91	653.05	653.4	650.1	650.215	649.292
274.1	677.89	672	668.89	666.21	665.4	664.28	662.38	660.25	658.67	655.8	653.99	653.63	653.47	651.63	651.046	650.16
274.2	678.31	673.44	670.07	667.39	666.08	665.23	663.22	661.14	659.53	657.25	654.5	654.07	653.21	653.17	651.605	650.66
274.3	679.38	674.64	671.11	668.64	666.62	665.99	664.24	662.33	660.39	658.5	655.56	654.3	653.57	654.52	652.305	651.31
274.4	681.43	675.91	672.57	669.96	667.42	666.54	665.25	663.39	661.23	659.49	656.94	654.55	654.04	654.54	652.072	650.792
274.5	683	676.92	674.14	671.13	668.61	667.19	666.2	664.18	662.01	660.24	658.3	655.28	654.36	653.92	651.446	649.788
274.6	683.74	677.7	675.41	672.08	669.87	667.82	667.07	665.12	663.16	661.04	659.42	656.58	654.62	654.13	651.572	649.71
274.7	684.23	678.68	676.63	673.32	671.14	668.64	667.69	666.21	664.38	661.91	660.26	658.09	654.99	654.51	651.931	649.924
274.8	684.81	680.02	677.66	674.89	672.27	669.82	668.28	667.17	665.18	662.68	660.89	659.43	655.91	654.68	652.424	650.326
274.9	686.2	681.34	678.44	676.26	673.19	671.11	668.94	668.09	665.99	663.66	661.57	660.42	657.49	654.9	653.128	650.968
275	687.88	682.45	679.37	677.42	674.2	672.37	669.81	668.85	667.13	664.83	662.41	661.11	659.22	655.35	653.939	651.724
275.1	689.26	683.57	680.77	678.48	675.67	673.46	671	669.39	668.15	665.75	663.21	661.61	660.59	656.42	655.132	653.004
275.2	690.69	684.5	682.26	679.28	677.14	674.36	672.33	670.03	669.06	666.57	664.07	662.15	661.49	658.27	656.756	654.838
275.3	692.35	685.51	683.4	680.15	678.29	675.21	673.61	670.94	669.97	667.67	665.14	662.93	662.02	660.3	658.254	656.468
275.4	693.76	686.89	684.5	681.53	679.33	676.49	674.68	672.16	670.54	668.69	666.11	663.76	662.37	661.77	659.266	657.508
275.5	695.3	688.21	685.51	683.15	680.16	678.01	675.56	673.54	671.09	669.54	666.97	664.55	662.76	662.63	659.881	658.078
275.6	697.43	689.4	686.47	684.41	680.98	679.19	676.31	674.87	671.99	670.44	668.01	665.49	663.44	663	660.241	658.296
275.7	699.07	690.5	687.83	685.51	682.29	680.19	677.37	675.97	673.3	671.27	669.07	666.47	664.29	663.18	660.568	658.472
275.8	700.69	691.65	689.23	686.6	684	681.04	678.84	676.79	674.72	672.09	669.95	667.38	665.06	663.42	660.911	658.688
275.9	702.5	693.11	690.48	687.58	685.44	681.83	680.12	677.51	676.11	673.13	670.84	668.38	665.87	663.96	661.443	659.112
276	703.6	694.6	691.62	688.81	686.53	683.03	681.07	678.35	677.29	674.45	671.82	669.45	666.81	664.82	662.189	659.762
276.1	704.59	696.01	692.77	690.27	687.69	684.78	681.92	679.68	678.05	675.76	672.88	670.37	667.76	665.59	662.834	660.288
276.2	705.73	697.52	694.16	691.6	688.74	686.42	682.69	681.05	678.75	676.98	674.05	671.23	668.75	666.29	663.456	660.788
276.3	706.72	698.98	695.63	692.8	689.86	687.55	683.77	682.01	679.43	678.03	675.38	672.3	669.81	667.14	664.327	661.592
276.4	708.15	700.24	697.05	693.99	691.31	688.74	685.5	682.8	680.53	678.84	676.65	673.58	670.77	668.12	665.396	662.664
276.5	710.61	701.83	698.49	695.34	692.71	689.89	687.31	683.57	681.99	679.59	677.72	674.94	671.61	669.13	666.489	663.786
276.6	713.49	703.71	699.87	696.78	693.99	690.96	688.57	684.55	682.98	680.32	678.65	676.33	672.69	670.16	667.746	665.118
276.7	716.19	705.34	701	698.19	695.23	692.33	689.74	686.18	683.72	681.31	679.48	677.6	674.16	671.18	669.072	666.514
276.8	719.35	707.07	702.37	699.63	696.57	693.78	691	688.14	684.46	682.62	680.24	678.55	675.76	672.01	670.126	667.556
276.9	722.39	708.82	704.23	700.95	698	695.13	692.1	689.59	685.34	683.75	681.05	679.32	677.26	673.02	671.305	668.78
277	724.5	710.28	706.01	701.98	699.39	696.43	693.35	690.73	686.83	684.67	682.03	680.12	678.56	674.65	672.953	670.602
277.1	726.69	712.03	707.82	703.13	700.84	697.81	694.81	692.07	688.89	685.54	683.25	680.9	679.45	676.5	674.564	672.376
277.2	728.49	714.13	709.75	704.85	702.15	699.25	696.24	693.27	690.59	686.49	684.47	681.76	680.03	678.16	675.852	673.742
277.3	729.43	716.12	711.42	706.74	703.11	700.59	697.59	694.42	691.7	687.85	685.56	682.78	680.75	679.54	676.867	674.724
277.4	730.59	718.25	713.17	708.62	704.05	702.04	699.03	695.83	693.08	689.68	686.51	683.92	681.55	680.42	677.372	675.024
277.5	731.68	720.75	715.31	710.66	705.54	703.41	700.51	697.31	694.43	691.25	687.45	685.14	682.42	680.8	677.633	675.04
277.6	732.5	723.06	717.38	712.54	707.46	704.33	701.83	698.73	695.52	692.29	688.7	686.4	683.5	681.37	678.34	675.636
277.7	734.32	725.36	719.35	714.36	709.41	705.08	703.23	700.21	696.86	693.55	690.31	687.49	684.61	682.19	679.104	676.262
277.8	737.44	727.97	721.62	716.54	711.52	706.31	704.67	701.76	698.34	695.01	691.72	688.43	685.77	683.05	679.835	676.848
277.9	740.53	730	723.81	718.76	713.6	708.15	705.63	703.11	699.84	696.35	692.71	689.61	687.15	684.21	681.054	678.07
278	743.15	731.48	725.95	720.74	715.53	710.16	706.22	704.43	701.34	697.74	693.87	691.06	688.42	685.34	682.211	679.186
278.1	745.75	733.12	728.55	722.83	717.75	712.33	707.18	705.92	702.98	699.21	695.37	692.28	689.41	686.38	683.044	679.882
278.2	748.72	734.58	730.8	724.87	720.15	714.55	708.83	706.99	704.43	700.74	696.91	693.17	690.54	687.83	684.181	680.962
278.3	752.83	736.12	732.29	726.83	722.25	716.62	710.86	707.48	705.63	702.38	698.46	694.21	691.88	689.33	685.448	682.18
278.4	757.5	738.33	733.87	729.29	724.22	718.89	713.08	708.15	707.15	704.18	699.97	695.7	692.92	690.37	686.227	682.76
278.5	761.1	740.63	735.45	731.7	726.15	721.45	715.42	709.57	708.4	705.68	701.47	697.41	693.65	691.46	687.056	683.43
278.6	763.68	742.86	737.03	733.28	727.9	723.74	717.64	711.54	708.83	706.71	703.17	699.16	694.57	692.77	688.332	684.684
278.7	766.16	745.57	739.24	734.73	730.14	725.7	719.97	713.79	709.23	707.98	705.07	700.76	695.99	693.66	689.376	685.604
278.8	769.23	748.67	741.59	736.33	732.67	727.55	722.64	716.22	710.37	709.25	706.65	702.23	697.81	694.17	690.322	686.422
278.9	773.32	751.98	743.8	737.97	734.39	729.1	725.17	718.59	712.21	709.96	707.65	703.93	699.77	694.94	691.874	688.082
279	777.66	755.43	746.47	740.18	735.69	731.04	727.24	720.99	714.46	710.49	708.75	705.95	701.52	696.27	693.895	690.328
279.1	781.63	758.71	749.6	742.67	737.24	733.61	729.05	723.74	716.97	711.5	710.05	707.66	702.97	698.12	695.908	692.524
279.2	785.87	761.81	752.88	744.92	738.9	735.51	730.46	726.51	719.46	713.15	710.94	708.65	704.64	700.31	697.944	694.746
279.3	791.07	765.01	756.26	747.55	741.09	736.72	732.06	728.79	721.94	715.34	711.64	709.58	706.76	702.26	699.804	696.7
279.4	796.94	768.27	759.45	750.7	743.76	738.16	734.51	730.62	724.75	717.9	712.63	710.83	708.65	703.73	701.052	697.82
279.5	802.79	771.64	762.49	754	746.11	739.78	736.63	731.97	727.76	720.51	714.08	711.88	709.68	705.31	701.852	698.372
279.6	808.24	775.2	765.65	757.36	748.67	741.91	737.84	733.23	730.31	723.02	716.12	712.75	710.44	707.51	702.958	699.288
279.7	813.31	778.72	768.79	760.53	751.88	744.75	739.1	735.41	732.23	725.59	718.61	713.79	711.6	709.63	704.165	700.272
279.8	818.35	782.49	772	763.49	755.21	747.27	740.64	737.74	733.62	728.29	721.14	715.1	712.73	710.74	704.547	700.196
279.9	824	786.94	775.5	766.59	758.58	749.77	742.68	739.04	734.54	730.72	723.55	716.96	713.77	711.33	704.698	699.842
280	830.7	791.77	778.99	769.63	761.8	753	745.6	740.11	736.34	732.8	725.97	719.36	714.94	712.37	705.521	700.332
280.1	838.42	796.82	782.61	772.64	764.69	756.4	748.38	741.54	738.85	734.5	728.44	721.84	716.16	713.54	706.636	701.216
280.2	846.85	802.14	786.86	776.04	767.7	759.8	750.88	743.43	740.31	735.53	730.8	724.16	717.81	714.69	708.197	702.73
280.3	855.96	807.65	791.48	779.56	770.69	763.1	754.07	746.32	741.19	736.89	732.94	726.45	720.12	716.06	710.148	704.7
280.4	866.09	813.28	796.32	783.1	773.48	765.96	757.59	749.43	742.49	739.04	734.74	728.7	722.57	717.27	711.751	706.18
280.5	876.62	819.02	801.55	787.15	776.69	768.86	761.02	751.99	744.19	740.75	735.98	730.91	724.8	718.69	713.636	708.106
280.6	887.97	824.93	807.05	791.63	780.26	771.85	764.41	755.08	746.93	742.02	737.26	733.06	726.98	720.88	716.272	711.016
280.7	900.45	831.25	812.7	796.27	783.78	774.45	767.31	758.75	750.41	743.6	739.16	734.96	729.04	723.33	718.82	713.754
280.8	912.76	838.11	818.47	801.37	787.66	777.37	770.1	762.24	753.1	745.36	741.05	736.42	731.04	725.48	720.939	715.962
280.9	925.86	845.55	824.32	806.86	792.03	780.94	773.07	765.69	756.02	747.85	742.64	737.7	733.16	727.57	722.772	717.768
281	940.46	853.82	830.43	812.5	796.5	784.49	775.6	768.73	759.87	751.23	744.38	739.36	735.14	729.49	724.104	718.832
281.1	955.81	862.75	837.05	818.29	801.41	788.23	778.17	771.4	763.44	754.15	746.29	741.28	736.77	731.21	725.32	719.78
281.2	972.87	872.26	844.16	824.13	806.89	792.5	781.6	774.32	766.92	757.07	748.67	743.15	738.14	733.24	726.597	720.778
281.3	992.6	883.01	851.96	830.12	812.53	796.83	785.24	776.89	770.19	760.71	751.75	745.13	739.62	735.3	727.617	721.322
281.4	1014.1	894.61	860.43	836.56	818.3	801.5	788.89	779.12	772.77	764.16	754.69	747.21	741.42	737.05	728.659	721.91
281.5	1036.7	906.35	869.34	843.45	824.17	806.91	793.05	782.25	775.59	767.46	757.54	749.55	743.51	738.59	729.799	722.622
281.6	1060	919.08	879.42	850.92	830.08	812.57	797.31	785.97	778.3	770.54	760.84	752.38	745.76	739.96	731.024	723.4
281.7	1082.7	932.95	890.7	859.01	836.37	818.31	801.73	789.61	780.23	772.9	764.05	755.26	748.06	741.54	732.749	724.878
281.8	1105	947.45	902.13	867.44	843.14	824.21	806.98	793.63	782.94	775.48	767.09	758.08	750.44	743.75	734.935	726.924
281.9	1128.9	963.31	914.21	876.87	850.34	830.08	812.67	797.87	786.7	778.42	770.04	761.16	753.1	746.3	737.45	729.332
282	1153.3	980.76	927.54	887.74	858.12	836.22	818.4	802.08	790.37	780.82	772.49	764.09	755.83	748.82	740.212	732.146
282.1	1177.4	999.33	941.53	899	866.2	842.89	824.29	807.06	794.25	783.57	775	766.85	758.62	751.32	742.808	734.72
282.2	1202.2	1019.2	956.43	910.57	874.97	849.91	830.19	812.78	798.52	787.27	778.01	769.61	761.58	753.9	745.123	736.806
282.3	1226.8	1040.2	972.73	923.31	885.34	857.41	836.21	818.52	802.56	790.98	780.84	772.08	764.24	756.43	747.204	738.634
282.4	1252.8	1061.9	990.08	936.93	896.48	865.21	842.76	824.37	807.18	794.84	783.8	774.54	766.7	759.14	749.254	740.404
282.5	1282	1084.3	1008.5	951.21	907.68	873.38	849.66	830.31	812.9	799.27	787.55	777.55	769.25	762.11	751.36	742.098
282.6	1311.7	1108.1	1028.4	966.56	919.83	883.12	856.96	836.25	818.68	803.53	791.47	780.72	771.66	764.52	753.031	743.248
282.7	1338.6	1132.6	1049.2	982.92	933.09	894.08	864.53	842.65	824.47	807.94	795.36	783.96	774.08	766.65	754.44	744.054
282.8	1362.5	1157	1070.6	1000.2	946.93	905.04	872.22	849.5	830.46	813.18	799.69	787.81	777.03	768.96	756.004	744.894
282.9	1384	1181.5	1093.1	1018.8	961.54	916.62	881.25	856.62	836.36	818.66	804	791.92	780.44	771.23	757.724	745.882
283	1403.8	1206.2	1116.1	1038.6	977.03	929.43	891.9	864.01	842.59	824.22	808.21	795.91	784.01	773.61	759.566	747.024
283.1	1422.3	1232.1	1139.5	1059.2	993.33	942.93	902.76	871.37	849.43	830.15	812.98	800.16	788	776.47	761.85	748.616
283.2	1438.3	1259.4	1163.3	1080.6	1010.7	956.97	913.88	879.65	856.42	836.09	818.12	804.52	792.28	780.01	764.804	751.004
283.3	1450.5	1286.1	1186.9	1102.9	1029.5	971.67	926.15	889.82	863.66	842.09	823.31	808.64	796.42	783.92	767.907	753.584
283.4	1459.6	1311.9	1211.1	1125.6	1049.2	987.07	939.34	900.63	870.83	848.52	828.86	812.99	800.63	788.12	771.115	756.212
283.5	1466.3	1337	1236.5	1148.8	1069.7	1003.4	952.99	911.4	878.36	855.2	834.69	817.74	805.01	792.56	774.552	759.056
283.6	1470.9	1361	1261.7	1171.7	1091	1020.9	967.04	923.1	887.94	862.38	840.56	822.58	809.13	796.88	777.577	761.334
283.7	1474.4	1383.6	1286.3	1194.7	1113.2	1039.8	981.64	935.93	898.68	869.6	846.69	827.72	813.15	801.1	780.49	763.436
283.8	1476.4	1404.8	1310.9	1218.6	1135.8	1059.4	996.98	949.29	909.18	876.85	853.22	833.36	817.5	805.48	783.744	765.898
283.9	1475.3	1423.5	1334.4	1242.6	1158.2	1079.7	1013.4	962.84	920.34	885.75	860.25	839.15	822	809.67	786.241	767.2
284	1471.5	1439.1	1356.5	1265.6	1180.3	1101.1	1031.2	976.71	932.75	896.14	867.4	845	826.72	813.47	787.94	767.338
284.1	1465.9	1452.3	1377.7	1288.5	1202.8	1123.1	1050	991.17	945.87	906.68	874.57	851.29	832.06	817.39	790.071	767.962
284.2	1458.4	1463.2	1396.8	1311	1225.7	1145.1	1069.3	1006.5	959.08	917.49	882.92	858.2	837.78	821.55	792.482	768.78
284.3	1448.8	1471.9	1413.1	1332.3	1247.6	1166.5	1089.8	1023.2	972.3	929.11	892.63	865.28	843.42	825.85	794.539	768.966
284.4	1435.4	1478.8	1427	1353.3	1269.1	1187.8	1111.3	1041.1	985.97	941.6	902.81	872.37	849.41	830.8	796.898	769.398
284.5	1418.5	1483.5	1438.8	1373.1	1290.7	1209.5	1132.8	1059.6	1000.3	954.45	913.27	880.31	856.16	836.46	800.203	770.894
284.6	1399.9	1485.4	1448.2	1389.8	1311.4	1230.3	1153.7	1078.9	1015.8	967.21	924.23	889.4	863.19	841.95	803.728	772.572
284.7	1379.7	1484.9	1455.6	1404.1	1331.3	1250.6	1174.1	1099.7	1032.9	980.25	936.02	899.11	870.2	847.59	807.292	774.178
284.8	1357.8	1482.5	1461.2	1416.4	1350.5	1271.1	1194.7	1121	1050.5	993.81	948.47	909.26	877.86	854.16	811.739	776.748
284.9	1333.7	1477.8	1464.1	1426.5	1367.7	1290.9	1214.5	1141.4	1068.7	1008.3	960.96	919.68	886.41	861.14	816.637	779.75
285	1307.2	1470.3	1464.6	1434.2	1382.4	1310	1233.4	1161	1088.7	1024.7	973.68	930.71	895.55	868.04	821.101	781.956
285.1	1280	1459.1	1463.2	1440.2	1395	1328.9	1252.7	1180.5	1109.6	1042.1	986.86	942.67	905.39	875.51	826.111	784.646
285.2	1253.6	1444.9	1459.7	1443.9	1405.5	1346.2	1271.6	1199.5	1129.7	1059.6	1000.7	954.89	915.4	883.66	831.696	787.978
285.3	1228.5	1428.4	1453.8	1445.2	1413.7	1360.9	1289.8	1217.2	1148.7	1078.4	1016.1	967.27	925.66	892.15	837.034	790.74
285.4	1203.8	1409.9	1444.8	1444.5	1420	1374	1308.1	1235.1	1167.3	1098.4	1032.8	980.12	937.02	901.62	843.19	794.256
285.5	1177.2	1386.2	1432.7	1442	1424.3	1385.4	1325.5	1253	1185.4	1118	1049.5	993.4	948.94	911.37	850.096	798.714
285.6	1148.3	1359.7	1418.3	1437.1	1426.1	1394.1	1340.7	1270.3	1202.2	1136.4	1067	1007.9	960.99	920.86	857.503	803.794
285.7	1120	1332.7	1401.8	1429.6	1426	1400.6	1353.5	1287.6	1218.6	1153.9	1085.6	1023.8	973.53	931.53	866.629	810.948
285.8	1093.5	1311.5	1382.8	1419.4	1424.1	1405.4	1364.9	1304.9	1235.5	1171	1104.3	1039.8	986.36	943.14	876.822	819.456
285.9	1066.8	1289.9	1361.7	1406.7	1420.1	1407.9	1374.3	1320.3	1251.8	1186.9	1122.1	1056.1	1000	954.82	888.106	829.48
286	1040.1	1260.5	1338.7	1391.9	1413.8	1408.3	1381.2	1333.4	1268	1202.4	1139.2	1073.4	1015.1	967.06	900.998	841.52
286.1	1013.2	1231.1	1313.3	1374.8	1405	1407	1386.3	1344.9	1284.8	1218.7	1155.7	1091	1030.5	979.54	914.032	853.68
286.2	986.29	1199.9	1285.4	1355.7	1393.8	1403.8	1389.4	1354.6	1300.5	1234.8	1171.4	1108.2	1045.8	992.41	927.408	866.37
286.3	962.34	1167.6	1258.5	1334.9	1380.6	1398.4	1390.3	1362.1	1313.8	1250.5	1186.7	1124.7	1061.8	1006.7	942.33	881.08
286.4	941.51	1136	1233.4	1312.4	1365.3	1390.8	1389.5	1367.8	1325.4	1266.8	1202.5	1140.6	1078.2	1021.6	957.53	896.06
286.5	920.87	1104.7	1207.5	1288.9	1347.9	1381	1386.9	1371.4	1335.5	1282.7	1218.3	1156	1094.6	1035.9	972.31	910.58
286.6	900.46	1073.9	1178.8	1265.8	1329.1	1369.2	1382.2	1372.8	1343.2	1296.2	1233.7	1171.1	1110.5	1050.6	988.1	926.66
286.7	880.87	1044.5	1148.9	1239.2	1308.7	1355.5	1375.7	1372.4	1348.9	1307.7	1249.4	1186.6	1125.9	1065.8	1004.89	944.16
286.8	861.2	1015.7	1119.5	1210.8	1286.9	1339.6	1367.2	1370.5	1353.2	1318	1264.9	1202.1	1140.8	1081.3	1022.17	962.42
286.9	845.45	988.05	1090.1	1183.6	1264.6	1322.4	1356.6	1366.6	1355.1	1326.2	1278.7	1217.2	1155.7	1096.6	1040.22	982
287	834.43	962.88	1061.4	1156.3	1242.2	1304.1	1344.2	1360.9	1355.1	1332.2	1290.4	1232.3	1170.9	1111.4	1059.11	1003
287.1	821	938.96	1033.3	1129	1219.5	1284	1329.8	1353.5	1353.8	1337	1300.9	1247.3	1186.1	1125.8	1078.26	1024.54
287.2	805.15	916.28	1005.9	1100.7	1191.5	1263.1	1314	1344.2	1350.5	1339.8	1309.6	1261.2	1201	1140.4	1098.18	1047.44
287.3	781.17	896.59	980.63	1072.7	1162	1242	1297.5	1333.2	1345.5	1340.2	1316	1273.2	1215.6	1155.3	1119	1071.98
287.4	748.12	877.15	957.33	1045.4	1135.5	1220.2	1279.3	1320.2	1339.1	1339.1	1320.9	1283.8	1230.1	1170.2	1140.24	1097.38
287.5	725.46	860.61	934.57	1018.4	1109	1197.4	1259.9	1305.7	1331	1336.6	1324.2	1292.9	1243.9	1184.9	1161.39	1123.02
287.6	714.88	842.14	913.74	993.19	1082.5	1172.7	1240	1290.8	1321.1	1332.1	1325.2	1299.9	1256.1	1199.2	1182.03	1148.54
287.7	709.43	814.99	894.41	970.33	1056	1144.4	1219.5	1274.5	1309.6	1326.5	1324.4	1305	1266.8	1213	1201.76	1173.3
287.8	705.67	789.4	874.77	948.09	1029.7	1116.3	1198.2	1256.6	1296.4	1319.6	1322.3	1308.7	1276.4	1226.6	1221.15	1197.96
287.9	698.31	769.83	855.58	926.86	1004.6	1090.5	1175.8	1237.9	1282.6	1310.8	1318.7	1310.3	1283.8	1239	1238.97	1221.12
288	691.74	752.62	834.2	907.41	981.87	1065	1152.5	1218.8	1268.3	1300.8	1313.9	1309.9	1289.2	1249.9	1254.79	1242.14
288.1	690.58	737.87	810.84	887.81	960.33	1039.8	1126.6	1198.8	1252.1	1288.8	1308.1	1308.2	1293.3	1259.6	1269.64	1262.32
288.2	698.49	726.16	791.1	868.88	939.16	1015	1098.7	1178	1234.7	1276.1	1300.6	1305.3	1295.4	1267.6	1282.34	1280.12
288.3	707.34	716.77	773.04	849.85	919.5	992.28	1072.7	1156.1	1216.8	1263.5	1291.7	1301.3	1295.3	1273.4	1292.06	1294.4
288.4	705.11	711.07	755.51	828.31	900.17	971.4	1048.5	1133	1198.1	1249	1281.3	1296.5	1293.9	1277.9	1300.84	1307.88
288.5	692.1	711.14	741.82	808.5	881.15	950.68	1024.9	1109	1178.8	1233	1269.9	1290.3	1291.6	1280.5	1308.07	1319.74
288.6	676.6	714.09	731.13	790.35	863.11	930.87	1002.5	1082.2	1158.6	1216.3	1258.1	1282.6	1288.4	1280.8	1313.03	1328.96
288.7	668.87	712.87	723.42	771.66	843.66	911.92	981.99	1056.2	1136.9	1198.6	1244.7	1273.6	1284.5	1279.7	1316.82	1337.02
288.8	665.37	705.19	719.93	756.13	824.23	892.88	961.9	1033.2	1114.2	1180.4	1229.5	1263.6	1279.4	1277.9	1319.63	1344.12
288.9	658.07	694.81	719.61	744.16	806.3	875	942.14	1010.9	1091.3	1161.9	1213.3	1252.8	1272.9	1275.3	1321.16	1349.8
289	648.57	687.07	718.21	735	787.83	857.26	923.42	990.73	1066.6	1141.8	1196.3	1240.4	1265.2	1272.3	1322.17	1355.16
289.1	642.65	681.49	712.43	729.02	770.87	838.63	904.53	971.44	1041.5	1120.2	1178.9	1226	1256.6	1268.3	1322.17	1359.56
289.2	640.47	673.4	704.28	726.07	757.6	821.04	886.43	952.09	1019.1	1098.1	1161.2	1210.4	1247	1262.9	1320.54	1362.08
289.3	639.26	663.42	697.03	723.71	747.2	803.39	869.58	933.58	999.04	1076.3	1142.5	1194.1	1235.7	1256.5	1317.1	1362.46
289.4	638.14	656.23	691.24	718.63	739.29	785.84	852	915.16	980.66	1053.5	1122.5	1177.4	1222.2	1249.3	1312.37	1361.5
289.5	636.6	652.23	683.63	711.56	734.03	771.45	834.78	896.93	962.13	1028.8	1101.8	1160.5	1207.2	1241.1	1306.88	1359.88
289.6	635.25	649.04	673.7	704.66	730.11	759.92	817.98	880.22	943.73	1006.9	1081.2	1142.9	1191.4	1230.8	1298.04	1353.84
289.7	633.47	646.18	665.71	698.93	725.04	750.52	800.77	863.73	925.82	989.07	1060.9	1124.4	1175.3	1218.3	1285.452	1342.738
289.8	631.16	643.73	660.85	692.02	718.39	743.29	785.61	847.08	907.65	971.16	1040.8	1105.2	1159.1	1204	1271.246	1329.644
289.9	629.14	641.77	656.87	682.57	711.69	737.57	773.05	830.98	890.61	953.14	1019.1	1085.9	1142.6	1188.8	1256.354	1315.836
290	626.54	639.84	653.04	674.03	705.98	731.94	762.45	814.84	874.79	935.8	999.18	1066.9	1125.4	1173.3	1240.482	1300.604
290.1	623.23	637.52	649.84	668.48	699.64	725.27	753.54	799.57	858.79	917.97	981.7	1048	1107.5	1157.8	1224.232	1284.778
290.2	620.47	635.25	647.29	664.07	690.96	718.56	746.06	786.24	843.14	900.51	963.65	1029.7	1089.5	1142	1207.721	1268.604
290.3	619.05	632.78	645.12	659.66	682.19	712.69	739.43	774.67	828.16	884.86	946.25	1010.3	1071.9	1126	1190.241	1251.034
290.4	618.83	629.66	642.76	655.82	676	706.72	732.39	764.41	813.53	869.57	928.82	990.57	1054.3	1109.5	1172.154	1232.688
290.5	619.3	626.68	640.28	652.66	671.26	698.92	725.34	755.36	799.82	854.23	911.58	972.41	1036.8	1092.8	1154.272	1214.508
290.6	619.69	624.68	637.83	650.11	666.49	690.24	719.06	747.43	787.43	840.18	895.96	954.75	1019.9	1076.4	1136.352	1195.99
290.7	619.6	623.65	634.87	647.65	662.08	683.53	713.22	739.78	776.07	826.86	881.04	937.4	1001.6	1060.1	1117.512	1176.216
290.8	619.96	623.25	631.8	644.99	658.34	678.47	706.23	732.19	765.61	813.41	865.97	920.46	981.65	1043.7	1097.916	1155.542
290.9	620.75	623.05	629.46	642.44	655.31	673.48	698.01	725.27	756.27	800.44	851.78	904.75	963.16	1027.5	1079.176	1135.726
291	620.63	622.66	627.95	639.58	652.62	668.64	690.99	719.25	747.78	788.23	838.41	889.76	945.91	1010.8	1060.414	1115.678
291.1	619.11	622.56	627.02	636.49	649.81	664.37	685.6	712.86	739.49	776.53	824.98	874.7	929.22	992.19	1040.192	1093.748
291.2	616.76	622.94	626.37	633.92	647.06	660.78	680.45	705.35	731.71	765.8	811.89	860.38	913.67	972.29	1019.234	1070.71
291.3	614.66	622.92	625.69	632.06	644.2	657.75	675.32	698.31	725.09	756.32	799.51	847	898.7	954	999.471	1048.926
291.4	613.62	621.88	625.21	630.76	641.13	654.78	670.63	692.64	718.95	747.28	787.46	833.71	883.58	937.57	980.93	1028.6
291.5	613.05	620.01	625.19	629.75	638.39	651.77	666.48	687.37	712.22	738.5	776.02	820.69	869.1	922.09	963.358	1009.384
291.6	612.29	618.06	625.09	628.78	636.26	648.81	663	682.11	705.46	730.88	765.83	808.34	855.67	907.12	946.264	990.496
291.7	611.36	616.72	624.28	627.97	634.65	645.75	659.82	677.13	699.66	724.59	756.58	796.38	842.5	891.99	928.624	970.696
291.8	610.24	615.81	622.74	627.59	633.32	642.89	656.56	672.49	694.26	718.5	747.96	784.98	829.51	877.38	930.43	971.254
291.9	608.91	614.88	620.89	627.28	632.07	640.55	653.41	668.49	688.9	712.28	740.34	774.8	817.19	863.9	915.57	954.228
292	607.54	613.92	619.39	626.53	630.96	638.66	650.29	664.99	683.76	706.6	733.81	765.55	805.29	850.84	900.4	936.719
292.1	606.71	612.88	618.29	625.21	630.24	637.08	647.36	661.51	678.77	701.11	727.51	756.88	793.91	837.92	885.7	919.61
292.2	606.15	611.62	617.21	623.46	629.65	635.57	644.87	658.09	674.22	695.62	721.08	749.09	783.73	825.64	872.14	903.937
292.3	605.68	610.25	616.18	621.87	628.82	634.17	642.73	654.82	670.31	690.46	715.06	742.22	774.53	813.82	859.16	888.898
292.4	605.4	609.22	615.2	620.63	627.63	633.14	640.93	651.81	666.59	685.27	709.26	735.66	765.85	802.46	846.28	874.154
292.5	604.72	608.48	614	619.43	625.99	632.26	639.21	649.2	662.87	680.21	703.46	728.97	757.95	792.3	834.05	860.699
292.6	604.01	607.82	612.63	618.32	624.33	631.24	637.53	646.88	659.36	675.84	698	722.48	750.85	783.21	822.31	848.175
292.7	603.98	607.33	611.48	617.35	623	630.04	636.21	644.87	656.23	671.84	692.6	716.32	744.03	774.56	810.92	836.15
292.8	604.28	606.66	610.62	616.21	621.7	628.52	635.08	642.97	653.53	667.8	687.11	710.28	737.09	766.63	800.75	825.461
292.9	603.97	605.87	609.83	614.85	620.47	626.82	633.78	641.05	651.08	663.98	682.18	704.55	730.17	759.42	791.82	815.873
293	603.37	605.55	609.17	613.61	619.48	625.38	632.46	639.45	648.86	660.66	677.89	699.04	723.56	752.37	783.21	806.405
293.1	602.49	605.65	608.48	612.67	618.41	624.03	631.02	638.09	646.82	657.87	673.76	693.45	717.25	745.22	775.26	797.419
293.2	601.47	605.46	607.63	611.78	617.05	622.67	629.28	636.51	644.72	655.36	669.8	688.2	711.25	737.92	768.07	788.926
293.3	601.26	604.97	607.08	610.98	615.74	621.62	627.74	634.94	642.82	652.93	666.19	683.61	705.59	730.81	760.83	780.35
293.4	601.09	604.3	606.99	610.24	614.74	620.6	626.37	633.5	641.26	650.75	663.12	679.29	699.91	724.17	753.48	771.674
293.5	600.53	603.44	606.85	609.34	613.78	619.26	624.9	631.77	639.46	648.54	660.43	675.14	694.37	717.92	745.87	762.844
293.6	600.23	602.97	606.41	608.61	612.86	617.9	623.74	630.1	637.56	646.35	657.85	671.36	689.45	712.08	738.22	754.23
293.7	600.21	602.73	605.88	608.33	612.03	616.83	622.76	628.7	635.98	644.6	655.53	668.04	684.94	706.33	731.18	746.081
293.8	600.58	602.19	605.16	608.16	611.1	615.83	621.47	627.17	634.28	642.66	653.16	665.13	680.62	700.54	724.66	738.345
293.9	601.65	601.69	604.56	607.77	610.24	614.81	620.04	625.86	632.48	640.37	650.67	662.4	676.65	695.28	718.6	731.342
294	602.18	601.46	604.26	607.31	609.75	613.89	618.9	624.88	631	638.51	648.56	659.83	673.1	690.57	712.79	724.73
294.1	601.43	601.48	603.77	606.73	609.5	612.91	617.91	623.67	629.49	636.84	646.47	657.34	669.93	686.08	706.78	718.128
294.2	600.8	602.05	603.15	606.1	609.13	611.94	616.8	622.18	628.02	634.9	643.99	654.8	667.04	681.94	701.17	712.238
294.3	600.27	602.56	602.74	605.72	608.71	611.29	615.78	620.96	626.99	633.29	641.85	652.47	664.29	678.17	696.23	706.94
294.4	599.51	602.17	602.53	605.26	608.22	610.89	614.75	619.98	625.86	631.84	640.2	650.31	661.62	674.74	691.59	701.855
294.5	598.49	601.59	602.69	604.62	607.64	610.5	613.68	618.82	624.34	630.22	638.31	647.9	659	671.67	687.28	697.345
294.6	596.16	601.23	603.06	604.07	607.2	610.09	612.89	617.71	623.02	629.09	636.62	645.61	656.49	668.78	683.32	693.135
294.7	593.59	600.72	602.86	603.66	606.74	609.66	612.34	616.62	622.03	628.05	635.11	643.8	654.18	665.93	679.62	689.073
294.8	592.65	599.94	602.31	603.51	606.12	609.16	611.88	615.47	620.9	626.53	633.35	641.99	651.83	663.21	676.33	685.496
294.9	593.41	598.24	602.01	603.65	605.47	608.69	611.46	614.54	619.67	625.08	631.96	640.18	649.44	660.55	673.34	682.033
295	594.54	595.96	601.68	603.53	604.9	608.23	611.06	613.86	618.53	624.07	630.89	638.54	647.45	658.04	670.29	678.532
295.1	594.85	594.58	601.1	603	604.52	607.64	610.62	613.28	617.32	623.01	629.53	636.85	645.67	655.69	667.43	675.426
295.2	594.48	594.61	599.88	602.68	604.4	606.96	610.18	612.81	616.25	621.68	627.95	635.26	643.81	653.28	664.68	672.44
295.3	594.16	595.26	597.91	602.46	604.21	606.26	609.71	612.43	615.45	620.47	626.73	633.91	642.03	651.1	661.92	669.409
295.4	594.44	595.51	596.35	602.06	603.73	605.68	609.13	612.02	614.74	619.22	625.61	632.51	640.35	649.29	659.51	666.828
295.5	595.1	595.19	595.89	601.22	603.36	605.31	608.48	611.63	614.17	618	624.18	630.88	638.67	647.46	657.13	664.408
295.6	595.41	594.88	596.13	599.58	603.16	604.98	607.7	611.18	613.78	617.12	622.91	629.45	637.05	645.53	654.77	661.882
295.7	594.93	594.97	596.31	598.01	602.92	604.49	606.95	610.61	613.39	616.28	621.6	628.25	635.53	643.8	652.88	659.845
295.8	594.56	595.42	595.99	597.23	602.36	604.06	606.38	610	613.04	615.56	620.28	626.8	633.88	642.12	651.12	657.94
295.9	594.94	595.8	595.6	597.11	601.07	603.83	605.85	609.2	612.65	615.13	619.25	625.36	632.27	640.26	649.08	655.612
296	595.14	595.58	595.57	597.18	599.62	603.69	605.28	608.3	612.08	614.76	618.31	624.04	630.92	638.55	647.23	653.515
296.1	594.89	595.18	595.83	596.84	598.67	603.36	604.79	607.56	611.49	614.4	617.46	622.72	629.47	636.91	645.61	651.581
296.2	594.47	595.33	596.19	596.35	598.23	602.41	604.5	606.85	610.75	614.09	616.96	621.58	627.88	635.14	643.56	649.052
296.3	593.83	595.56	596.19	596.2	598.12	601.13	604.36	606.11	609.75	613.56	616.67	620.68	626.49	633.61	641.58	646.631
296.4	592.97	595.39	595.8	596.31	597.78	600.16	604.22	605.54	608.84	612.95	616.36	619.84	625.19	632.14	639.97	644.556
296.5	592.02	595.02	595.75	596.56	597.18	599.51	603.59	605.18	607.99	612.32	616.1	619.18	623.96	630.43	638.09	642.121
296.6	590.71	594.5	595.98	596.72	596.89	599.14	602.49	604.98	607.05	611.28	615.54	618.82	623.03	628.93	636.33	640.037
296.7	589.57	593.77	595.88	596.42	596.87	598.8	601.62	604.96	606.34	610.2	614.79	618.47	622.24	627.64	634.82	638.361
296.8	589.37	592.96	595.54	596.2	596.99	598.13	600.88	604.61	605.91	609.26	614.14	618.04	621.47	626.34	633.02	636.42
296.9	589.58	591.89	595.09	596.38	597.19	597.65	600.25	603.71	605.61	608.12	613.14	617.51	621	625.33	631.36	634.946
297	589.71	590.79	594.44	596.35	597.04	597.53	599.86	602.97	605.59	607.19	611.99	616.79	620.64	624.6	630.07	634.009
297.1	589.85	590.34	593.71	596.04	596.74	597.5	599.17	602.28	605.49	606.68	610.92	616	620.09	623.78	628.76	632.948
297.2	590.09	590.39	592.84	595.63	596.79	597.63	598.47	601.47	604.83	606.27	609.59	614.97	619.49	623.16	627.6	632.225
297.3	590.12	590.48	591.82	595.03	596.81	597.64	598.25	600.95	604.2	606.15	608.4	613.83	618.82	622.83	626.92	631.972
297.4	590.07	590.48	591.22	594.36	596.55	597.34	598.09	600.27	603.68	606.25	607.79	612.74	617.93	622.2	626.11	631.184
297.5	589.75	590.5	591.16	593.64	596.16	597.24	598.07	599.4	602.81	605.85	607.42	611.49	616.83	621.48	625.31	630.237
297.6	588.94	590.43	591.22	592.73	595.61	597.28	598.19	599	602.07	605.28	607.26	610.27	615.69	620.84	625.02	629.643
297.7	588.57	590.3	591.2	592.05	594.97	597.07	597.96	598.76	601.43	605	607.45	609.44	614.59	619.9	624.39	628.456
297.8	588.63	590.09	591.06	591.89	594.35	596.7	597.73	598.55	600.47	604.22	607.21	608.95	613.37	618.69	623.48	627.024
297.9	588.33	589.52	590.84	591.92	593.56	596.19	597.75	598.67	599.81	603.24	606.69	608.8	612.16	617.54	622.85	625.926
298	588.07	589.04	590.61	591.93	592.88	595.56	597.58	598.57	599.5	602.62	606.59	608.9	611.18	616.44	621.92	624.466
298.1	588.13	589	590.4	591.72	592.62	595	597.24	598.28	599.14	601.64	605.95	608.66	610.52	615.23	620.56	622.921
298.2	588.06	588.88	590.01	591.35	592.61	594.34	596.77	598.21	599.12	600.7	604.74	608.15	610.34	614.02	619.36	621.855
298.3	588.2	588.65	589.49	590.97	592.67	593.68	596.14	598.08	599.16	600.3	603.92	607.89	610.41	612.95	618.3	620.84
298.4	588.42	588.68	589.32	590.7	592.47	593.36	595.59	597.78	598.87	599.83	602.91	607.33	610.16	612.1	617.07	619.841
298.5	588.38	588.65	589.31	590.41	591.97	593.31	595.05	597.34	598.68	599.57	601.82	606.25	609.62	611.85	615.85	619.176
298.6	588.39	588.61	589.16	589.92	591.44	593.38	594.43	596.71	598.58	599.72	601.35	605.27	609.26	611.95	614.76	618.568
298.7	588.41	588.71	589.18	589.63	591.05	593.27	594.08	596.14	598.31	599.5	600.75	604.14	608.72	611.66	613.7	617.82
298.8	588.19	588.7	589.23	589.65	590.77	592.71	594	595.68	597.91	599.19	600.27	603.01	607.74	611.08	613.33	617.343
298.9	587.81	588.63	589.09	589.6	590.36	592.01	594.04	595.12	597.3	599.08	600.47	602.52	606.7	610.65	613.52	617.041
299	587.39	588.63	589.06	589.63	589.98	591.49	594.07	594.78	596.68	598.84	600.47	602.07	605.44	610.11	613.19	616.3
299.1	587.05	588.48	589.05	589.76	589.93	591.13	593.55	594.67	596.26	598.47	600.2	601.59	604.2	609.2	612.53	615.225
299.2	587.16	588.12	588.92	589.62	589.98	590.78	592.68	594.68	595.79	597.9	599.98	601.6	603.69	608.16	612.07	614.322
299.3	587.26	587.72	588.86	589.45	590.06	590.38	592	594.81	595.43	597.22	599.65	601.65	603.37	606.8	611.52	613.265
299.4	586.82	587.36	588.76	589.41	590.24	590.2	591.53	594.43	595.34	596.79	599.32	601.5	602.9	605.38	610.62	611.888
299.5	586.27	587.31	588.42	589.26	590.18	590.3	591.18	593.46	595.33	596.41	598.86	601.32	602.78	604.82	609.64	611.002
299.6	585.61	587.41	588.02	589.11	589.92	590.46	590.8	592.59	595.48	596.04	598.15	600.96	602.82	604.61	608.23	610.097
299.7	585.11	587.16	587.66	589.02	589.79	590.68	590.49	591.98	595.31	595.97	597.62	600.51	602.77	604.18	606.57	608.801
299.8	585.03	586.67	587.48	588.72	589.64	590.74	590.56	591.57	594.35	595.97	597.23	599.98	602.67	603.97	605.92	608.365
299.9	584.86	586.14	587.55	588.29	589.42	590.46	590.81	591.21	593.27	596.09	596.83	599.28	602.31	603.97	605.82	608.443
300	584.43	585.69	587.43	587.93	589.28	590.22	591.08	590.82	592.52	596.16	596.81	598.7	601.75	604	605.41	608.084
300.1	584.04	585.54	587.01	587.68	589.03	590.06	591.26	590.77	591.99	595.33	596.84	598.26	601.15	604	605.16	607.796
300.2	584.14	585.4	586.55	587.66	588.59	589.8	591.04	591.08	591.61	594.04	596.88	597.81	600.43	603.67	605.11	607.476
300.3	584.46	585	586.16	587.64	588.21	589.57	590.69	591.44	591.2	593.14	597.1	597.67	599.8	603.02	605.18	607.007
300.4	584.66	584.54	586	587.31	587.91	589.35	590.5	591.72	591	592.47	596.49	597.74	599.32	602.34	605.32	606.92
300.5	584.88	584.46	585.9	586.9	587.81	588.92	590.23	591.62	591.28	592	595.1	597.81	598.81	601.59	605.04	606.768
300.6	585.19	584.72	585.54	586.55	587.81	588.48	589.89	591.21	591.75	591.61	593.99	598.02	598.56	600.92	604.31	606.222
300.7	585.88	584.94	585.05	586.4	587.59	588.18	589.66	590.94	592.12	591.25	593.17	597.68	598.64	600.4	603.55	605.732
300.8	586.47	585.05	584.82	586.35	587.22	587.99	589.27	590.68	592.17	591.43	592.69	596.58	598.75	599.83	602.77	605.147
300.9	586.21	585.2	584.98	586.06	586.89	587.96	588.77	590.27	591.79	592.01	592.43	595.51	598.94	599.45	602.05	604.63
301	585.17	585.66	585.23	585.56	586.77	587.84	588.45	589.98	591.42	592.47	591.96	594.59	598.8	599.5	601.49	604.459
301.1	584.24	586.22	585.32	585.21	586.77	587.52	588.21	589.61	591.16	592.67	591.89	593.86	597.98	599.66	600.86	603.972
301.2	584.04	586.25	585.33	585.25	586.56	587.21	588.11	589.09	590.73	592.4	592.39	593.41	597.01	599.84	600.36	603.313
301.3	584.05	585.57	585.58	585.5	586.09	587.1	588.05	588.7	590.31	591.93	592.94	592.91	596.06	599.83	600.35	602.94
301.4	583.46	584.72	586.06	585.62	585.65	587.16	587.8	588.45	589.96	591.64	593.3	592.63	595.13	599.27	600.56	602.526
301.5	582.42	584.35	586.24	585.55	585.55	587.05	587.5	588.28	589.44	591.24	593.16	592.91	594.48	598.45	600.74	602.158
301.6	581.68	584.34	585.83	585.59	585.77	586.62	587.39	588.21	588.97	590.69	592.57	593.36	593.92	597.55	600.8	601.835
301.7	581.6	583.99	585.11	585.95	585.95	586.14	587.5	588.05	588.7	590.31	592.17	593.72	593.46	596.47	600.46	601.055
301.8	582.21	583.18	584.62	586.19	585.85	585.91	587.5	587.77	588.48	589.81	591.84	593.81	593.5	595.61	599.83	600.252
301.9	583.03	582.45	584.55	585.99	585.72	586.04	587.14	587.63	588.36	589.25	591.3	593.5	593.83	594.97	599.03	599.605
302	583.48	582.17	584.38	585.44	585.91	586.27	586.64	587.79	588.27	588.96	590.95	593.18	594.14	594.36	597.86	598.598
302.1	583.69	582.44	583.79	584.89	586.15	586.21	586.32	587.9	588.03	588.72	590.51	592.92	594.38	594.16	596.81	597.908
302.2	583.55	583.05	583.11	584.72	586.08	585.94	586.33	587.64	587.86	588.52	589.83	592.38	594.35	594.34	596.07	597.726
302.3	583.09	583.47	582.74	584.67	585.7	585.95	586.56	587.16	588.02	588.45	589.43	591.91	594.14	594.57	595.33	597.414
302.4	582.7	583.65	582.77	584.28	585.18	586.13	586.59	586.76	588.25	588.29	589.18	591.53	593.97	594.87	594.89	597.316
302.5	582.2	583.59	583.18	583.7	584.9	586.12	586.26	586.65	588.11	588.08	588.93	590.86	593.49	595.09	594.89	597.497
302.6	581	583.21	583.57	583.31	584.87	585.88	586.07	586.83	587.67	588.2	588.82	590.25	592.91	595.04	595.02	597.565
302.7	579.49	582.81	583.71	583.18	584.68	585.47	586.17	586.97	587.24	588.54	588.71	589.93	592.56	594.96	595.3	597.755
302.8	578.71	582.44	583.67	583.38	584.24	585.11	586.15	586.64	587.02	588.55	588.47	589.63	591.94	594.6	595.73	597.921
302.9	578.95	581.6	583.35	583.72	583.87	585.04	586	586.27	587.11	588.17	588.52	589.43	591.15	593.93	595.87	597.54
303	580.29	580.31	582.9	583.84	583.65	584.98	585.72	586.24	587.31	587.72	588.95	589.39	590.7	593.55	595.87	597.092
303.1	581.49	579.4	582.56	583.77	583.67	584.7	585.33	586.19	587.07	587.43	589.14	589.21	590.36	593.05	595.69	596.572
303.2	581.81	579.34	582	583.49	583.92	584.39	585.18	586.06	586.56	587.4	588.84	589.13	590.07	592.11	594.98	595.604
303.3	582.04	580.22	580.94	583.01	584.02	584.17	585.21	585.9	586.37	587.61	588.34	589.47	590.05	591.48	594.53	595.091
303.4	582.62	581.34	579.99	582.63	583.91	584.05	585.09	585.57	586.29	587.52	587.95	589.69	589.95	591.12	594.16	594.729
303.5	583.15	581.82	579.74	582.26	583.64	584.17	584.87	585.32	586.11	586.93	587.8	589.51	589.79	590.74	593.13	593.761
303.6	582.45	581.94	580.28	581.44	583.16	584.27	584.68	585.36	586.02	586.56	587.99	589.09	590.01	590.67	592.28	593.056
303.7	580.62	582.34	581.29	580.51	582.71	584.12	584.49	585.38	585.8	586.44	588.09	588.65	590.26	590.67	591.9	592.806
303.8	578.55	582.89	581.91	580.14	582.41	583.82	584.47	585.28	585.49	586.18	587.49	588.38	590.16	590.46	591.43	592.572
303.9	577.84	582.67	582	580.43	581.83	583.35	584.54	585.17	585.47	586.08	586.89	588.42	589.83	590.55	591.26	592.651
304	578.85	581.41	582.19	581.29	580.99	582.82	584.38	584.97	585.6	586	586.66	588.5	589.37	590.82	591.38	592.874
304.1	579.78	579.71	582.67	582	580.54	582.5	584.03	584.82	585.63	585.68	586.36	588.11	589	590.78	591.15	592.755
304.2	580.23	578.72	582.75	582.14	580.67	582.11	583.55	584.83	585.61	585.56	586.26	587.56	588.9	590.54	591.11	592.678
304.3	580.66	579.18	581.92	582.16	581.34	581.43	582.98	584.68	585.47	585.75	586.36	587.33	588.93	590.11	591.4	592.684
304.4	581.35	580.01	580.58	582.47	582.08	580.93	582.57	584.28	585.24	585.91	586.16	587.15	588.69	589.64	591.37	592.475
304.5	582.32	580.43	579.52	582.72	582.34	580.96	582.3	583.78	585.16	585.99	585.92	587.02	588.21	589.43	591.22	592.263
304.6	583.17	580.72	579.56	582.24	582.25	581.45	581.79	583.17	585.02	585.95	586.06	587.11	587.97	589.37	590.86	591.832
304.7	582.94	581.19	580.29	581.24	582.36	582.16	581.29	582.65	584.6	585.7	586.29	586.99	587.89	589.21	590.3	591.208
304.8	581.82	581.91	580.73	580.26	582.63	582.54	581.26	582.41	584.04	585.52	586.45	586.61	587.8	588.83	590	590.734
304.9	581.51	582.64	580.92	580	582.41	582.45	581.63	582.06	583.4	585.39	586.49	586.51	587.87	588.57	589.83	590.476
305	581.62	582.67	581.21	580.57	581.71	582.36	582.24	581.61	582.78	584.97	586.23	586.63	587.84	588.58	589.69	590.455
305.1	581.34	581.82	581.7	581.05	580.92	582.53	582.73	581.53	582.47	584.33	585.88	586.64	587.39	588.55	589.43	590.281
305.2	580.93	581.3	582.27	581.21	580.53	582.5	582.7	581.83	582.25	583.66	585.67	586.56	587.04	588.6	589.16	590.112
305.3	579.82	581.37	582.43	581.36	580.88	582.02	582.46	582.36	581.9	582.97	585.28	586.33	587.03	588.66	589.2	590.351
305.4	578.65	581.26	581.79	581.64	581.38	581.46	582.47	582.88	581.78	582.52	584.61	585.97	586.94	588.23	589.28	590.486
305.5	578.3	580.99	581.12	582.03	581.57	581.09	582.51	582.98	582.06	582.37	583.95	585.78	586.69	587.64	589.32	590.456
305.6	578.03	580.26	581.09	582.2	581.61	581.23	582.21	582.66	582.51	582.13	583.27	585.64	586.44	587.47	589.45	590.711
305.7	577.33	579.22	581.1	581.74	581.71	581.7	581.85	582.46	583.01	582	582.74	585.19	586.08	587.3	589.12	590.547
305.8	576.97	578.75	580.92	580.98	581.92	581.96	581.62	582.49	583.25	582.27	582.62	584.64	585.86	586.87	588.34	589.767
305.9	577.62	578.58	580.52	580.8	582.02	581.95	581.62	582.31	582.95	582.69	582.54	584.13	585.89	586.54	587.95	589.379
306	578.56	578.07	579.66	580.86	581.65	581.91	582.01	582.1	582.56	583.14	582.47	583.73	585.7	586.2	587.75	589.079
306.1	579.46	577.58	579.08	580.77	580.91	581.93	582.35	582.05	582.47	583.48	582.74	583.6	585.27	585.9	587.14	588.26
306.2	579.98	577.85	579	580.62	580.55	581.91	582.35	582.06	582.36	583.3	583.13	583.49	584.9	586.03	586.65	587.714
306.3	579.62	578.59	578.68	579.99	580.58	581.57	582.2	582.33	582.24	582.77	583.45	583.28	584.66	586.13	586.34	587.361
306.4	579.07	579.37	578.19	579.37	580.57	580.87	582.05	582.71	582.35	582.49	583.75	583.29	584.58	585.83	585.95	586.762
306.5	578.63	579.94	578.19	579.31	580.58	580.36	581.9	582.79	582.49	582.39	583.69	583.54	584.48	585.59	586.08	586.725
306.6	578.38	579.84	578.72	579.19	580.21	580.29	581.51	582.58	582.67	582.29	583.1	583.82	584.17	585.51	586.46	587.135
306.7	577.9	579.34	579.39	578.78	579.65	580.33	580.84	582.28	583.03	582.51	582.62	584.04	583.94	585.53	586.32	587.157
306.8	577.31	578.91	579.97	578.6	579.54	580.43	580.23	581.99	583.23	582.86	582.44	583.98	584.01	585.47	586.18	587.107
306.9	577.56	578.65	580.06	578.94	579.58	580.33	580.02	581.51	583.03	583.03	582.34	583.48	584.22	585.12	586.29	587.152
307	578.2	578.2	579.61	579.48	579.33	579.89	580.06	580.82	582.62	583.33	582.65	583.04	584.38	584.69	586.43	587.001
307.1	578.92	577.5	579.16	580.02	579.09	579.73	580.19	580.15	582.19	583.65	583.29	582.9	584.29	584.54	586.46	586.69
307.2	579.71	577.4	578.88	580.25	579.23	579.88	580.32	579.8	581.6	583.52	583.59	582.87	583.85	584.66	586.1	586.257
307.3	580.14	577.91	578.49	579.89	579.64	579.81	580.07	579.76	580.83	583.05	583.77	583.06	583.43	584.76	585.52	585.668
307.4	579.88	578.6	577.75	579.41	580.12	579.61	579.88	579.9	580.1	582.48	584.05	583.52	583.33	584.61	585.15	585.119
307.5	579.42	579.36	577.32	579.1	580.42	579.61	580.1	580.19	579.63	581.79	583.97	583.79	583.38	584.19	585.13	584.908
307.6	578.97	579.88	577.67	578.78	580.18	579.86	580.21	580.15	579.47	580.9	583.5	583.99	583.52	583.79	585.18	584.944
307.7	578.28	579.82	578.33	578.05	579.68	580.27	580.11	580	579.58	580.08	582.85	584.34	583.82	583.72	584.97	585.026
307.8	577.95	579.52	579.07	577.35	579.31	580.59	580.05	580.23	579.95	579.52	582.1	584.34	584.03	583.85	584.52	585.073
307.9	577.53	579.26	579.67	577.45	579.05	580.47	580.16	580.5	580.14	579.21	581.06	583.85	584.2	583.99	584.13	585.33
308	576.8	578.78	579.75	578.06	578.39	579.97	580.45	580.55	580.09	579.24	580.1	583.19	584.61	584.17	584.07	585.904
308.1	577.06	578.38	579.53	578.79	577.51	579.54	580.76	580.52	580.31	579.62	579.5	582.48	584.72	584.29	584.27	586.457
308.2	578.24	578.03	579.42	579.46	577.3	579.29	580.74	580.52	580.7	580.02	579.15	581.64	584.23	584.41	584.47	586.803
308.3	579.23	577.35	579.17	579.67	577.79	578.74	580.29	580.68	580.92	580.12	579.14	580.85	583.54	584.84	584.57	587.043
308.4	579.9	577.2	578.76	579.49	578.53	577.78	579.79	580.96	580.98	580.33	579.49	580.22	582.85	585.09	584.6	586.977
308.5	579.87	578.04	578.46	579.46	579.24	577.25	579.51	581	580.94	580.82	580.05	579.79	582.14	584.62	584.64	586.451
308.6	578.86	578.96	577.87	579.44	579.56	577.56	579.09	580.62	580.97	581.19	580.31	579.78	581.53	583.88	585.04	586.176
308.7	578.23	579.56	577.45	579.11	579.43	578.26	578.14	580.06	581.18	581.4	580.56	580.16	580.95	583.2	585.44	585.902
308.8	578.38	579.71	577.96	578.83	579.43	579.01	577.31	579.72	581.27	581.41	581.12	580.77	580.44	582.56	585.03	584.867
308.9	577.68	578.99	578.82	578.37	579.59	579.44	577.36	579.41	580.95	581.31	581.62	581.19	580.39	582.12	584.23	583.755
309	576.22	578.21	579.35	577.78	579.44	579.38	577.99	578.53	580.37	581.43	581.93	581.32	580.8	581.68	583.55	582.936
309.1	575.31	578.2	579.57	577.98	579.18	579.35	578.76	577.5	579.94	581.54	581.96	581.53	581.46	581.1	582.93	582.249
309.2	574.93	577.89	579.11	578.74	578.81	579.63	579.3	577.23	579.68	581.28	581.67	581.77	582.03	580.97	582.62	582.142
309.3	575.48	576.73	578.23	579.23	578.2	579.7	579.33	577.73	578.95	580.72	581.58	581.89	582.17	581.42	582.37	582.219
