0	0	0.1	0.2	0.3	0.4	0.5	0.6	0.7	0.8	0.9	1	1.1	1.2	1.3	1.4	1.5
264.6	0	-0.03463	-0.10277	-0.16951	-0.2359	-0.30235	-0.36869	-0.43483	-0.5007	-0.5662	-0.63128	-0.69578	-0.75979	-0.82342	-0.88661	-0.94928
264.7	0.23085	0.19609	0.1271	0.059504	-0.007164	-0.073867	-0.14043	-0.20677	-0.27286	-0.33861	-0.40397	-0.46871	-0.53291	-0.59672	-0.66012	-0.72301
264.8	0.46101	0.42612	0.35693	0.28913	0.22219	0.15523	0.088444	0.021896	-0.044416	-0.11042	-0.17605	-0.24104	-0.30544	-0.36943	-0.43304	-0.49615
264.9	0.69078	0.65576	0.58629	0.5182	0.45099	0.38377	0.31675	0.24999	0.18346	0.11721	0.051305	-0.013943	-0.07855	-0.14273	-0.20654	-0.26986
265	0.92041	0.88526	0.81551	0.74714	0.67966	0.61218	0.54493	0.47796	0.4112	0.34471	0.27854	0.21302	0.1482	0.083831	0.019829	-0.04371
265.1	1.1501	1.1149	1.0448	0.97619	0.90845	0.84071	0.77322	0.70603	0.63906	0.57233	0.50589	0.44012	0.37507	0.3105	0.24631	0.18256
265.2	1.3801	1.3447	1.2744	1.2054	1.1374	1.0694	1.0017	0.93431	0.86711	0.80015	0.73346	0.66742	0.60214	0.53737	0.47297	0.40902
265.3	1.61	1.5744	1.5039	1.4346	1.3664	1.2981	1.2302	1.1625	1.0951	1.0279	0.96098	0.89468	0.82916	0.76419	0.69959	0.63542
265.4	1.84	1.8043	1.7334	1.664	1.5955	1.527	1.4587	1.3909	1.3232	1.2558	1.1886	1.1221	1.0563	0.99113	0.92633	0.86196
265.5	2.0703	2.0345	1.9634	1.8936	1.8249	1.7561	1.6877	1.6196	1.5517	1.4841	1.4166	1.3498	1.2838	1.2184	1.1534	1.0888
265.6	2.301	2.2651	2.1937	2.1236	2.0547	1.9857	1.9169	1.8486	1.7805	1.7126	1.645	1.5779	1.5117	1.446	1.3808	1.316
265.7	2.532	2.496	2.4243	2.354	2.2848	2.2155	2.1465	2.0779	2.0096	1.9415	1.8736	1.8064	1.7399	1.674	1.6086	1.5436
265.8	2.7633	2.7271	2.6551	2.5845	2.5151	2.4456	2.3764	2.3075	2.2389	2.1706	2.1025	2.035	1.9683	1.9022	1.8366	1.7713
265.9	2.9943	2.958	2.8858	2.8149	2.7452	2.6755	2.606	2.5369	2.468	2.3995	2.3312	2.2634	2.1965	2.1302	2.0643	1.9989
266	3.2252	3.1888	3.1163	3.0451	2.9752	2.9052	2.8354	2.766	2.697	2.6282	2.5597	2.4917	2.4245	2.3579	2.2919	2.2262
266.1	3.4563	3.4197	3.3469	3.2754	3.2053	3.1351	3.065	2.9953	2.926	2.857	2.7883	2.72	2.6526	2.5858	2.5195	2.4536
266.2	3.6874	3.6507	3.5776	3.5059	3.4354	3.365	3.2947	3.2247	3.1551	3.0859	3.0169	2.9485	2.8808	2.8137	2.7472	2.6811
266.3	3.9187	3.8819	3.8085	3.7365	3.6658	3.5951	3.5245	3.4542	3.3843	3.3149	3.2457	3.177	3.1091	3.0418	2.9751	2.9088
266.4	4.1503	4.1133	4.0397	3.9674	3.8965	3.8255	3.7546	3.684	3.6139	3.5442	3.4748	3.4059	3.3376	3.2701	3.2031	3.1366
266.5	4.382	4.3448	4.2709	4.1983	4.1271	4.0559	3.9846	3.9138	3.8433	3.7733	3.7038	3.6346	3.5661	3.4983	3.4311	3.3644
266.6	4.6135	4.5763	4.502	4.4292	4.3576	4.2862	4.2146	4.1435	4.0727	4.0025	3.9327	3.8633	3.7945	3.7265	3.659	3.592
266.7	4.8454	4.808	4.7335	4.6603	4.5885	4.5167	4.4449	4.3734	4.3023	4.2318	4.1617	4.0921	4.0231	3.9548	3.887	3.8198
266.8	5.0773	5.0398	4.965	4.8915	4.8193	4.7472	4.6751	4.6033	4.5319	4.4611	4.3908	4.321	4.2517	4.183	4.1151	4.0476
266.9	5.3093	5.2716	5.1965	5.1227	5.0502	4.9778	4.9053	4.8331	4.7614	4.6904	4.6198	4.5497	4.4802	4.4113	4.343	4.2753
267	5.5412	5.5033	5.4279	5.3538	5.2809	5.2082	5.1354	5.0629	4.9909	4.9195	4.8487	4.7784	4.7085	4.6393	4.5708	4.5029
267.1	5.7729	5.7349	5.6592	5.5847	5.5115	5.4385	5.3653	5.2925	5.2201	5.1484	5.0774	5.0068	4.9367	4.8672	4.7984	4.7302
267.2	6.0048	5.9666	5.8906	5.8158	5.7423	5.6689	5.5955	5.5223	5.4495	5.3775	5.3062	5.2354	5.165	5.0952	5.0261	4.9577
267.3	6.2374	6.199	6.1227	6.0476	5.9737	5.9	5.8262	5.7526	5.6796	5.6072	5.5356	5.4645	5.3939	5.3238	5.2544	5.1857
267.4	6.4703	6.4318	6.3552	6.2798	6.2055	6.1314	6.0573	5.9834	5.91	5.8373	5.7654	5.6941	5.6231	5.5528	5.4831	5.4142
267.5	6.7034	6.6648	6.5879	6.5121	6.4375	6.363	6.2885	6.2143	6.1405	6.0675	5.9954	5.9237	5.8525	5.7819	5.7119	5.6427
267.6	6.9367	6.8979	6.8207	6.7446	6.6696	6.5948	6.5199	6.4454	6.3712	6.2979	6.2254	6.1535	6.082	6.0111	5.9409	5.8714
267.7	7.1701	7.1312	7.0536	6.9772	6.9019	6.8266	6.7515	6.6766	6.6021	6.5285	6.4557	6.3835	6.3117	6.2405	6.17	6.1002
267.8	7.4038	7.3647	7.2868	7.2101	7.1344	7.0588	6.9833	6.9081	6.8333	6.7593	6.6862	6.6137	6.5417	6.4702	6.3994	6.3293
267.9	7.6378	7.5985	7.5203	7.4433	7.3672	7.2912	7.2153	7.1398	7.0647	6.9903	6.9169	6.8442	6.7718	6.7001	6.629	6.5587
268	7.8715	7.832	7.7535	7.6762	7.5997	7.5234	7.4472	7.3713	7.2959	7.2212	7.1474	7.0744	7.0018	6.9298	6.8584	6.7878
268.1	8.105	8.0654	7.9865	7.9088	7.832	7.7553	7.6788	7.6026	7.5269	7.4519	7.3778	7.3044	7.2316	7.1592	7.0876	7.0167
268.2	8.3386	8.2988	8.2196	8.1415	8.0644	7.9873	7.9104	7.8339	7.7579	7.6826	7.6082	7.5345	7.4614	7.3888	7.3168	7.2457
268.3	8.5725	8.5325	8.453	8.3746	8.2971	8.2196	8.1424	8.0656	7.9892	7.9136	7.8389	7.7649	7.6916	7.6187	7.5464	7.4749
268.4	8.8067	8.7666	8.6866	8.6079	8.53	8.4523	8.3747	8.2975	8.2209	8.145	8.0699	7.9956	7.922	7.8489	7.7763	7.7046
268.5	9.0412	9.0008	8.9205	8.8414	8.7632	8.6851	8.6072	8.5297	8.4528	8.3765	8.3011	8.2266	8.1527	8.0793	8.0065	7.9344
268.6	9.2757	9.2352	9.1545	9.075	8.9965	8.918	8.8397	8.762	8.6847	8.6081	8.5324	8.4576	8.3834	8.3098	8.2367	8.1644
268.7	9.5106	9.4699	9.3889	9.309	9.2301	9.1513	9.0727	8.9946	8.917	8.8402	8.7641	8.689	8.6146	8.5407	8.4674	8.3947
268.8	9.7461	9.7052	9.6238	9.5436	9.4643	9.3851	9.3062	9.2278	9.1499	9.0727	8.9964	8.9209	8.8463	8.7722	8.6986	8.6257
268.9	9.9816	9.9406	9.8588	9.7782	9.6986	9.619	9.5398	9.4611	9.3829	9.3055	9.2288	9.153	9.0781	9.0037	8.9299	8.8567
269	10.217	10.176	10.094	10.013	9.9327	9.8529	9.7733	9.6943	9.6158	9.538	9.461	9.3849	9.3097	9.2352	9.1611	9.0877
269.1	10.452	10.411	10.328	10.247	10.166	10.085	10.005	9.926	9.8472	9.7691	9.6918	9.6154	9.5399	9.4651	9.3908	9.3171
269.2	10.687	10.645	10.563	10.481	10.399	10.317	10.237	10.158	10.079	10	9.9224	9.8457	9.7699	9.6949	9.6204	9.5464
269.3	10.922	10.881	10.797	10.715	10.633	10.551	10.471	10.391	10.311	10.233	10.155	10.078	10.001	9.9261	9.8514	9.7772
269.4	11.158	11.116	11.032	10.95	10.867	10.785	10.704	10.624	10.544	10.465	10.387	10.31	10.233	10.158	10.083	10.008
269.5	11.394	11.352	11.268	11.185	11.102	11.019	10.938	10.857	10.777	10.698	10.619	10.542	10.465	10.389	10.314	10.239
269.6	11.629	11.587	11.503	11.419	11.336	11.253	11.172	11.091	11.01	10.931	10.852	10.774	10.697	10.62	10.545	10.47
269.7	11.865	11.823	11.738	11.654	11.571	11.487	11.405	11.324	11.243	11.163	11.084	11.006	10.928	10.852	10.776	10.701
269.8	12.102	12.059	11.974	11.89	11.806	11.722	11.64	11.558	11.477	11.397	11.317	11.239	11.161	11.084	11.008	10.933
269.9	12.339	12.296	12.21	12.126	12.042	11.958	11.875	11.793	11.712	11.631	11.551	11.472	11.394	11.317	11.24	11.165
270	12.577	12.533	12.447	12.362	12.278	12.193	12.11	12.028	11.946	11.865	11.785	11.705	11.627	11.55	11.473	11.397
270.1	12.814	12.77	12.684	12.599	12.513	12.429	12.345	12.263	12.181	12.099	12.019	11.939	11.86	11.782	11.705	11.629
270.2	13.051	13.007	12.92	12.835	12.749	12.664	12.58	12.497	12.415	12.333	12.252	12.172	12.093	12.015	11.937	11.861
270.3	13.288	13.245	13.157	13.071	12.985	12.9	12.816	12.732	12.649	12.567	12.486	12.405	12.326	12.247	12.17	12.093
270.4	13.526	13.482	13.394	13.308	13.222	13.136	13.051	12.967	12.884	12.802	12.72	12.639	12.559	12.48	12.402	12.325
270.5	13.764	13.72	13.631	13.544	13.458	13.371	13.286	13.202	13.119	13.036	12.954	12.872	12.792	12.713	12.635	12.557
270.6	14.001	13.957	13.868	13.781	13.694	13.607	13.522	13.437	13.353	13.27	13.187	13.106	13.025	12.945	12.867	12.789
270.7	14.239	14.194	14.105	14.017	13.93	13.843	13.757	13.672	13.588	13.504	13.421	13.339	13.258	13.178	13.099	13.021
270.8	14.477	14.432	14.343	14.254	14.167	14.079	13.993	13.907	13.823	13.739	13.655	13.573	13.491	13.411	13.332	13.254
270.9	14.716	14.671	14.581	14.492	14.404	14.316	14.229	14.143	14.058	13.974	13.89	13.807	13.725	13.645	13.565	13.486
271	14.955	14.91	14.819	14.73	14.641	14.553	14.466	14.379	14.294	14.209	14.125	14.042	13.96	13.878	13.798	13.72
271.1	15.195	15.149	15.058	14.968	14.879	14.79	14.703	14.616	14.53	14.444	14.36	14.276	14.194	14.112	14.032	13.953
271.2	15.434	15.388	15.296	15.206	15.116	15.027	14.939	14.852	14.766	14.68	14.595	14.511	14.428	14.346	14.266	14.186
271.3	15.674	15.627	15.535	15.445	15.354	15.265	15.176	15.089	15.002	14.915	14.83	14.746	14.663	14.581	14.499	14.419
271.4	15.914	15.867	15.775	15.683	15.593	15.502	15.413	15.325	15.237	15.151	15.065	14.981	14.897	14.814	14.733	14.653
271.5	16.154	16.107	16.014	15.922	15.831	15.74	15.651	15.562	15.474	15.387	15.301	15.216	15.132	15.049	14.967	14.886
271.6	16.394	16.347	16.254	16.161	16.07	15.978	15.888	15.799	15.711	15.623	15.537	15.452	15.367	15.284	15.202	15.12
271.7	16.635	16.588	16.494	16.401	16.309	16.217	16.126	16.036	15.948	15.86	15.773	15.688	15.603	15.519	15.437	15.355
271.8	16.876	16.828	16.734	16.64	16.548	16.455	16.364	16.274	16.185	16.097	16.01	15.924	15.839	15.755	15.672	15.59
271.9	17.117	17.069	16.974	16.88	16.787	16.694	16.603	16.512	16.422	16.334	16.246	16.16	16.075	15.99	15.907	15.824
272	17.358	17.31	17.215	17.121	17.027	16.933	16.841	16.75	16.66	16.571	16.483	16.397	16.311	16.226	16.142	16.06
272.1	17.6	17.552	17.456	17.361	17.266	17.173	17.08	16.988	16.898	16.809	16.72	16.633	16.547	16.462	16.378	16.295
272.2	17.841	17.793	17.697	17.601	17.506	17.412	17.319	17.227	17.136	17.046	16.958	16.87	16.783	16.698	16.613	16.53
272.3	18.083	18.035	17.938	17.842	17.746	17.651	17.558	17.465	17.374	17.284	17.195	17.107	17.02	16.934	16.849	16.765
272.4	18.325	18.276	18.178	18.082	17.986	17.89	17.796	17.703	17.611	17.521	17.431	17.343	17.256	17.169	17.084	17
272.5	18.566	18.517	18.419	18.322	18.225	18.129	18.035	17.941	17.849	17.758	17.668	17.579	17.491	17.405	17.319	17.234
272.6	18.808	18.758	18.659	18.562	18.465	18.368	18.273	18.179	18.086	17.995	17.905	17.816	17.727	17.64	17.554	17.469
272.7	19.05	19	18.9	18.802	18.705	18.608	18.512	18.417	18.324	18.232	18.142	18.052	17.964	17.876	17.79	17.704
272.8	19.292	19.242	19.142	19.043	18.945	18.848	18.751	18.656	18.562	18.47	18.379	18.289	18.2	18.112	18.025	17.94
272.9	19.535	19.485	19.384	19.285	19.186	19.088	18.991	18.895	18.801	18.708	18.616	18.526	18.437	18.348	18.261	18.175
273	19.778	19.727	19.626	19.526	19.427	19.328	19.231	19.135	19.04	18.946	18.854	18.763	18.674	18.585	18.497	18.411
273.1	20.021	19.97	19.869	19.768	19.668	19.569	19.471	19.374	19.279	19.185	19.093	19.001	18.911	18.822	18.734	18.647
273.2	20.266	20.214	20.112	20.011	19.91	19.811	19.712	19.615	19.519	19.425	19.332	19.24	19.149	19.06	18.971	18.884
273.3	20.51	20.459	20.356	20.254	20.153	20.053	19.954	19.856	19.76	19.665	19.571	19.479	19.388	19.298	19.209	19.122
273.4	20.756	20.704	20.6	20.498	20.396	20.295	20.196	20.098	20.001	19.905	19.811	19.719	19.627	19.537	19.448	19.36
273.5	21.002	20.95	20.845	20.742	20.64	20.538	20.438	20.34	20.242	20.146	20.052	19.959	19.867	19.776	19.686	19.598
273.6	21.248	21.195	21.09	20.987	20.884	20.781	20.681	20.582	20.484	20.387	20.292	20.199	20.106	20.015	19.925	19.836
273.7	21.493	21.441	21.335	21.231	21.127	21.024	20.923	20.823	20.725	20.628	20.533	20.438	20.346	20.254	20.163	20.074
273.8	21.74	21.687	21.58	21.475	21.371	21.268	21.166	21.066	20.967	20.869	20.773	20.679	20.585	20.493	20.402	20.312
273.9	21.987	21.933	21.826	21.721	21.616	21.512	21.409	21.308	21.209	21.111	21.014	20.919	20.825	20.733	20.641	20.551
274	22.234	22.18	22.072	21.966	21.86	21.756	21.653	21.551	21.451	21.353	21.255	21.16	21.066	20.973	20.881	20.79
274.1	22.481	22.427	22.319	22.212	22.105	22	21.896	21.794	21.694	21.595	21.497	21.401	21.306	21.212	21.12	21.029
274.2	22.728	22.674	22.565	22.457	22.35	22.244	22.14	22.037	21.936	21.836	21.738	21.641	21.546	21.452	21.36	21.268
274.3	22.976	22.921	22.811	22.703	22.595	22.489	22.384	22.28	22.179	22.078	21.98	21.882	21.787	21.692	21.599	21.507
274.4	23.224	23.169	23.058	22.949	22.841	22.734	22.628	22.524	22.422	22.321	22.222	22.124	22.027	21.933	21.839	21.746
274.5	23.472	23.417	23.306	23.196	23.087	22.979	22.873	22.768	22.665	22.564	22.464	22.366	22.269	22.173	22.079	21.986
274.6	23.721	23.665	23.554	23.443	23.334	23.225	23.118	23.013	22.909	22.807	22.707	22.608	22.51	22.415	22.32	22.227
274.7	23.97	23.914	23.802	23.691	23.58	23.471	23.363	23.257	23.153	23.05	22.949	22.85	22.752	22.656	22.561	22.467
274.8	24.22	24.163	24.05	23.938	23.827	23.717	23.608	23.502	23.397	23.294	23.192	23.092	22.994	22.897	22.801	22.707
274.9	24.469	24.412	24.298	24.185	24.074	23.963	23.854	23.746	23.641	23.537	23.435	23.335	23.235	23.138	23.042	22.947
275	24.719	24.661	24.547	24.433	24.321	24.209	24.1	23.992	23.886	23.781	23.679	23.577	23.478	23.38	23.283	23.188
275.1	24.969	24.911	24.796	24.682	24.569	24.456	24.346	24.237	24.131	24.026	23.922	23.821	23.72	23.622	23.525	23.429
275.2	25.22	25.162	25.045	24.93	24.817	24.704	24.593	24.483	24.376	24.27	24.167	24.064	23.963	23.864	23.767	23.671
275.3	25.471	25.412	25.295	25.18	25.065	24.952	24.84	24.73	24.622	24.516	24.411	24.308	24.207	24.107	24.009	23.913
275.4	25.723	25.664	25.546	25.429	25.314	25.2	25.087	24.977	24.868	24.761	24.656	24.553	24.451	24.35	24.252	24.155
275.5	25.975	25.915	25.797	25.679	25.563	25.448	25.335	25.224	25.115	25.007	24.901	24.797	24.695	24.594	24.495	24.397
275.6	26.228	26.168	26.048	25.93	25.813	25.697	25.584	25.472	25.361	25.253	25.147	25.042	24.939	24.838	24.738	24.64
275.7	26.481	26.421	26.3	26.181	26.063	25.947	25.833	25.72	25.609	25.5	25.393	25.288	25.184	25.082	24.982	24.884
275.8	26.735	26.674	26.552	26.433	26.314	26.197	26.082	25.968	25.857	25.747	25.64	25.534	25.43	25.327	25.226	25.127
275.9	26.989	26.928	26.805	26.685	26.565	26.447	26.332	26.217	26.105	25.995	25.887	25.78	25.675	25.572	25.471	25.371
276	27.244	27.182	27.059	26.937	26.817	26.698	26.582	26.467	26.354	26.243	26.134	26.027	25.921	25.818	25.716	25.616
276.1	27.499	27.437	27.312	27.19	27.069	26.949	26.832	26.716	26.603	26.491	26.381	26.273	26.168	26.063	25.961	25.86
276.2	27.754	27.692	27.566	27.443	27.321	27.201	27.082	26.966	26.852	26.739	26.629	26.52	26.414	26.309	26.206	26.105
276.3	28.01	27.947	27.821	27.696	27.573	27.452	27.333	27.216	27.101	26.988	26.877	26.768	26.66	26.555	26.452	26.35
276.4	28.266	28.202	28.075	27.95	27.826	27.704	27.584	27.466	27.35	27.236	27.125	27.015	26.907	26.801	26.697	26.594
276.5	28.523	28.458	28.33	28.204	28.079	27.956	27.836	27.717	27.6	27.486	27.373	27.263	27.154	27.048	26.943	26.84
276.6	28.78	28.715	28.586	28.459	28.333	28.209	28.088	27.968	27.851	27.735	27.622	27.511	27.402	27.295	27.189	27.086
276.7	29.038	28.973	28.843	28.715	28.588	28.463	28.341	28.22	28.102	27.986	27.872	27.76	27.651	27.543	27.437	27.332
276.8	29.298	29.232	29.101	28.971	28.844	28.718	28.595	28.473	28.354	28.238	28.123	28.011	27.9	27.792	27.685	27.58
276.9	29.558	29.492	29.36	29.229	29.1	28.974	28.85	28.727	28.608	28.49	28.375	28.262	28.15	28.041	27.934	27.828
277	29.819	29.753	29.619	29.488	29.358	29.23	29.105	28.982	28.861	28.743	28.627	28.513	28.401	28.292	28.184	28.078
277.1	30.081	30.014	29.879	29.747	29.616	29.487	29.361	29.237	29.116	28.997	28.88	28.765	28.653	28.542	28.434	28.327
277.2	30.344	30.276	30.14	30.006	29.875	29.745	29.618	29.493	29.371	29.251	29.133	29.018	28.905	28.794	28.684	28.577
277.3	30.607	30.538	30.401	30.266	30.133	30.003	29.875	29.749	29.626	29.505	29.387	29.271	29.157	29.045	28.935	28.827
277.4	30.87	30.801	30.663	30.527	30.393	30.261	30.132	30.005	29.881	29.759	29.64	29.524	29.409	29.296	29.186	29.077
277.5	31.134	31.064	30.925	30.787	30.652	30.519	30.389	30.261	30.136	30.014	29.894	29.777	29.661	29.548	29.437	29.327
277.6	31.397	31.327	31.186	31.048	30.911	30.777	30.646	30.518	30.392	30.268	30.148	30.03	29.913	29.799	29.688	29.578
277.7	31.661	31.59	31.449	31.309	31.171	31.036	30.904	30.774	30.647	30.523	30.402	30.283	30.166	30.051	29.938	29.828
277.8	31.926	31.855	31.711	31.57	31.431	31.295	31.162	31.031	30.904	30.778	30.656	30.536	30.419	30.303	30.19	30.079
277.9	32.192	32.12	31.975	31.833	31.693	31.555	31.421	31.289	31.161	31.035	30.912	30.791	30.672	30.556	30.442	30.33
278	32.459	32.386	32.24	32.097	31.955	31.816	31.681	31.548	31.419	31.292	31.168	31.046	30.927	30.81	30.695	30.583
278.1	32.727	32.653	32.506	32.361	32.218	32.078	31.942	31.808	31.677	31.549	31.424	31.302	31.182	31.064	30.949	30.836
278.2	32.996	32.921	32.772	32.626	32.482	32.341	32.203	32.068	31.936	31.808	31.682	31.559	31.438	31.319	31.203	31.089
278.3	33.265	33.19	33.04	32.892	32.747	32.604	32.465	32.329	32.197	32.067	31.94	31.816	31.695	31.575	31.458	31.344
278.4	33.537	33.46	33.309	33.16	33.013	32.869	32.729	32.592	32.458	32.328	32.2	32.075	31.953	31.832	31.715	31.599
278.5	33.809	33.732	33.579	33.429	33.281	33.136	32.994	32.856	32.721	32.59	32.461	32.335	32.212	32.091	31.972	31.856
278.6	34.083	34.005	33.851	33.699	33.549	33.403	33.26	33.121	32.985	32.852	32.723	32.596	32.472	32.35	32.23	32.114
278.7	34.358	34.279	34.123	33.969	33.818	33.671	33.527	33.386	33.249	33.116	32.985	32.857	32.732	32.61	32.489	32.372
278.8	34.633	34.553	34.395	34.24	34.088	33.939	33.794	33.652	33.514	33.38	33.248	33.119	32.993	32.87	32.749	32.63
278.9	34.91	34.829	34.669	34.513	34.359	34.209	34.062	33.92	33.78	33.644	33.512	33.382	33.255	33.131	33.009	32.89
279	35.188	35.106	34.945	34.787	34.631	34.48	34.332	34.188	34.048	33.911	33.777	33.646	33.519	33.393	33.271	33.15
279.1	35.467	35.385	35.221	35.062	34.905	34.752	34.603	34.457	34.316	34.178	34.043	33.911	33.783	33.657	33.533	33.412
279.2	35.748	35.665	35.499	35.338	35.18	35.025	34.874	34.728	34.585	34.446	34.31	34.178	34.048	33.921	33.797	33.675
279.3	36.03	35.946	35.779	35.615	35.456	35.299	35.148	35	34.856	34.716	34.579	34.445	34.314	34.187	34.061	33.939
279.4	36.314	36.229	36.06	35.895	35.734	35.576	35.423	35.273	35.128	34.987	34.849	34.714	34.582	34.454	34.328	34.204
279.5	36.6	36.514	36.343	36.176	36.013	35.854	35.699	35.549	35.403	35.26	35.121	34.985	34.852	34.722	34.595	34.471
279.6	36.889	36.801	36.628	36.46	36.295	36.134	35.978	35.826	35.678	35.534	35.394	35.257	35.123	34.993	34.865	34.74
279.7	37.179	37.09	36.915	36.744	36.578	36.415	36.258	36.105	35.956	35.81	35.669	35.531	35.396	35.265	35.136	35.01
279.8	37.47	37.381	37.204	37.031	36.863	36.698	36.539	36.385	36.234	36.088	35.945	35.806	35.67	35.538	35.408	35.281
279.9	37.764	37.673	37.494	37.319	37.149	36.983	36.822	36.666	36.514	36.367	36.223	36.082	35.946	35.812	35.682	35.554
280	38.059	37.968	37.786	37.609	37.437	37.27	37.107	36.95	36.796	36.647	36.502	36.361	36.223	36.089	35.957	35.828
280.1	38.357	38.264	38.081	37.902	37.727	37.558	37.394	37.235	37.081	36.93	36.784	36.641	36.502	36.367	36.234	36.105
280.2	38.658	38.564	38.378	38.197	38.021	37.85	37.684	37.523	37.367	37.216	37.068	36.924	36.784	36.648	36.514	36.384
280.3	38.962	38.867	38.678	38.495	38.316	38.144	37.976	37.814	37.656	37.503	37.355	37.21	37.068	36.931	36.796	36.665
280.4	39.269	39.172	38.981	38.796	38.615	38.441	38.272	38.108	37.949	37.794	37.644	37.498	37.356	37.217	37.081	36.949
280.5	39.579	39.482	39.288	39.1	38.918	38.741	38.57	38.405	38.244	38.088	37.937	37.789	37.646	37.506	37.37	37.236
280.6	39.894	39.795	39.599	39.408	39.224	39.045	38.872	38.705	38.543	38.385	38.233	38.084	37.939	37.798	37.661	37.526
280.7	40.212	40.112	39.913	39.72	39.533	39.353	39.178	39.009	38.845	38.686	38.532	38.382	38.236	38.094	37.956	37.82
280.8	40.535	40.434	40.232	40.036	39.847	39.664	39.488	39.317	39.151	38.991	38.835	38.684	38.537	38.394	38.254	38.118
280.9	40.863	40.759	40.555	40.356	40.165	39.98	39.801	39.628	39.461	39.299	39.142	38.99	38.841	38.697	38.556	38.419
281	41.195	41.09	40.882	40.681	40.487	40.3	40.119	39.944	39.775	39.612	39.453	39.3	39.15	39.004	38.862	38.724
281.1	41.532	41.425	41.214	41.01	40.814	40.624	40.442	40.265	40.094	39.929	39.769	39.614	39.463	39.316	39.173	39.033
281.2	41.875	41.766	41.552	41.345	41.146	40.954	40.769	40.59	40.418	40.251	40.09	39.933	39.781	39.632	39.488	39.348
281.3	42.224	42.114	41.895	41.686	41.484	41.289	41.102	40.922	40.747	40.579	40.416	40.258	40.104	39.954	39.809	39.667
281.4	42.581	42.468	42.246	42.033	41.828	41.631	41.442	41.259	41.083	40.913	40.748	40.589	40.434	40.283	40.136	39.993
281.5	42.945	42.83	42.604	42.388	42.18	41.98	41.789	41.604	41.426	41.253	41.087	40.926	40.77	40.618	40.47	40.326
281.6	43.318	43.2	42.969	42.75	42.539	42.337	42.143	41.956	41.775	41.601	41.433	41.271	41.113	40.96	40.81	40.665
281.7	43.698	43.578	43.343	43.119	42.905	42.7	42.504	42.314	42.132	41.956	41.787	41.623	41.463	41.308	41.158	41.011
281.8	44.086	43.963	43.723	43.495	43.278	43.07	42.871	42.68	42.495	42.318	42.146	41.98	41.82	41.663	41.512	41.364
281.9	44.482	44.356	44.111	43.879	43.659	43.448	43.246	43.052	42.865	42.686	42.512	42.345	42.183	42.025	41.872	41.723
282	44.887	44.758	44.506	44.27	44.046	43.832	43.628	43.431	43.243	43.061	42.886	42.717	42.553	42.393	42.239	42.089
282.1	45.3	45.167	44.909	44.668	44.441	44.223	44.016	43.817	43.627	43.443	43.266	43.095	42.929	42.769	42.613	42.461
282.2	45.722	45.585	45.32	45.074	44.842	44.622	44.412	44.21	44.017	43.831	43.652	43.48	43.312	43.15	42.993	42.84
282.3	46.152	46.011	45.739	45.487	45.251	45.027	44.814	44.61	44.414	44.226	44.046	43.871	43.702	43.538	43.38	43.225
282.4	46.591	46.445	46.165	45.907	45.667	45.439	45.223	45.016	44.818	44.628	44.445	44.269	44.098	43.933	43.772	43.617
282.5	47.04	46.89	46.602	46.338	46.092	45.861	45.641	45.432	45.231	45.039	44.854	44.676	44.503	44.336	44.174	44.017
282.6	47.499	47.336	47.032	46.761	46.51	46.274	46.051	45.839	45.636	45.441	45.254	45.074	44.9	44.731	44.568	44.409
282.7	47.968	47.786	47.459	47.18	46.924	46.684	46.457	46.242	46.036	45.839	45.65	45.468	45.292	45.121	44.956	44.797
282.8	48.446	48.253	47.91	47.623	47.361	47.116	46.886	46.667	46.459	46.259	46.068	45.884	45.706	45.534	45.367	45.206
282.9	48.931	48.732	48.376	48.08	47.811	47.562	47.328	47.106	46.895	46.693	46.499	46.312	46.133	45.959	45.791	45.628
283	49.424	49.216	48.846	48.54	48.264	48.01	47.771	47.546	47.332	47.127	46.931	46.743	46.561	46.385	46.215	46.051
283.1	49.923	49.706	49.32	49.004	48.721	48.46	48.217	47.989	47.771	47.564	47.365	47.175	46.991	46.813	46.642	46.476
283.2	50.428	50.201	49.798	49.471	49.179	48.912	48.665	48.432	48.212	48.002	47.801	47.608	47.422	47.242	47.069	46.901
283.3	50.938	50.7	50.279	49.939	49.639	49.365	49.113	48.876	48.652	48.439	48.235	48.04	47.852	47.671	47.496	47.326
283.4	51.452	51.202	50.761	50.408	50.097	49.817	49.559	49.318	49.09	48.874	48.668	48.47	48.28	48.097	47.92	47.748
283.5	51.968	51.705	51.243	50.875	50.554	50.266	50.002	49.757	49.525	49.306	49.097	48.897	48.704	48.519	48.34	48.167
283.6	52.486	52.209	51.725	51.342	51.01	50.713	50.443	50.192	49.957	49.735	49.523	49.32	49.125	48.938	48.757	48.582
283.7	53.005	52.714	52.201	51.796	51.451	51.145	50.869	50.613	50.374	50.148	49.933	49.727	49.53	49.34	49.157	48.981
283.8	53.525	53.218	52.672	52.242	51.884	51.568	51.284	51.023	50.779	50.549	50.331	50.123	49.923	49.731	49.546	49.368
283.9	54.046	53.722	53.145	52.693	52.321	51.994	51.703	51.435	51.187	50.953	50.732	50.521	50.319	50.125	49.937	49.757
284	54.564	54.223	53.616	53.142	52.754	52.417	52.116	51.843	51.589	51.352	51.127	50.913	50.708	50.511	50.322	50.139
284.1	55.082	54.722	54.082	53.585	53.18	52.83	52.52	52.24	51.981	51.74	51.511	51.294	51.087	50.887	50.696	50.511
284.2	55.596	55.217	54.543	54.02	53.597	53.234	52.915	52.627	52.363	52.116	51.884	51.664	51.454	51.252	51.058	50.871
284.3	56.108	55.709	54.999	54.449	54.008	53.63	53.3	53.005	52.734	52.483	52.247	52.024	51.811	51.606	51.41	51.221
284.4	56.615	56.195	55.448	54.864	54.396	54.003	53.662	53.358	53.081	52.825	52.585	52.358	52.142	51.935	51.736	51.545
284.5	57.117	56.676	55.889	55.269	54.772	54.362	54.009	53.696	53.412	53.151	52.906	52.676	52.456	52.247	52.045	51.852
284.6	57.612	57.149	56.322	55.669	55.148	54.72	54.354	54.031	53.74	53.473	53.224	52.989	52.767	52.554	52.35	52.154
284.7	58.1	57.616	56.747	56.058	55.511	55.065	54.684	54.35	54.051	53.778	53.524	53.286	53.06	52.844	52.638	52.439
284.8	58.581	58.074	57.162	56.438	55.863	55.396	55	54.655	54.348	54.068	53.809	53.566	53.337	53.118	52.909	52.708
284.9	59.053	58.524	57.569	56.806	56.2	55.71	55.297	54.94	54.624	54.337	54.072	53.825	53.592	53.37	53.158	52.955
285	59.517	58.965	57.966	57.164	56.524	56.008	55.578	55.208	54.882	54.587	54.317	54.065	53.828	53.603	53.388	53.182
285.1	59.971	59.396	58.354	57.511	56.838	56.296	55.847	55.463	55.126	54.824	54.547	54.29	54.049	53.821	53.603	53.394
285.2	60.415	59.819	58.732	57.848	57.14	56.571	56.102	55.703	55.355	55.044	54.76	54.498	54.253	54.021	53.8	53.588
285.3	60.85	60.232	59.102	58.176	57.431	56.835	56.345	55.929	55.569	55.249	54.958	54.69	54.44	54.205	53.98	53.766
285.4	61.276	60.638	59.465	58.496	57.713	57.084	56.568	56.135	55.761	55.431	55.133	54.859	54.604	54.364	54.137	53.919
285.5	61.693	61.035	59.82	58.808	57.987	57.321	56.776	56.325	55.937	55.596	55.29	55.009	54.749	54.505	54.274	54.054
285.6	62.101	61.424	60.169	59.114	58.253	57.553	56.982	56.51	56.107	55.755	55.44	55.153	54.887	54.639	54.404	54.18
285.7	62.498	61.814	60.531	59.434	58.533	57.799	57.2	56.707	56.288	55.923	55.599	55.304	55.033	54.78	54.542	54.315
285.8	62.885	62.109	60.715	59.575	58.634	57.864	57.235	56.719	56.283	55.905	55.57	55.268	54.991	54.733	54.49	54.26
285.9	63.263	62.4	60.898	59.719	58.736	57.93	57.268	56.726	56.271	55.879	55.534	55.223	54.939	54.676	54.429	54.195
286	63.631	62.778	61.267	60.048	59.025	58.181	57.486	56.918	56.443	56.036	55.679	55.36	55.069	54.8	54.549	54.311
286.1	63.99	63.141	61.619	60.363	59.299	58.417	57.69	57.095	56.599	56.176	55.806	55.478	55.18	54.905	54.649	54.407
286.2	64.339	63.498	61.966	60.676	59.572	58.652	57.891	57.267	56.75	56.309	55.927	55.588	55.282	55.001	54.74	54.494
286.3	64.68	63.847	62.312	60.991	59.849	58.89	58.094	57.438	56.894	56.435	56.038	55.689	55.374	55.087	54.82	54.57
286.4	65.012	64.191	62.649	61.291	60.112	59.115	58.284	57.594	57.022	56.543	56.132	55.77	55.447	55.152	54.88	54.626
286.5	65.337	64.529	62.967	61.559	60.346	59.31	58.443	57.722	57.124	56.625	56.198	55.824	55.491	55.189	54.911	54.652
286.6	65.655	64.862	63.296	61.855	60.608	59.536	58.633	57.88	57.255	56.734	56.289	55.903	55.56	55.249	54.965	54.7
286.7	65.966	65.19	63.643	62.189	60.912	59.804	58.865	58.079	57.423	56.878	56.415	56.014	55.66	55.341	55.05	54.78
286.8	66.269	65.513	63.985	62.522	61.218	60.075	59.1	58.281	57.594	57.022	56.54	56.125	55.759	55.431	55.133	54.857
286.9	66.567	65.831	64.327	62.86	61.532	60.357	59.347	58.494	57.777	57.181	56.679	56.247	55.869	55.531	55.225	54.943
287	66.859	66.145	64.669	63.19	61.831	60.625	59.581	58.694	57.946	57.323	56.8	56.351	55.96	55.612	55.298	55.01
287.1	67.148	66.457	65.013	63.526	62.138	60.904	59.828	58.907	58.127	57.475	56.926	56.46	56.054	55.695	55.372	55.077
287.2	67.431	66.764	65.355	63.88	62.482	61.223	60.115	59.161	58.349	57.666	57.092	56.606	56.186	55.815	55.482	55.18
287.3	67.708	67.066	65.696	64.236	62.832	61.551	60.413	59.427	58.583	57.87	57.272	56.767	56.331	55.947	55.605	55.294
287.4	67.974	67.368	66.05	64.61	63.206	61.907	60.741	59.723	58.848	58.106	57.481	56.955	56.502	56.105	55.752	55.433
287.5	68.229	67.57	66.217	64.802	63.392	62.068	60.876	59.829	58.921	58.149	57.497	56.946	56.475	56.064	55.7	55.372
287.6	68.48	67.784	66.413	65.026	63.614	62.269	61.054	59.977	59.039	58.237	57.555	56.981	56.491	56.065	55.689	55.351
287.7	68.727	68.095	66.809	65.455	64.055	62.704	61.468	60.364	59.396	58.563	57.854	57.256	56.748	56.305	55.916	55.569
287.8	68.973	68.388	67.17	65.852	64.47	63.117	61.864	60.735	59.737	58.874	58.137	57.514	56.983	56.524	56.122	55.764
287.9	69.217	68.675	67.523	66.243	64.883	63.532	62.266	61.114	60.088	59.196	58.43	57.778	57.224	56.747	56.331	55.961
288	69.458	68.956	67.868	66.629	65.294	63.946	62.666	61.493	60.44	59.519	58.725	58.046	57.468	56.973	56.542	56.16
288.1	69.698	69.233	68.206	67.01	65.704	64.364	63.075	61.883	60.806	59.857	59.034	58.329	57.728	57.214	56.767	56.373
288.2	69.939	69.507	68.54	67.389	66.114	64.791	63.501	62.294	61.195	60.218	59.367	58.635	58.009	57.474	57.01	56.602
288.3	70.183	69.783	68.87	67.762	66.522	65.219	63.931	62.713	61.592	60.59	59.711	58.952	58.3	57.742	57.261	56.839
288.4	70.428	70.057	69.193	68.126	66.924	65.643	64.361	63.133	61.994	60.967	60.062	59.276	58.599	58.02	57.521	57.084
288.5	70.671	70.327	69.513	68.492	67.329	66.075	64.794	63.551	62.397	61.348	60.416	59.603	58.901	58.299	57.781	57.329
288.6	70.908	70.589	69.827	68.855	67.733	66.508	65.234	63.984	62.817	61.747	60.791	59.952	59.224	58.597	58.058	57.589
288.7	71.14	70.845	70.131	69.207	68.127	66.934	65.68	64.434	63.256	62.169	61.188	60.324	59.571	58.919	58.358	57.872
288.8	71.372	71.098	70.43	69.553	68.515	67.357	66.124	64.885	63.7	62.597	61.594	60.705	59.927	59.251	58.669	58.166
288.9	71.601	71.347	70.722	69.891	68.897	67.774	66.566	65.335	64.146	63.028	62.005	61.092	60.289	59.59	58.985	58.462
289	71.827	71.592	71.008	70.221	69.27	68.185	67.004	65.785	64.592	63.464	62.423	61.487	60.659	59.936	59.307	58.763
289.1	72.05	71.832	71.286	70.543	69.635	68.588	67.437	66.234	65.045	63.908	62.851	61.893	61.042	60.294	59.643	59.079
289.2	72.272	72.07	71.56	70.859	69.993	68.986	67.866	66.684	65.502	64.359	63.288	62.31	61.435	60.664	59.99	59.405
289.3	72.493	72.306	71.83	71.169	70.346	69.378	68.292	67.132	65.96	64.815	63.732	62.736	61.839	61.044	60.347	59.739
289.4	72.714	72.54	72.096	71.474	70.692	69.764	68.712	67.578	66.414	65.265	64.172	63.16	62.242	61.424	60.704	60.073
289.5	72.934	72.773	72.358	71.773	71.032	70.144	69.127	68.021	66.869	65.72	64.62	63.593	62.656	61.816	61.072	60.42
289.6	73.154	73.004	72.617	72.067	71.365	70.516	69.536	68.459	67.327	66.185	65.081	64.041	63.086	62.225	61.459	60.785
289.7	73.373	73.233	72.873	72.356	71.691	70.882	69.938	68.892	67.781	66.649	65.544	64.494	63.522	62.641	61.852	61.157
289.8	73.591	73.461	73.125	72.639	72.011	71.241	70.335	69.321	68.234	67.114	66.009	64.951	63.964	63.063	62.254	61.536
289.9	73.808	73.688	73.373	72.917	72.325	71.594	70.725	69.743	68.682	67.576	66.474	65.41	64.411	63.492	62.662	61.923
290	74.025	73.913	73.619	73.19	72.631	71.936	71.105	70.157	69.122	68.034	66.94	65.873	64.863	63.928	63.078	62.317
290.1	74.24	74.136	73.861	73.458	72.931	72.271	71.476	70.562	69.556	68.489	67.404	66.337	65.318	64.368	63.499	62.719
290.2	74.455	74.357	74.099	73.722	73.224	72.598	71.839	70.96	69.983	68.938	67.866	66.8	65.774	64.812	63.926	63.125
290.3	74.668	74.577	74.335	73.98	73.511	72.917	72.193	71.349	70.403	69.382	68.321	67.257	66.227	65.253	64.351	63.532
290.4	74.881	74.796	74.569	74.235	73.792	73.23	72.54	71.73	70.816	69.821	68.774	67.715	66.683	65.7	64.784	63.946
290.5	75.094	75.014	74.801	74.487	74.069	73.536	72.881	72.105	71.222	70.254	69.227	68.178	67.146	66.156	65.227	64.373
290.6	75.308	75.232	75.032	74.736	74.341	73.837	73.214	72.473	71.622	70.681	69.676	68.639	67.609	66.615	65.674	64.805
290.7	75.521	75.45	75.261	74.982	74.609	74.132	73.54	72.832	72.013	71.101	70.119	69.095	68.07	67.072	66.123	65.239
290.8	75.734	75.667	75.489	75.225	74.873	74.421	73.859	73.183	72.396	71.514	70.555	69.547	68.529	67.53	66.574	65.677
290.9	75.947	75.884	75.716	75.467	75.133	74.705	74.172	73.527	72.772	71.919	70.986	69.997	68.988	67.991	67.029	66.122
291	76.161	76.101	75.941	75.706	75.39	74.985	74.478	73.863	73.14	72.318	71.411	70.442	69.445	68.451	67.486	66.57
291.1	76.374	76.317	76.166	75.942	75.643	75.259	74.778	74.193	73.5	72.708	71.828	70.88	69.896	68.907	67.941	67.017
291.2	76.586	76.532	76.388	76.176	75.893	75.528	75.072	74.516	73.854	73.091	72.238	71.313	70.343	69.36	68.394	67.464
291.3	76.797	76.746	76.609	76.408	76.138	75.793	75.361	74.833	74.2	73.467	72.642	71.742	70.788	69.813	68.85	67.917
291.4	77.008	76.959	76.829	76.637	76.381	76.053	75.643	75.141	74.537	73.834	73.037	72.161	71.227	70.264	69.305	68.37
291.5	77.218	77.171	77.047	76.864	76.621	76.309	75.919	75.441	74.865	74.19	73.421	72.571	71.657	70.708	69.756	68.82
291.6	77.429	77.383	77.265	77.09	76.858	76.561	76.191	75.736	75.185	74.539	73.798	72.973	72.082	71.148	70.204	69.27
291.7	77.638	77.595	77.481	77.315	77.093	76.81	76.458	76.024	75.499	74.88	74.167	73.369	72.5	71.584	70.649	69.718
291.8	77.848	77.806	77.697	77.537	77.326	77.056	76.72	76.307	75.807	75.214	74.529	73.757	72.912	72.014	71.091	70.165
291.9	78.057	78.017	77.912	77.759	77.556	77.299	76.979	76.585	76.107	75.54	74.882	74.137	73.316	72.438	71.528	70.609
292	78.265	78.226	78.125	77.978	77.785	77.539	77.233	76.858	76.402	75.86	75.228	74.509	73.713	72.855	71.96	71.048
292.1	78.473	78.436	78.338	78.197	78.011	77.775	77.484	77.125	76.69	76.172	75.566	74.874	74.102	73.266	72.385	71.482
292.2	78.68	78.645	78.55	78.414	78.236	78.01	77.731	77.389	76.973	76.477	75.897	75.231	74.484	73.671	72.807	71.915
292.3	78.888	78.853	78.762	78.631	78.459	78.242	77.975	77.648	77.251	76.777	76.221	75.58	74.859	74.068	73.223	72.345
292.4	79.095	79.061	78.973	78.846	78.681	78.473	78.217	77.904	77.524	77.071	76.538	75.922	75.226	74.459	73.634	72.769
292.5	79.302	79.269	79.184	79.061	78.902	78.701	78.456	78.156	77.793	77.36	76.849	76.258	75.587	74.842	74.038	73.189
292.6	79.508	79.477	79.394	79.275	79.121	78.928	78.692	78.405	78.057	77.643	77.154	76.586	75.939	75.219	74.435	73.603
292.7	79.715	79.684	79.604	79.488	79.339	79.153	78.926	78.651	78.318	77.921	77.453	76.908	76.285	75.588	74.826	74.011
292.8	79.921	79.891	79.813	79.701	79.557	79.377	79.159	78.894	78.576	78.196	77.748	77.225	76.626	75.952	75.211	74.416
292.9	80.127	80.098	80.022	79.913	79.773	79.6	79.389	79.135	78.83	78.468	78.038	77.536	76.96	76.309	75.591	74.814
293	80.333	80.305	80.231	80.125	79.989	79.821	79.618	79.374	79.081	78.733	78.321	77.839	77.285	76.658	75.961	75.205
293.1	80.539	80.512	80.439	80.336	80.204	80.042	79.846	79.61	79.328	78.994	78.599	78.138	77.605	77	76.325	75.589
293.2	80.745	80.718	80.647	80.547	80.418	80.261	80.071	79.844	79.573	79.252	78.873	78.43	77.918	77.335	76.682	75.967
293.3	80.95	80.923	80.855	80.757	80.632	80.479	80.295	80.076	79.815	79.506	79.142	78.717	78.225	77.664	77.033	76.338
293.4	81.155	81.129	81.062	80.966	80.845	80.696	80.518	80.306	80.054	79.758	79.408	79	78.527	77.987	77.377	76.704
293.5	81.359	81.334	81.269	81.175	81.057	80.912	80.74	80.534	80.292	80.006	79.67	79.278	78.824	78.303	77.715	77.063
293.6	81.564	81.539	81.475	81.384	81.269	81.128	80.96	80.761	80.527	80.252	79.928	79.552	79.116	78.615	78.047	77.415
293.7	81.768	81.744	81.682	81.593	81.48	81.343	81.18	80.987	80.761	80.495	80.184	79.822	79.402	78.92	78.373	77.762
293.8	81.973	81.949	81.888	81.801	81.691	81.557	81.399	81.212	80.992	80.736	80.436	80.088	79.685	79.221	78.694	78.102
293.9	82.177	82.154	82.094	82.009	81.902	81.771	81.617	81.435	81.223	80.975	80.686	80.351	79.963	79.517	79.008	78.437
294	82.382	82.359	82.301	82.218	82.112	81.985	81.835	81.658	81.452	81.213	80.934	80.611	80.238	79.808	79.318	78.767
294.1	82.587	82.565	82.507	82.426	82.323	82.199	82.052	81.88	81.681	81.449	81.179	80.868	80.509	80.095	79.623	79.09
294.2	82.791	82.769	82.713	82.633	82.533	82.411	82.268	82.101	81.907	81.682	81.422	81.122	80.776	80.378	79.923	79.408
294.3	82.995	82.974	82.919	82.841	82.742	82.623	82.484	82.321	82.132	81.914	81.663	81.373	81.039	80.656	80.217	79.721
294.4	83.199	83.178	83.124	83.048	82.951	82.835	82.698	82.54	82.356	82.145	81.901	81.621	81.299	80.93	80.507	80.028
294.5	83.402	83.382	83.329	83.254	83.16	83.046	82.912	82.757	82.579	82.373	82.138	81.867	81.557	81.2	80.793	80.331
294.6	83.605	83.585	83.534	83.46	83.367	83.256	83.125	82.974	82.8	82.6	82.372	82.11	81.81	81.466	81.073	80.627
294.7	83.807	83.788	83.737	83.665	83.574	83.465	83.337	83.189	83.019	82.825	82.603	82.35	82.06	81.728	81.349	80.918
294.8	84.008	83.989	83.94	83.869	83.78	83.673	83.548	83.403	83.237	83.048	82.833	82.587	82.306	81.986	81.62	81.204
294.9	84.209	84.191	84.142	84.072	83.985	83.88	83.758	83.616	83.455	83.27	83.061	82.822	82.55	82.241	81.887	81.486
295	84.411	84.393	84.345	84.277	84.191	84.088	83.968	83.829	83.671	83.492	83.288	83.056	82.793	82.493	82.152	81.764
295.1	84.612	84.595	84.548	84.481	84.396	84.296	84.178	84.042	83.888	83.713	83.514	83.289	83.033	82.744	82.414	82.039
295.2	84.814	84.796	84.751	84.685	84.602	84.503	84.388	84.255	84.104	83.933	83.739	83.52	83.272	82.991	82.673	82.311
295.3	85.015	84.998	84.953	84.888	84.807	84.71	84.597	84.467	84.319	84.152	83.963	83.75	83.509	83.237	82.928	82.579
295.4	85.216	85.2	85.155	85.092	85.012	84.917	84.805	84.678	84.533	84.37	84.186	83.978	83.744	83.48	83.181	82.843
295.5	85.418	85.401	85.358	85.295	85.217	85.123	85.014	84.889	84.747	84.587	84.408	84.205	83.977	83.721	83.432	83.105
295.6	85.619	85.603	85.56	85.499	85.422	85.33	85.223	85.1	84.961	84.805	84.629	84.432	84.21	83.961	83.681	83.364
295.7	85.82	85.805	85.763	85.703	85.627	85.536	85.431	85.31	85.174	85.021	84.849	84.657	84.441	84.199	83.927	83.62
295.8	86.021	86.006	85.965	85.906	85.831	85.742	85.639	85.52	85.387	85.237	85.069	84.881	84.67	84.435	84.171	83.874
295.9	86.222	86.207	86.167	86.109	86.035	85.948	85.846	85.73	85.599	85.452	85.287	85.104	84.898	84.669	84.413	84.124
296	86.423	86.409	86.369	86.312	86.24	86.153	86.054	85.939	85.811	85.666	85.506	85.326	85.125	84.902	84.653	84.373
296.1	86.624	86.61	86.571	86.514	86.444	86.359	86.261	86.148	86.022	85.881	85.723	85.547	85.351	85.134	84.891	84.62
296.2	86.825	86.811	86.773	86.717	86.647	86.564	86.467	86.357	86.233	86.094	85.94	85.767	85.576	85.364	85.128	84.864
296.3	87.026	87.012	86.974	86.919	86.851	86.769	86.674	86.565	86.443	86.307	86.155	85.987	85.8	85.593	85.363	85.107
296.4	87.226	87.212	87.175	87.121	87.054	86.973	86.88	86.773	86.653	86.519	86.37	86.205	86.022	85.82	85.596	85.347
296.5	87.426	87.412	87.376	87.323	87.256	87.177	87.085	86.98	86.862	86.731	86.585	86.423	86.244	86.046	85.827	85.585
296.6	87.625	87.612	87.576	87.524	87.458	87.38	87.29	87.186	87.07	86.941	86.798	86.639	86.464	86.27	86.057	85.821
296.7	87.824	87.811	87.776	87.724	87.66	87.583	87.494	87.392	87.278	87.151	87.01	86.854	86.683	86.493	86.285	86.055
296.8	88.023	88.01	87.975	87.924	87.861	87.785	87.697	87.597	87.485	87.36	87.222	87.069	86.901	86.715	86.511	86.287
296.9	88.221	88.209	88.174	88.124	88.062	87.987	87.901	87.802	87.692	87.569	87.433	87.283	87.118	86.936	86.737	86.518
297	88.42	88.407	88.374	88.324	88.263	88.189	88.104	88.007	87.898	87.778	87.644	87.497	87.334	87.157	86.961	86.747
297.1	88.619	88.606	88.573	88.524	88.463	88.391	88.307	88.212	88.105	87.986	87.854	87.71	87.551	87.376	87.185	86.976
297.2	88.817	88.805	88.772	88.724	88.664	88.593	88.51	88.416	88.311	88.194	88.064	87.922	87.766	87.595	87.408	87.203
297.3	89.016	89.004	88.971	88.924	88.865	88.795	88.713	88.621	88.517	88.402	88.274	88.135	87.981	87.813	87.63	87.429
297.4	89.214	89.202	89.17	89.124	89.065	88.996	88.916	88.825	88.722	88.609	88.484	88.346	88.196	88.031	87.851	87.655
297.5	89.412	89.401	89.369	89.323	89.266	89.198	89.118	89.028	88.928	88.816	88.693	88.558	88.41	88.248	88.071	87.879
297.6	89.611	89.599	89.568	89.523	89.466	89.399	89.321	89.232	89.133	89.023	88.901	88.768	88.623	88.464	88.29	88.102
297.7	89.808	89.797	89.766	89.721	89.666	89.599	89.522	89.435	89.337	89.229	89.109	88.978	88.835	88.679	88.509	88.324
297.8	90.006	89.995	89.964	89.92	89.865	89.8	89.724	89.638	89.541	89.434	89.317	89.188	89.047	88.894	88.726	88.545
297.9	90.204	90.192	90.162	90.119	90.065	90	89.925	89.84	89.745	89.64	89.524	89.397	89.259	89.108	88.943	88.766
298	90.401	90.39	90.36	90.317	90.264	90.2	90.126	90.042	89.949	89.845	89.731	89.606	89.47	89.321	89.16	88.985
298.1	90.598	90.587	90.558	90.516	90.463	90.4	90.327	90.245	90.152	90.05	89.937	89.814	89.68	89.534	89.375	89.204
298.2	90.796	90.785	90.756	90.714	90.662	90.6	90.528	90.446	90.355	90.254	90.143	90.022	89.89	89.746	89.59	89.422
298.3	90.993	90.982	90.953	90.912	90.861	90.799	90.728	90.648	90.558	90.458	90.349	90.23	90.1	89.958	89.804	89.639
298.4	91.19	91.179	91.151	91.11	91.06	90.999	90.929	90.85	90.761	90.663	90.555	90.437	90.309	90.169	90.018	89.855
298.5	91.387	91.377	91.349	91.309	91.258	91.198	91.129	91.051	90.963	90.866	90.76	90.644	90.518	90.38	90.232	90.071
298.6	91.584	91.574	91.546	91.507	91.457	91.398	91.33	91.252	91.166	91.07	90.965	90.851	90.726	90.591	90.445	90.287
298.7	91.781	91.771	91.744	91.705	91.656	91.597	91.53	91.453	91.368	91.274	91.17	91.057	90.935	90.801	90.657	90.502
298.8	91.978	91.968	91.941	91.902	91.854	91.796	91.73	91.654	91.57	91.477	91.375	91.263	91.142	91.011	90.869	90.716
298.9	92.175	92.165	92.138	92.1	92.052	91.995	91.929	91.855	91.772	91.68	91.579	91.469	91.35	91.22	91.081	90.93
299	92.371	92.361	92.335	92.297	92.25	92.194	92.129	92.055	91.973	91.882	91.783	91.674	91.557	91.429	91.291	91.143
299.1	92.568	92.558	92.532	92.495	92.448	92.392	92.328	92.255	92.174	92.084	91.986	91.879	91.763	91.637	91.502	91.355
299.2	92.764	92.754	92.729	92.692	92.646	92.591	92.527	92.455	92.375	92.286	92.189	92.084	91.969	91.845	91.711	91.567
299.3	92.96	92.951	92.925	92.889	92.843	92.789	92.726	92.655	92.576	92.488	92.392	92.288	92.175	92.053	91.921	91.779
299.4	93.156	93.147	93.122	93.086	93.041	92.987	92.925	92.855	92.776	92.69	92.595	92.492	92.38	92.26	92.13	91.99
299.5	93.352	93.343	93.318	93.282	93.238	93.185	93.123	93.054	92.976	92.891	92.797	92.696	92.585	92.466	92.338	92.2
299.6	93.548	93.539	93.514	93.479	93.435	93.382	93.321	93.253	93.176	93.092	92.999	92.899	92.79	92.672	92.546	92.409
299.7	93.743	93.734	93.71	93.675	93.631	93.579	93.519	93.451	93.376	93.292	93.201	93.101	92.994	92.878	92.753	92.618
299.8	93.938	93.929	93.905	93.871	93.828	93.776	93.717	93.65	93.575	93.492	93.402	93.304	93.197	93.083	92.959	92.827
299.9	94.133	94.125	94.101	94.067	94.024	93.973	93.914	93.848	93.774	93.692	93.603	93.506	93.401	93.287	93.166	93.035
300	94.328	94.32	94.296	94.262	94.22	94.17	94.112	94.046	93.973	93.892	93.804	93.707	93.604	93.492	93.371	93.242
300.1	94.523	94.514	94.491	94.458	94.416	94.366	94.309	94.244	94.171	94.091	94.004	93.909	93.806	93.696	93.577	93.449
300.2	94.718	94.709	94.686	94.653	94.612	94.562	94.505	94.441	94.37	94.291	94.204	94.11	94.008	93.899	93.782	93.656
300.3	94.912	94.904	94.881	94.848	94.807	94.759	94.702	94.639	94.568	94.49	94.404	94.311	94.211	94.103	93.987	93.862
300.4	95.107	95.099	95.076	95.044	95.003	94.955	94.899	94.836	94.766	94.689	94.604	94.512	94.413	94.306	94.191	94.068
300.5	95.302	95.293	95.271	95.239	95.199	95.151	95.096	95.034	94.964	94.888	94.804	94.713	94.615	94.509	94.396	94.274
300.6	95.496	95.488	95.466	95.434	95.394	95.347	95.293	95.231	95.162	95.087	95.004	94.914	94.816	94.712	94.6	94.48
300.7	95.691	95.683	95.661	95.63	95.59	95.543	95.489	95.428	95.36	95.285	95.203	95.114	95.018	94.915	94.804	94.686
300.8	95.886	95.878	95.856	95.825	95.786	95.74	95.686	95.626	95.559	95.484	95.403	95.315	95.22	95.118	95.009	94.892
300.9	96.081	96.073	96.051	96.021	95.982	95.936	95.883	95.823	95.757	95.683	95.603	95.516	95.422	95.321	95.213	95.097
301	96.275	96.267	96.246	96.216	96.178	96.132	96.08	96.02	95.955	95.882	95.803	95.717	95.624	95.524	95.417	95.302
301.1	96.47	96.462	96.441	96.411	96.373	96.328	96.276	96.217	96.152	96.08	96.002	95.916	95.825	95.726	95.62	95.507
301.2	96.664	96.656	96.635	96.605	96.568	96.523	96.472	96.414	96.349	96.278	96.2	96.116	96.025	95.928	95.823	95.711
301.3	96.857	96.85	96.829	96.799	96.762	96.718	96.667	96.61	96.546	96.476	96.399	96.316	96.226	96.129	96.026	95.915
301.4	97.051	97.044	97.023	96.994	96.957	96.913	96.863	96.806	96.743	96.673	96.597	96.515	96.426	96.331	96.228	96.119
301.5	97.245	97.237	97.217	97.188	97.151	97.108	97.058	97.002	96.939	96.87	96.795	96.714	96.626	96.532	96.43	96.322
301.6	97.438	97.43	97.41	97.381	97.345	97.302	97.253	97.197	97.135	97.067	96.993	96.912	96.825	96.732	96.632	96.525
301.7	97.63	97.623	97.603	97.574	97.539	97.496	97.448	97.392	97.331	97.264	97.19	97.111	97.025	96.932	96.833	96.728
301.8	97.823	97.816	97.796	97.768	97.732	97.69	97.642	97.588	97.527	97.46	97.388	97.309	97.224	97.132	97.035	96.93
301.9	98.016	98.009	97.989	97.961	97.926	97.885	97.837	97.783	97.723	97.657	97.585	97.507	97.423	97.333	97.236	97.133
302	98.209	98.202	98.183	98.155	98.12	98.079	98.032	97.979	97.919	97.854	97.783	97.706	97.622	97.533	97.437	97.335
302.1	98.403	98.395	98.376	98.349	98.314	98.274	98.227	98.174	98.115	98.051	97.98	97.904	97.822	97.733	97.638	97.538
302.2	98.596	98.589	98.57	98.542	98.508	98.468	98.422	98.37	98.311	98.247	98.178	98.102	98.021	97.933	97.839	97.74
302.3	98.789	98.782	98.763	98.736	98.702	98.662	98.617	98.565	98.507	98.444	98.375	98.3	98.22	98.133	98.04	97.942
302.4	98.981	98.974	98.956	98.929	98.896	98.856	98.811	98.76	98.703	98.64	98.572	98.498	98.418	98.332	98.241	98.143
302.5	99.174	99.167	99.149	99.122	99.089	99.05	99.005	98.955	98.898	98.836	98.769	98.695	98.616	98.531	98.441	98.344
302.6	99.366	99.359	99.341	99.315	99.283	99.244	99.199	99.149	99.093	99.032	98.965	98.892	98.814	98.73	98.641	98.545
302.7	99.558	99.551	99.533	99.507	99.475	99.437	99.393	99.343	99.288	99.227	99.16	99.089	99.011	98.928	98.839	98.745
302.8	99.749	99.743	99.725	99.699	99.667	99.629	99.585	99.536	99.481	99.421	99.356	99.285	99.208	99.126	99.038	98.945
302.9	99.94	99.934	99.916	99.891	99.859	99.821	99.778	99.729	99.675	99.616	99.551	99.48	99.404	99.323	99.236	99.144
303	100.13	100.13	100.11	100.08	100.05	100.01	99.971	99.923	99.869	99.81	99.746	99.676	99.601	99.52	99.434	99.343
303.1	100.32	100.32	100.3	100.27	100.24	100.21	100.16	100.12	100.06	100	99.941	99.872	99.798	99.718	99.633	99.542
303.2	100.52	100.51	100.49	100.47	100.44	100.4	100.36	100.31	100.26	100.2	100.14	100.07	99.994	99.916	99.831	99.742
303.3	100.71	100.7	100.68	100.66	100.63	100.59	100.55	100.5	100.45	100.39	100.33	100.26	100.19	100.11	100.03	99.941
303.4	100.9	100.89	100.88	100.85	100.82	100.79	100.74	100.7	100.65	100.59	100.53	100.46	100.39	100.31	100.23	100.14
303.5	101.09	101.08	101.07	101.04	101.01	100.98	100.94	100.89	100.84	100.78	100.72	100.66	100.58	100.51	100.43	100.34
303.6	101.28	101.28	101.26	101.24	101.21	101.17	101.13	101.09	101.03	100.98	100.92	100.85	100.78	100.71	100.62	100.54
303.7	101.47	101.47	101.45	101.43	101.4	101.36	101.32	101.28	101.23	101.17	101.11	101.05	100.98	100.9	100.82	100.74
303.8	101.67	101.66	101.64	101.62	101.59	101.56	101.52	101.47	101.42	101.37	101.31	101.24	101.17	101.1	101.02	100.93
303.9	101.86	101.85	101.83	101.81	101.78	101.75	101.71	101.66	101.61	101.56	101.5	101.44	101.37	101.29	101.22	101.13
304	102.05	102.04	102.02	102	101.97	101.94	101.9	101.86	101.81	101.75	101.69	101.63	101.56	101.49	101.41	101.33
304.1	102.24	102.23	102.21	102.19	102.16	102.13	102.09	102.05	102	101.95	101.89	101.82	101.76	101.68	101.61	101.53
304.2	102.43	102.42	102.41	102.38	102.36	102.32	102.28	102.24	102.19	102.14	102.08	102.02	101.95	101.88	101.8	101.72
304.3	102.62	102.61	102.6	102.57	102.55	102.51	102.48	102.43	102.38	102.33	102.27	102.21	102.15	102.08	102	101.92
304.4	102.81	102.8	102.79	102.77	102.74	102.71	102.67	102.62	102.58	102.53	102.47	102.41	102.34	102.27	102.2	102.12
304.5	103	102.99	102.98	102.96	102.93	102.9	102.86	102.82	102.77	102.72	102.66	102.6	102.54	102.47	102.39	102.31
304.6	103.19	103.19	103.17	103.15	103.12	103.09	103.05	103.01	102.96	102.91	102.86	102.8	102.73	102.66	102.59	102.51
304.7	103.38	103.38	103.36	103.34	103.31	103.28	103.24	103.2	103.16	103.11	103.05	102.99	102.93	102.86	102.79	102.71
304.8	103.57	103.57	103.55	103.53	103.51	103.47	103.44	103.4	103.35	103.3	103.25	103.19	103.12	103.05	102.98	102.91
304.9	103.76	103.76	103.74	103.72	103.7	103.67	103.63	103.59	103.54	103.49	103.44	103.38	103.32	103.25	103.18	103.1
305	103.96	103.95	103.94	103.91	103.89	103.86	103.82	103.78	103.74	103.69	103.63	103.57	103.51	103.45	103.37	103.3
305.1	104.15	104.14	104.13	104.11	104.08	104.05	104.01	103.97	103.93	103.88	103.83	103.77	103.71	103.64	103.57	103.5
305.2	104.34	104.33	104.32	104.3	104.27	104.24	104.2	104.16	104.12	104.07	104.02	103.96	103.9	103.84	103.77	103.69
305.3	104.53	104.52	104.51	104.49	104.46	104.43	104.4	104.36	104.31	104.26	104.21	104.16	104.09	104.03	103.96	103.89
305.4	104.72	104.71	104.7	104.68	104.65	104.62	104.59	104.55	104.5	104.46	104.4	104.35	104.29	104.22	104.15	104.08
305.5	104.91	104.9	104.89	104.87	104.84	104.81	104.78	104.74	104.69	104.65	104.6	104.54	104.48	104.42	104.35	104.28
305.6	105.1	105.09	105.08	105.06	105.03	105	104.97	104.93	104.89	104.84	104.79	104.73	104.67	104.61	104.54	104.47
305.7	105.28	105.28	105.26	105.24	105.22	105.19	105.16	105.12	105.08	105.03	104.98	104.92	104.87	104.8	104.74	104.67
305.8	105.47	105.47	105.45	105.43	105.41	105.38	105.35	105.31	105.27	105.22	105.17	105.12	105.06	105	104.93	104.86
305.9	105.66	105.66	105.64	105.62	105.6	105.57	105.54	105.5	105.46	105.41	105.36	105.31	105.25	105.19	105.12	105.05
306	105.85	105.85	105.83	105.81	105.79	105.76	105.73	105.69	105.65	105.6	105.55	105.5	105.44	105.38	105.32	105.25
306.1	106.04	106.03	106.02	106	105.98	105.95	105.92	105.88	105.84	105.79	105.74	105.69	105.64	105.57	105.51	105.44
306.2	106.23	106.22	106.21	106.19	106.17	106.14	106.11	106.07	106.03	105.98	105.94	105.88	105.83	105.77	105.7	105.64
306.3	106.42	106.41	106.4	106.38	106.36	106.33	106.3	106.26	106.22	106.18	106.13	106.08	106.02	105.96	105.9	105.83
306.4	106.61	106.6	106.59	106.57	106.55	106.52	106.49	106.45	106.41	106.37	106.32	106.27	106.21	106.15	106.09	106.02
306.5	106.8	106.79	106.78	106.76	106.74	106.71	106.68	106.64	106.6	106.56	106.51	106.46	106.4	106.35	106.28	106.22
306.6	106.99	106.98	106.97	106.95	106.93	106.9	106.87	106.83	106.79	106.75	106.7	106.65	106.6	106.54	106.48	106.41
306.7	107.17	107.17	107.16	107.14	107.11	107.09	107.06	107.02	106.98	106.94	106.89	106.84	106.79	106.73	106.67	106.6
306.8	107.36	107.36	107.34	107.33	107.3	107.28	107.24	107.21	107.17	107.13	107.08	107.03	106.98	106.92	106.86	106.8
306.9	107.55	107.55	107.53	107.51	107.49	107.46	107.43	107.4	107.36	107.32	107.27	107.22	107.17	107.11	107.05	106.99
307	107.74	107.73	107.72	107.7	107.68	107.65	107.62	107.59	107.55	107.51	107.46	107.41	107.36	107.31	107.25	107.18
307.1	107.93	107.92	107.91	107.89	107.87	107.84	107.81	107.78	107.74	107.7	107.65	107.61	107.55	107.5	107.44	107.37
307.2	108.12	108.11	108.1	108.08	108.06	108.03	108	107.97	107.93	107.89	107.84	107.8	107.74	107.69	107.63	107.57
307.3	108.3	108.3	108.29	108.27	108.25	108.22	108.19	108.16	108.12	108.08	108.04	107.99	107.94	107.88	107.82	107.76
307.4	108.49	108.49	108.48	108.46	108.44	108.41	108.38	108.35	108.31	108.27	108.23	108.18	108.13	108.07	108.02	107.95
307.5	108.68	108.68	108.66	108.65	108.63	108.6	108.57	108.54	108.5	108.46	108.42	108.37	108.32	108.26	108.21	108.15
307.6	108.87	108.87	108.85	108.84	108.81	108.79	108.76	108.73	108.69	108.65	108.61	108.56	108.51	108.46	108.4	108.34
307.7	109.06	109.05	109.04	109.02	109	108.98	108.95	108.92	108.88	108.84	108.8	108.75	108.7	108.65	108.59	108.53
307.8	109.25	109.24	109.23	109.21	109.19	109.17	109.14	109.1	109.07	109.03	108.99	108.94	108.89	108.84	108.78	108.72
307.9	109.43	109.43	109.42	109.4	109.38	109.35	109.33	109.29	109.26	109.22	109.18	109.13	109.08	109.03	108.97	108.91
308	109.62	109.62	109.6	109.59	109.57	109.54	109.51	109.48	109.45	109.41	109.37	109.32	109.27	109.22	109.16	109.11
308.1	109.81	109.8	109.79	109.78	109.75	109.73	109.7	109.67	109.64	109.6	109.55	109.51	109.46	109.41	109.35	109.3
308.2	110	109.99	109.98	109.96	109.94	109.92	109.89	109.86	109.82	109.79	109.74	109.7	109.65	109.6	109.55	109.49
308.3	110.18	110.18	110.17	110.15	110.13	110.11	110.08	110.05	110.01	109.97	109.93	109.89	109.84	109.79	109.74	109.68
308.4	110.37	110.37	110.36	110.34	110.32	110.29	110.27	110.24	110.2	110.16	110.12	110.08	110.03	109.98	109.93	109.87
308.5	110.56	110.56	110.54	110.53	110.51	110.48	110.46	110.43	110.39	110.35	110.31	110.27	110.22	110.17	110.12	110.06
308.6	110.75	110.74	110.73	110.72	110.7	110.67	110.64	110.61	110.58	110.54	110.5	110.46	110.41	110.36	110.31	110.25
308.7	110.93	110.93	110.92	110.9	110.88	110.86	110.83	110.8	110.77	110.73	110.69	110.65	110.6	110.55	110.5	110.45
308.8	111.12	111.12	111.11	111.09	111.07	111.05	111.02	110.99	110.96	110.92	110.88	110.84	110.79	110.74	110.69	110.64
308.9	111.31	111.3	111.29	111.28	111.26	111.24	111.21	111.18	111.15	111.11	111.07	111.03	110.98	110.93	110.88	110.83
309	111.5	111.49	111.48	111.46	111.45	111.42	111.4	111.37	111.33	111.3	111.26	111.22	111.17	111.12	111.07	111.02
309.1	111.68	111.68	111.67	111.65	111.63	111.61	111.58	111.55	111.52	111.49	111.45	111.4	111.36	111.31	111.26	111.21
309.2	111.87	111.86	111.85	111.84	111.82	111.8	111.77	111.74	111.71	111.67	111.63	111.59	111.55	111.5	111.45	111.4
309.3	112.05	112.05	112.04	112.02	112	111.98	111.96	111.93	111.89	111.86	111.82	111.78	111.74	111.69	111.64	111.58
309.4	112.24	112.24	112.23	112.21	112.19	112.17	112.14	112.11	112.08	112.05	112.01	111.97	111.92	111.88	111.83	111.77
309.5	112.43	112.42	112.41	112.4	112.38	112.36	112.33	112.3	112.27	112.23	112.2	112.16	112.11	112.07	112.02	111.96
