0	0	0.1	0.2	0.3	0.4	0.5	0.6	0.7	0.8	0.9	1	1.1	1.2	1.3	1.4	1.5
264.6	0	-0.039014	-0.11684	-0.19339	-0.26853	-0.34361	-0.41869	-0.49323	-0.56713	-0.64044	-0.71333	-0.78563	-0.85721	-0.9282	-0.99861	-1.0683
264.7	0.22954	0.19035	0.1122	0.035304	-0.040151	-0.11553	-0.19092	-0.26581	-0.34005	-0.41366	-0.48683	-0.55941	-0.63126	-0.70249	-0.77315	-0.84309
264.8	0.45917	0.41981	0.34131	0.26408	0.18829	0.1126	0.036886	-0.038345	-0.11293	-0.18686	-0.2603	-0.33316	-0.40529	-0.47678	-0.54769	-0.6179
264.9	0.68898	0.64945	0.57062	0.49305	0.41691	0.3409	0.26486	0.18928	0.11434	0.040091	-0.033639	-0.10678	-0.17919	-0.25095	-0.32213	-0.39259
265	0.91881	0.8791	0.79994	0.72203	0.64553	0.56919	0.49281	0.41688	0.34159	0.26701	0.19299	0.11957	0.046859	-0.025165	-0.096607	-0.16734
265.1	1.1489	1.109	1.0295	0.95123	0.87437	0.79768	0.72096	0.64468	0.56903	0.49411	0.41981	0.34609	0.27309	0.20078	0.12908	0.058073
265.2	1.3792	1.3392	1.2593	1.1807	1.1035	1.0264	0.94939	0.87275	0.79675	0.7215	0.64689	0.57289	0.49958	0.427	0.35502	0.28375
265.3	1.6096	1.5694	1.4893	1.4103	1.3327	1.2553	1.1779	1.1009	1.0245	0.94892	0.87402	0.79973	0.72612	0.65324	0.581	0.50946
265.4	1.8404	1.8	1.7195	1.6402	1.5621	1.4844	1.4066	1.3293	1.2526	1.1766	1.1014	1.0268	0.95292	0.87975	0.80724	0.73543
265.5	2.0716	2.031	1.9502	1.8705	1.7921	1.7139	1.6358	1.5582	1.4811	1.4048	1.3293	1.2544	1.1802	1.1068	1.034	0.96189
265.6	2.3029	2.2621	2.181	2.1009	2.0221	1.9436	1.8651	1.7871	1.7097	1.6331	1.5573	1.4821	1.4076	1.3338	1.2608	1.1884
265.7	2.5341	2.4932	2.4116	2.3312	2.252	2.1731	2.0943	2.0159	1.9382	1.8612	1.7851	1.7096	1.6348	1.5607	1.4874	1.4148
265.8	2.7653	2.7242	2.6423	2.5615	2.4819	2.4026	2.3234	2.2447	2.1666	2.0893	2.0129	1.9371	1.862	1.7876	1.714	1.6411
265.9	2.9962	2.9549	2.8727	2.7915	2.7115	2.6318	2.5523	2.4733	2.3949	2.3172	2.2404	2.1643	2.0889	2.0143	1.9404	1.8672
266	3.2271	3.1856	3.1029	3.0214	2.941	2.8609	2.781	2.7017	2.6229	2.545	2.4678	2.3915	2.3157	2.2408	2.1666	2.0931
266.1	3.458	3.4163	3.3333	3.2514	3.1706	3.0901	3.0099	2.9302	2.8511	2.7728	2.6953	2.6186	2.5426	2.4673	2.3929	2.3192
266.2	3.689	3.6471	3.5637	3.4815	3.4003	3.3193	3.2388	3.1588	3.0793	3.0007	2.9229	2.8459	2.7696	2.694	2.6193	2.5453
266.3	3.9202	3.8781	3.7943	3.7117	3.6301	3.5487	3.4679	3.3875	3.3077	3.2288	3.1506	3.0733	2.9967	2.9208	2.8458	2.7715
266.4	4.1517	4.1094	4.0252	3.9422	3.8601	3.7782	3.6969	3.6162	3.5361	3.4568	3.3783	3.3007	3.2238	3.1476	3.0723	2.9977
266.5	4.3839	4.3414	4.2568	4.1734	4.0903	4.0074	3.9257	3.8447	3.7643	3.6846	3.6058	3.5278	3.4506	3.3741	3.2985	3.2237
266.6	4.6164	4.5737	4.4887	4.4049	4.321	4.2374	4.1554	4.074	3.9932	3.9132	3.834	3.7557	3.6782	3.6014	3.5256	3.4504
266.7	4.8488	4.8059	4.7205	4.6363	4.5521	4.4681	4.3857	4.3039	4.2228	4.1424	4.0629	3.9843	3.9065	3.8294	3.7532	3.6778
266.8	5.0813	5.0382	4.9524	4.8678	4.7832	4.6988	4.616	4.5339	4.4524	4.3717	4.2918	4.2128	4.1347	4.0573	3.9808	3.9052
266.9	5.3139	5.2707	5.1844	5.0994	5.0144	4.9296	4.8464	4.764	4.6821	4.601	4.5208	4.4415	4.363	4.2854	4.2085	4.1326
267	5.5467	5.5032	5.4165	5.3311	5.2457	5.1605	5.0769	4.9941	4.9118	4.8304	4.7498	4.6701	4.5913	4.5134	4.4363	4.36
267.1	5.7797	5.736	5.649	5.5631	5.4773	5.3917	5.3077	5.2245	5.1419	5.0601	4.9791	4.8991	4.82	4.7417	4.6642	4.5876
267.2	6.0129	5.969	5.8816	5.7953	5.7091	5.6231	5.5386	5.455	5.372	5.2898	5.2085	5.1281	5.0487	4.9701	4.8923	4.8154
267.3	6.246	6.2019	6.114	6.0273	5.9407	5.8542	5.7694	5.6853	5.602	5.5194	5.4378	5.357	5.2772	5.1983	5.1202	5.0429
267.4	6.4795	6.4352	6.3468	6.2597	6.1727	6.0858	6.0006	5.9161	5.8324	5.7495	5.6674	5.5864	5.5062	5.4269	5.3485	5.2709
267.5	6.7138	6.6693	6.5805	6.4929	6.4055	6.3182	6.2325	6.1477	6.0635	5.9803	5.8979	5.8165	5.736	5.6564	5.5776	5.4997
267.6	6.9486	6.9038	6.8146	6.7266	6.6388	6.5511	6.465	6.3797	6.2952	6.2115	6.1288	6.047	5.9662	5.8862	5.8071	5.7288
267.7	7.1835	7.1386	7.0489	6.9604	6.8722	6.7841	6.6976	6.6119	6.527	6.4429	6.3599	6.2778	6.1966	6.1163	6.0368	5.9582
267.8	7.4183	7.3731	7.283	7.1941	7.1054	7.017	6.93	6.8439	6.7586	6.6742	6.5908	6.5083	6.4268	6.3461	6.2663	6.1874
267.9	7.6527	7.6073	7.5167	7.4273	7.3383	7.2494	7.162	7.0755	6.9898	6.905	6.8212	6.7384	6.6565	6.5756	6.4954	6.4161
268	7.8868	7.8412	7.7501	7.6603	7.5708	7.4816	7.3938	7.3068	7.2207	7.1356	7.0514	6.9682	6.886	6.8047	6.7242	6.6446
268.1	8.1207	8.0748	7.9832	7.8929	7.8031	7.7134	7.6252	7.5378	7.4514	7.3658	7.2813	7.1977	7.1152	7.0335	6.9527	6.8727
268.2	8.354	8.3079	8.2159	8.1252	8.0349	7.9448	7.8562	7.7684	7.6815	7.5956	7.5107	7.4268	7.3439	7.2619	7.1807	7.1004
268.3	8.5874	8.541	8.4485	8.3573	8.2666	8.1762	8.0871	7.9989	7.9116	7.8254	7.74	7.6557	7.5725	7.4901	7.4086	7.328
268.4	8.821	8.7744	8.6814	8.5897	8.4985	8.4077	8.3182	8.2296	8.1419	8.0553	7.9695	7.8849	7.8012	7.7186	7.6367	7.5557
268.5	9.0549	9.0081	8.9146	8.8224	8.7308	8.6396	8.5497	8.4607	8.3726	8.2856	8.1994	8.1144	8.0304	7.9474	7.8652	7.7838
268.6	9.2895	9.2424	9.1484	9.0558	8.9637	8.872	8.7816	8.6921	8.6036	8.5161	8.4296	8.3442	8.2598	8.1764	8.0939	8.0122
268.7	9.5246	9.4773	9.3828	9.2896	9.1971	9.105	9.0139	8.9237	8.8348	8.7469	8.66	8.5742	8.4894	8.4057	8.3228	8.2408
268.8	9.7602	9.7127	9.6177	9.524	9.431	9.3385	9.2469	9.156	9.0667	8.9785	8.8911	8.8049	8.7197	8.6356	8.5524	8.4701
268.9	9.9964	9.9487	9.8532	9.7589	9.6654	9.5724	9.4804	9.3892	9.2995	9.2108	9.1231	9.0364	8.9509	8.8664	8.7828	8.7001
269	10.233	10.185	10.089	9.9943	9.9003	9.8069	9.7145	9.6228	9.5327	9.4436	9.3554	9.2684	9.1824	9.0976	9.0137	8.9306
269.1	10.47	10.422	10.325	10.23	10.135	10.041	9.9486	9.8565	9.7659	9.6764	9.5878	9.5004	9.414	9.3288	9.2445	9.1611
269.2	10.707	10.658	10.561	10.465	10.37	10.276	10.183	10.09	9.999	9.9091	9.8201	9.7322	9.6455	9.5598	9.4752	9.3915
269.3	10.944	10.895	10.797	10.701	10.605	10.51	10.417	10.324	10.232	10.142	10.052	9.9641	9.8769	9.7909	9.7059	9.6218
269.4	11.181	11.132	11.033	10.936	10.84	10.745	10.65	10.557	10.465	10.374	10.284	10.196	10.108	10.022	9.9364	9.852
269.5	11.417	11.368	11.269	11.172	11.075	10.979	10.884	10.79	10.698	10.607	10.516	10.427	10.339	10.252	10.167	10.082
269.6	11.654	11.604	11.505	11.407	11.31	11.213	11.118	11.024	10.931	10.839	10.748	10.659	10.57	10.483	10.397	10.312
269.7	11.891	11.841	11.741	11.643	11.545	11.448	11.352	11.257	11.164	11.072	10.98	10.89	10.802	10.714	10.627	10.542
269.8	12.128	12.078	11.978	11.878	11.78	11.682	11.586	11.491	11.397	11.304	11.213	11.122	11.033	10.945	10.858	10.772
269.9	12.366	12.315	12.214	12.114	12.015	11.917	11.82	11.725	11.63	11.537	11.445	11.354	11.264	11.176	11.089	11.002
270	12.603	12.553	12.451	12.351	12.251	12.152	12.055	11.959	11.864	11.77	11.677	11.586	11.496	11.407	11.319	11.233
270.1	12.841	12.79	12.688	12.587	12.487	12.387	12.29	12.193	12.097	12.003	11.91	11.818	11.728	11.638	11.55	11.463
270.2	13.08	13.028	12.926	12.824	12.723	12.623	12.525	12.427	12.331	12.236	12.143	12.05	11.96	11.87	11.781	11.694
270.3	13.319	13.267	13.164	13.061	12.96	12.859	12.76	12.662	12.566	12.47	12.376	12.284	12.192	12.102	12.013	11.925
270.4	13.558	13.506	13.402	13.299	13.197	13.096	12.996	12.898	12.801	12.705	12.61	12.517	12.425	12.335	12.245	12.157
270.5	13.797	13.745	13.64	13.537	13.434	13.333	13.232	13.133	13.036	12.939	12.844	12.751	12.658	12.567	12.478	12.389
270.6	14.037	13.984	13.879	13.775	13.671	13.569	13.468	13.369	13.271	13.174	13.078	12.984	12.891	12.8	12.709	12.62
270.7	14.276	14.223	14.117	14.012	13.908	13.805	13.704	13.604	13.505	13.408	13.312	13.217	13.124	13.032	12.941	12.852
270.8	14.515	14.462	14.355	14.25	14.145	14.042	13.94	13.839	13.74	13.642	13.545	13.45	13.356	13.264	13.173	13.083
270.9	14.754	14.7	14.593	14.487	14.382	14.278	14.175	14.074	13.974	13.875	13.778	13.683	13.589	13.496	13.404	13.314
271	14.993	14.939	14.831	14.725	14.619	14.514	14.411	14.309	14.208	14.109	14.012	13.915	13.821	13.728	13.636	13.545
271.1	15.233	15.178	15.07	14.962	14.856	14.75	14.646	14.544	14.443	14.343	14.245	14.148	14.053	13.96	13.867	13.776
271.2	15.472	15.418	15.308	15.2	15.093	14.987	14.882	14.779	14.678	14.578	14.479	14.382	14.286	14.192	14.099	14.007
271.3	15.713	15.658	15.548	15.439	15.331	15.224	15.119	15.015	14.913	14.812	14.713	14.615	14.519	14.424	14.331	14.238
271.4	15.953	15.898	15.787	15.678	15.569	15.461	15.356	15.251	15.149	15.047	14.947	14.849	14.752	14.657	14.563	14.471
271.5	16.195	16.139	16.028	15.917	15.808	15.7	15.593	15.488	15.385	15.283	15.183	15.084	14.986	14.891	14.796	14.703
271.6	16.437	16.38	16.268	16.157	16.047	15.938	15.831	15.725	15.621	15.519	15.418	15.319	15.221	15.125	15.03	14.936
271.7	16.679	16.622	16.509	16.398	16.287	16.177	16.069	15.963	15.858	15.755	15.654	15.554	15.456	15.359	15.264	15.169
271.8	16.921	16.864	16.751	16.638	16.527	16.416	16.308	16.201	16.095	15.992	15.89	15.789	15.69	15.593	15.497	15.403
271.9	17.164	17.106	16.992	16.878	16.766	16.655	16.546	16.438	16.332	16.228	16.126	16.025	15.925	15.827	15.731	15.636
272	17.406	17.349	17.233	17.119	17.006	16.894	16.784	16.676	16.569	16.465	16.362	16.26	16.16	16.062	15.965	15.869
272.1	17.649	17.591	17.475	17.36	17.246	17.133	17.023	16.914	16.807	16.701	16.597	16.495	16.395	16.296	16.199	16.103
272.2	17.892	17.833	17.716	17.6	17.486	17.372	17.261	17.151	17.044	16.938	16.833	16.731	16.629	16.53	16.432	16.336
272.3	18.135	18.076	17.958	17.841	17.726	17.612	17.5	17.389	17.281	17.174	17.069	16.966	16.864	16.764	16.666	16.569
272.4	18.378	18.319	18.2	18.083	17.966	17.851	17.739	17.628	17.518	17.411	17.306	17.202	17.1	16.999	16.9	16.802
272.5	18.622	18.562	18.442	18.324	18.207	18.091	17.978	17.866	17.756	17.648	17.542	17.438	17.335	17.234	17.134	17.036
272.6	18.866	18.805	18.685	18.566	18.448	18.331	18.217	18.104	17.994	17.885	17.779	17.674	17.57	17.468	17.368	17.27
272.7	19.11	19.049	18.927	18.807	18.689	18.571	18.456	18.343	18.232	18.123	18.015	17.91	17.806	17.703	17.603	17.504
272.8	19.354	19.293	19.17	19.049	18.93	18.812	18.696	18.582	18.47	18.36	18.252	18.146	18.042	17.939	17.837	17.738
272.9	19.599	19.537	19.414	19.292	19.172	19.053	18.936	18.822	18.709	18.598	18.49	18.383	18.278	18.174	18.072	17.972
273	19.845	19.782	19.658	19.536	19.414	19.295	19.177	19.062	18.948	18.837	18.728	18.621	18.515	18.411	18.308	18.208
273.1	20.091	20.028	19.903	19.779	19.657	19.537	19.419	19.302	19.188	19.076	18.966	18.858	18.752	18.647	18.544	18.443
273.2	20.337	20.274	20.148	20.023	19.9	19.779	19.66	19.543	19.428	19.315	19.205	19.096	18.989	18.884	18.78	18.679
273.3	20.583	20.52	20.393	20.267	20.143	20.021	19.901	19.784	19.668	19.555	19.443	19.334	19.226	19.121	19.016	18.914
273.4	20.83	20.766	20.638	20.512	20.387	20.264	20.143	20.025	19.908	19.794	19.682	19.572	19.464	19.357	19.253	19.15
273.5	21.077	21.013	20.884	20.756	20.631	20.507	20.385	20.266	20.149	20.034	19.921	19.811	19.702	19.595	19.489	19.386
273.6	21.325	21.259	21.129	21.001	20.874	20.749	20.627	20.507	20.389	20.273	20.16	20.049	19.939	19.831	19.726	19.622
273.7	21.572	21.506	21.375	21.245	21.118	20.992	20.869	20.748	20.629	20.513	20.399	20.287	20.177	20.068	19.962	19.857
273.8	21.82	21.753	21.621	21.49	21.362	21.235	21.111	20.989	20.87	20.752	20.638	20.525	20.414	20.305	20.198	20.093
273.9	22.067	22.001	21.867	21.735	21.606	21.478	21.353	21.23	21.11	20.992	20.877	20.763	20.652	20.542	20.434	20.329
274	22.316	22.249	22.114	21.981	21.851	21.722	21.596	21.473	21.351	21.233	21.116	21.002	20.89	20.78	20.671	20.565
274.1	22.566	22.497	22.362	22.228	22.096	21.966	21.84	21.715	21.593	21.473	21.357	21.242	21.129	21.018	20.909	20.802
274.2	22.815	22.747	22.609	22.475	22.342	22.211	22.083	21.958	21.835	21.715	21.597	21.481	21.368	21.256	21.146	21.039
274.3	23.065	22.996	22.858	22.722	22.588	22.456	22.327	22.201	22.077	21.956	21.837	21.721	21.607	21.495	21.384	21.276
274.4	23.316	23.246	23.107	22.969	22.834	22.702	22.572	22.444	22.32	22.198	22.078	21.961	21.847	21.734	21.622	21.513
274.5	23.567	23.497	23.356	23.218	23.081	22.948	22.817	22.688	22.563	22.44	22.32	22.202	22.087	21.973	21.861	21.751
274.6	23.819	23.748	23.606	23.466	23.329	23.194	23.062	22.933	22.807	22.683	22.562	22.443	22.327	22.212	22.1	21.99
274.7	24.071	23.999	23.856	23.715	23.576	23.44	23.307	23.177	23.05	22.925	22.803	22.684	22.567	22.452	22.339	22.228
274.8	24.322	24.25	24.105	23.963	23.823	23.686	23.552	23.421	23.293	23.167	23.044	22.924	22.806	22.691	22.577	22.465
274.9	24.574	24.501	24.355	24.211	24.07	23.932	23.797	23.664	23.535	23.409	23.285	23.164	23.046	22.929	22.815	22.703
275	24.826	24.752	24.604	24.46	24.317	24.178	24.042	23.908	23.778	23.651	23.526	23.404	23.285	23.168	23.053	22.94
275.1	25.078	25.003	24.854	24.708	24.565	24.424	24.287	24.152	24.021	23.893	23.767	23.644	23.524	23.407	23.291	23.177
275.2	25.331	25.255	25.105	24.958	24.813	24.671	24.532	24.397	24.265	24.136	24.009	23.885	23.764	23.646	23.529	23.415
275.3	25.584	25.508	25.356	25.207	25.061	24.918	24.778	24.642	24.509	24.378	24.251	24.126	24.004	23.885	23.768	23.653
275.4	25.838	25.761	25.608	25.458	25.31	25.166	25.025	24.887	24.753	24.622	24.493	24.368	24.245	24.125	24.007	23.891
275.5	26.093	26.015	25.861	25.709	25.56	25.414	25.272	25.133	24.998	24.866	24.736	24.609	24.486	24.365	24.247	24.13
275.6	26.349	26.271	26.114	25.961	25.811	25.663	25.52	25.38	25.244	25.11	24.98	24.852	24.728	24.606	24.487	24.37
275.7	26.606	26.527	26.369	26.214	26.062	25.913	25.769	25.628	25.49	25.356	25.224	25.096	24.97	24.848	24.728	24.61
275.8	26.864	26.784	26.624	26.467	26.314	26.164	26.018	25.876	25.737	25.602	25.469	25.34	25.213	25.09	24.969	24.85
275.9	27.122	27.041	26.88	26.722	26.567	26.415	26.268	26.124	25.985	25.848	25.715	25.584	25.457	25.332	25.211	25.091
276	27.381	27.299	27.136	26.976	26.82	26.667	26.518	26.373	26.232	26.095	25.96	25.829	25.7	25.575	25.452	25.332
276.1	27.64	27.557	27.392	27.23	27.073	26.918	26.768	26.622	26.48	26.341	26.205	26.073	25.943	25.817	25.694	25.573
276.2	27.899	27.815	27.648	27.485	27.326	27.17	27.018	26.871	26.727	26.587	26.451	26.317	26.187	26.06	25.935	25.813
276.3	28.159	28.074	27.905	27.74	27.579	27.421	27.268	27.119	26.975	26.834	26.696	26.561	26.43	26.302	26.177	26.054
276.4	28.419	28.333	28.162	27.995	27.832	27.673	27.519	27.368	27.222	27.08	26.941	26.806	26.673	26.544	26.418	26.294
276.5	28.68	28.593	28.42	28.251	28.086	27.925	27.77	27.618	27.471	27.327	27.187	27.05	26.917	26.787	26.66	26.535
276.6	28.941	28.853	28.678	28.507	28.341	28.179	28.021	27.868	27.719	27.575	27.434	27.296	27.161	27.03	26.902	26.777
276.7	29.203	29.114	28.937	28.764	28.596	28.432	28.273	28.118	27.968	27.823	27.68	27.541	27.406	27.274	27.145	27.018
276.8	29.466	29.376	29.196	29.022	28.852	28.686	28.525	28.369	28.218	28.071	27.927	27.787	27.65	27.517	27.387	27.26
276.9	29.73	29.638	29.457	29.28	29.108	28.941	28.778	28.621	28.468	28.32	28.175	28.034	27.896	27.762	27.631	27.503
277	29.994	29.902	29.718	29.539	29.365	29.196	29.032	28.873	28.718	28.569	28.423	28.28	28.142	28.006	27.874	27.745
277.1	30.26	30.166	29.98	29.798	29.623	29.451	29.286	29.125	28.969	28.818	28.671	28.528	28.388	28.251	28.118	27.988
277.2	30.526	30.431	30.242	30.059	29.881	29.708	29.54	29.378	29.221	29.068	28.92	28.775	28.634	28.497	28.363	28.232
277.3	30.793	30.696	30.505	30.319	30.139	29.964	29.795	29.632	29.473	29.319	29.169	29.023	28.881	28.742	28.607	28.475
277.4	31.06	30.962	30.768	30.58	30.398	30.221	30.051	29.885	29.725	29.569	29.418	29.271	29.128	28.988	28.852	28.719
277.5	31.328	31.229	31.032	30.842	30.658	30.479	30.306	30.139	29.977	29.82	29.668	29.519	29.375	29.234	29.097	28.963
277.6	31.598	31.497	31.297	31.104	30.918	30.737	30.562	30.393	30.23	30.071	29.918	29.768	29.622	29.48	29.342	29.207
277.7	31.868	31.766	31.563	31.368	31.179	30.996	30.819	30.649	30.484	30.323	30.168	30.017	29.87	29.727	29.588	29.452
277.8	32.14	32.036	31.831	31.633	31.441	31.256	31.078	30.905	30.738	30.577	30.42	30.268	30.12	29.975	29.835	29.698
277.9	32.414	32.308	32.099	31.899	31.705	31.517	31.337	31.163	30.994	30.831	30.673	30.519	30.37	30.224	30.083	29.945
278	32.689	32.581	32.369	32.166	31.969	31.78	31.597	31.421	31.251	31.086	30.926	30.772	30.621	30.474	30.331	30.192
278.1	32.966	32.856	32.64	32.434	32.235	32.043	31.858	31.68	31.508	31.342	31.181	31.024	30.872	30.724	30.58	30.44
278.2	33.245	33.132	32.912	32.703	32.501	32.307	32.12	31.94	31.766	31.598	31.435	31.278	31.124	30.975	30.83	30.688
278.3	33.525	33.41	33.185	32.972	32.768	32.571	32.382	32.2	32.025	31.855	31.69	31.531	31.376	31.226	31.079	30.937
278.4	33.806	33.688	33.459	33.242	33.035	32.836	32.645	32.461	32.283	32.112	31.946	31.785	31.629	31.477	31.329	31.186
278.5	34.089	33.968	33.734	33.513	33.303	33.101	32.908	32.722	32.542	32.369	32.201	32.039	31.881	31.728	31.579	31.434
278.6	34.373	34.249	34.01	33.785	33.572	33.367	33.171	32.983	32.801	32.626	32.457	32.293	32.134	31.979	31.829	31.683
278.7	34.66	34.532	34.287	34.058	33.841	33.633	33.435	33.244	33.061	32.884	32.713	32.547	32.387	32.231	32.079	31.932
278.8	34.949	34.817	34.565	34.331	34.111	33.9	33.699	33.506	33.321	33.142	32.969	32.802	32.64	32.483	32.33	32.181
278.9	35.241	35.105	34.845	34.606	34.382	34.168	33.965	33.769	33.581	33.401	33.226	33.057	32.893	32.735	32.58	32.43
279	35.536	35.394	35.126	34.882	34.654	34.437	34.231	34.033	33.843	33.66	33.483	33.313	33.148	32.987	32.832	32.68
279.1	35.833	35.687	35.41	35.16	34.927	34.707	34.497	34.297	34.105	33.92	33.741	33.569	33.402	33.24	33.083	32.93
279.2	36.134	35.982	35.695	35.439	35.201	34.977	34.765	34.562	34.367	34.18	34	33.826	33.657	33.494	33.335	33.181
279.3	36.439	36.28	35.983	35.719	35.476	35.248	35.033	34.827	34.63	34.44	34.258	34.082	33.912	33.747	33.587	33.431
279.4	36.746	36.581	36.271	35.999	35.751	35.519	35.301	35.092	34.892	34.701	34.516	34.339	34.167	34	33.838	33.681
279.5	37.057	36.885	36.565	36.284	36.03	35.794	35.572	35.36	35.158	34.964	34.777	34.598	34.424	34.256	34.092	33.934
279.6	37.372	37.181	36.834	36.544	36.284	36.043	35.817	35.602	35.397	35.201	35.012	34.83	34.655	34.485	34.32	34.16
279.7	37.693	37.476	37.099	36.799	36.531	36.285	36.055	35.837	35.629	35.431	35.24	35.056	34.879	34.707	34.541	34.379
279.8	38.018	37.79	37.394	37.082	36.807	36.555	36.321	36.099	35.889	35.687	35.494	35.309	35.129	34.955	34.787	34.625
279.9	38.35	38.109	37.694	37.37	37.086	36.828	36.59	36.365	36.151	35.947	35.752	35.564	35.382	35.207	35.037	34.873
280	38.687	38.433	37.996	37.658	37.366	37.101	36.858	36.629	36.413	36.206	36.008	35.818	35.634	35.457	35.285	35.119
280.1	39.03	38.761	38.301	37.949	37.646	37.375	37.126	36.894	36.674	36.464	36.263	36.071	35.885	35.706	35.533	35.365
280.2	39.379	39.095	38.609	38.241	37.927	37.648	37.394	37.157	36.934	36.721	36.518	36.323	36.136	35.954	35.779	35.61
280.3	39.735	39.434	38.921	38.535	38.209	37.922	37.663	37.421	37.194	36.978	36.772	36.575	36.385	36.202	36.025	35.854
280.4	40.097	39.778	39.236	38.832	38.493	38.197	37.931	37.685	37.454	37.235	37.026	36.826	36.634	36.449	36.27	36.097
280.5	40.468	40.13	39.557	39.133	38.78	38.475	38.202	37.95	37.715	37.493	37.281	37.079	36.885	36.697	36.516	36.342
280.6	40.846	40.487	39.875	39.422	39.054	38.738	38.457	38.201	37.962	37.736	37.521	37.316	37.119	36.93	36.747	36.57
280.7	41.232	40.852	40.196	39.71	39.326	38.998	38.709	38.447	38.203	37.973	37.755	37.548	37.348	37.157	36.972	36.794
280.8	41.627	41.226	40.53	40.017	39.615	39.275	38.977	38.708	38.46	38.226	38.005	37.794	37.592	37.399	37.212	37.031
280.9	42.033	41.608	40.873	40.331	39.909	39.556	39.249	38.973	38.719	38.482	38.257	38.043	37.839	37.643	37.454	37.272
281	42.449	42.001	41.223	40.651	40.208	39.84	39.523	39.239	38.98	38.738	38.51	38.293	38.086	37.888	37.697	37.512
281.1	42.875	42.403	41.581	40.977	40.512	40.128	39.799	39.508	39.243	38.997	38.765	38.544	38.335	38.134	37.94	37.754
281.2	43.31	42.814	41.947	41.308	40.819	40.417	40.077	39.777	39.506	39.254	39.018	38.795	38.582	38.379	38.183	37.995
281.3	43.754	43.233	42.321	41.638	41.115	40.695	40.341	40.032	39.754	39.497	39.257	39.03	38.815	38.609	38.411	38.22
281.4	44.207	43.661	42.703	41.975	41.417	40.977	40.609	40.29	40.004	39.742	39.498	39.267	39.049	38.84	38.639	38.447
281.5	44.668	44.098	43.092	42.324	41.737	41.275	40.892	40.561	40.268	40	39.751	39.517	39.295	39.083	38.88	38.685
281.6	45.135	44.542	43.489	42.679	42.059	41.574	41.174	40.832	40.53	40.256	40.002	39.764	39.538	39.324	39.118	38.921
281.7	45.611	44.995	43.895	43.041	42.388	41.879	41.461	41.106	40.795	40.514	40.255	40.012	39.783	39.566	39.357	39.158
281.8	46.094	45.456	44.311	43.412	42.72	42.182	41.744	41.375	41.054	40.766	40.501	40.254	40.022	39.801	39.59	39.387
281.9	46.585	45.926	44.736	43.792	43.059	42.489	42.031	41.647	41.314	41.019	40.748	40.497	40.26	40.036	39.822	39.617
282	47.083	46.404	45.172	44.183	43.41	42.81	42.33	41.929	41.585	41.281	41.004	40.748	40.507	40.279	40.062	39.855
282.1	47.587	46.891	45.618	44.584	43.77	43.139	42.635	42.217	41.86	41.546	41.263	41.001	40.756	40.524	40.304	40.094
282.2	48.097	47.386	46.075	44.995	44.141	43.476	42.948	42.511	42.141	41.817	41.526	41.258	41.009	40.774	40.55	40.337
282.3	48.613	47.897	46.561	45.438	44.541	43.836	43.276	42.819	42.433	42.099	41.8	41.527	41.272	41.033	40.806	40.59
282.4	49.133	48.339	46.905	45.739	44.799	44.052	43.457	42.978	42.577	42.23	41.923	41.643	41.383	41.14	40.91	40.691
282.5	49.655	48.782	47.248	46.041	45.059	44.273	43.647	43.146	42.727	42.368	42.052	41.764	41.499	41.251	41.018	40.795
282.6	50.18	49.314	47.77	46.525	45.5	44.676	44.019	43.493	43.056	42.683	42.357	42.062	41.791	41.539	41.301	41.075
282.7	50.705	49.851	48.305	47.024	45.958	45.094	44.402	43.85	43.393	43.006	42.669	42.366	42.089	41.831	41.59	41.361
282.8	51.229	50.388	48.842	47.527	46.421	45.517	44.787	44.205	43.727	43.324	42.975	42.664	42.38	42.117	41.871	41.638
282.9	51.751	50.924	49.382	48.038	46.892	45.948	45.181	44.568	44.068	43.649	43.287	42.966	42.675	42.407	42.156	41.92
283	52.271	51.461	49.928	48.561	47.379	46.395	45.591	44.948	44.425	43.987	43.612	43.281	42.983	42.708	42.453	42.213
283.1	52.789	51.997	50.456	49.048	47.831	46.808	45.967	45.293	44.746	44.289	43.899	43.558	43.251	42.97	42.71	42.465
283.2	53.304	52.531	50.983	49.534	48.285	47.223	46.345	45.634	45.057	44.579	44.174	43.82	43.505	43.217	42.952	42.703
283.3	53.815	53.062	51.534	50.075	48.796	47.698	46.782	46.034	45.424	44.925	44.503	44.137	43.812	43.517	43.246	42.992
283.4	54.319	53.588	52.088	50.625	49.321	48.188	47.234	46.452	45.814	45.292	44.852	44.473	44.138	43.835	43.558	43.299
283.5	54.819	54.11	52.641	51.178	49.851	48.685	47.694	46.877	46.209	45.664	45.205	44.811	44.465	44.155	43.871	43.607
283.6	55.314	54.628	53.191	51.734	50.39	49.193	48.167	47.314	46.613	46.04	45.561	45.152	44.795	44.475	44.184	43.915
283.7	55.802	55.14	53.738	52.279	50.909	49.684	48.624	47.736	47	46.397	45.897	45.472	45.102	44.773	44.474	44.199
283.8	56.283	55.645	54.281	52.823	51.432	50.182	49.088	48.165	47.397	46.766	46.245	45.802	45.418	45.079	44.773	44.491
283.9	56.756	56.142	54.818	53.379	51.985	50.713	49.588	48.631	47.829	47.171	46.626	46.165	45.767	45.417	45.102	44.814
284	57.22	56.634	55.354	53.939	52.545	51.255	50.101	49.11	48.275	47.584	47.011	46.53	46.117	45.756	45.432	45.137
284.1	57.676	57.095	55.838	54.449	53.061	51.757	50.576	49.552	48.685	47.959	47.357	46.855	46.426	46.052	45.718	45.415
284.2	58.122	57.521	56.262	54.903	53.519	52.199	50.994	49.94	49.039	48.282	47.653	47.13	46.683	46.296	45.952	45.641
284.3	58.559	57.97	56.745	55.418	54.035	52.695	51.47	50.385	49.452	48.665	48.008	47.462	46.998	46.596	46.241	45.921
284.4	58.986	58.44	57.278	55.985	54.613	53.265	52.022	50.91	49.946	49.127	48.439	47.867	47.384	46.967	46.6	46.271
284.5	59.405	58.894	57.788	56.531	55.182	53.838	52.581	51.444	50.449	49.599	48.88	48.281	47.777	47.344	46.964	46.626
284.6	59.815	59.337	58.285	57.067	55.743	54.405	53.137	51.977	50.953	50.072	49.325	48.7	48.175	47.725	47.332	46.983
284.7	60.217	59.769	58.77	57.592	56.295	54.967	53.69	52.511	51.459	50.548	49.771	49.119	48.572	48.104	47.698	47.337
284.8	60.611	60.191	59.243	58.105	56.839	55.523	54.241	53.044	51.967	51.027	50.22	49.538	48.965	48.478	48.057	47.685
284.9	60.996	60.603	59.705	58.608	57.374	56.075	54.793	53.583	52.482	51.514	50.677	49.966	49.366	48.86	48.422	48.038
285	61.373	61.006	60.154	59.099	57.9	56.623	55.346	54.125	53.003	52.007	51.142	50.403	49.779	49.253	48.798	48.4
285.1	61.742	61.398	60.587	59.569	58.405	57.152	55.883	54.655	53.516	52.495	51.601	50.834	50.184	49.635	49.163	48.751
285.2	62.101	61.779	61.009	60.03	58.902	57.676	56.417	55.183	54.028	52.983	52.062	51.267	50.589	50.016	49.526	49.099
285.3	62.451	62.151	61.425	60.49	59.4	58.203	56.952	55.71	54.542	53.476	52.528	51.706	51.001	50.403	49.894	49.451
285.4	62.793	62.512	61.827	60.935	59.884	58.718	57.481	56.239	55.061	53.976	53.003	52.154	51.422	50.801	50.272	49.813
285.5	63.126	62.863	62.218	61.368	60.356	59.222	58.008	56.774	55.589	54.488	53.492	52.616	51.858	51.211	50.659	50.183
285.6	63.451	63.205	62.598	61.788	60.816	59.716	58.526	57.303	56.115	54.999	53.982	53.081	52.296	51.621	51.045	50.551
285.7	63.769	63.539	62.967	62.198	61.265	60.2	59.036	57.826	56.636	55.509	54.473	53.548	52.737	52.037	51.438	50.925
285.8	64.08	63.865	63.327	62.597	61.702	60.673	59.538	58.344	57.156	56.02	54.967	54.019	53.182	52.457	51.835	51.303
285.9	64.386	64.184	63.679	62.985	62.13	61.137	60.032	58.858	57.676	56.535	55.467	54.497	53.636	52.886	52.238	51.684
286	64.685	64.497	64.021	63.364	62.547	61.59	60.517	59.366	58.194	57.049	55.969	54.98	54.095	53.32	52.647	52.07
286.1	64.979	64.803	64.355	63.733	62.954	62.033	60.992	59.865	58.707	57.562	56.472	55.466	54.559	53.759	53.062	52.464
286.2	65.267	65.102	64.681	64.093	63.35	62.465	61.457	60.357	59.21	58.064	56.967	55.945	55.017	54.193	53.473	52.851
286.3	65.55	65.395	65	64.443	63.735	62.886	61.912	60.84	59.706	58.562	57.46	56.425	55.477	54.63	53.886	53.24
286.4	65.828	65.683	65.311	64.784	64.111	63.297	62.357	61.314	60.201	59.065	57.962	56.916	55.95	55.081	54.313	53.644
286.5	66.101	65.965	65.615	65.117	64.476	63.698	62.791	61.779	60.689	59.566	58.462	57.408	56.426	55.536	54.746	54.053
286.6	66.369	66.241	65.912	65.442	64.833	64.089	63.216	62.235	61.17	60.061	58.96	57.9	56.904	55.995	55.182	54.467
286.7	66.633	66.513	66.204	65.759	65.182	64.471	63.632	62.682	61.643	60.55	59.455	58.391	57.383	56.456	55.622	54.885
286.8	66.893	66.781	66.489	66.069	65.521	64.843	64.038	63.12	62.108	61.034	59.947	58.882	57.865	56.922	56.067	55.308
286.9	67.15	67.044	66.77	66.373	65.853	65.206	64.434	63.547	62.564	61.512	60.436	59.372	58.348	57.39	56.517	55.736
287	67.404	67.304	67.045	66.67	66.177	65.561	64.82	63.966	63.012	61.982	60.921	59.86	58.831	57.861	56.97	56.169
287.1	67.654	67.561	67.317	66.962	66.494	65.907	65.199	64.376	63.451	62.446	61.398	60.342	59.31	58.33	57.423	56.602
287.2	67.903	67.814	67.584	67.249	66.805	66.246	65.568	64.777	63.882	62.903	61.869	60.817	59.785	58.797	57.876	57.036
287.3	68.148	68.064	67.847	67.53	67.109	66.577	65.929	65.169	64.304	63.351	62.336	61.294	60.264	59.27	58.336	57.479
287.4	68.39	68.311	68.105	67.805	67.406	66.9	66.282	65.552	64.717	63.791	62.797	61.769	60.743	59.745	58.8	57.927
287.5	68.629	68.555	68.36	68.076	67.697	67.216	66.626	65.926	65.121	64.223	63.251	62.238	61.218	60.219	59.265	58.377
287.6	68.867	68.796	68.612	68.342	67.983	67.525	66.962	66.291	65.516	64.646	63.698	62.701	61.69	60.691	59.73	58.829
287.7	69.102	69.035	68.861	68.605	68.264	67.828	67.291	66.649	65.903	65.061	64.137	63.158	62.158	61.162	60.196	59.284
287.8	69.336	69.273	69.107	68.864	68.54	68.126	67.613	66.998	66.281	65.468	64.569	63.611	62.623	61.631	60.663	59.741
287.9	69.568	69.507	69.35	69.119	68.811	68.417	67.928	67.34	66.651	65.866	64.993	64.055	63.082	62.097	61.128	60.199
288	69.798	69.74	69.59	69.371	69.078	68.702	68.236	67.674	67.012	66.255	65.409	64.493	63.535	62.557	61.589	60.654
288.1	70.026	69.971	69.828	69.62	69.34	68.983	68.539	68.002	67.367	66.638	65.818	64.925	63.982	63.014	62.048	61.11
288.2	70.253	70.201	70.064	69.866	69.6	69.259	68.838	68.326	67.717	67.015	66.222	65.353	64.428	63.471	62.51	61.57
288.3	70.48	70.429	70.299	70.11	69.856	69.532	69.13	68.641	68.058	67.382	66.616	65.771	64.866	63.923	62.969	62.029
288.4	70.705	70.657	70.532	70.351	70.109	69.8	69.416	68.949	68.39	67.741	67.001	66.18	65.296	64.368	63.423	62.484
288.5	70.929	70.882	70.763	70.59	70.359	70.064	69.697	69.251	68.715	68.091	67.378	66.582	65.719	64.808	63.872	62.937
288.6	71.151	71.107	70.992	70.826	70.606	70.324	69.974	69.547	69.034	68.435	67.747	66.976	66.135	65.242	64.319	63.389
288.7	71.372	71.33	71.22	71.061	70.85	70.58	70.246	69.838	69.347	68.771	68.108	67.362	66.544	65.67	64.76	63.837
288.8	71.593	71.552	71.446	71.294	71.091	70.833	70.514	70.123	69.653	69.101	68.463	67.742	66.947	66.092	65.197	64.283
288.9	71.812	71.773	71.671	71.524	71.331	71.084	70.778	70.404	69.954	69.424	68.81	68.113	67.341	66.507	65.628	64.722
289	72.031	71.993	71.895	71.754	71.568	71.331	71.038	70.681	70.249	69.741	69.15	68.478	67.729	66.916	66.053	65.158
289.1	72.249	72.212	72.117	71.981	71.803	71.576	71.295	70.953	70.54	70.052	69.484	68.835	68.11	67.318	66.473	65.592
289.2	72.466	72.43	72.339	72.208	72.036	71.818	71.549	71.221	70.826	70.358	69.812	69.186	68.484	67.714	66.888	66.022
289.3	72.683	72.649	72.56	72.434	72.268	72.059	71.801	71.486	71.107	70.658	70.134	69.531	68.852	68.104	67.298	66.447
289.4	72.9	72.866	72.78	72.658	72.499	72.297	72.05	71.748	71.384	70.954	70.45	69.869	69.213	68.487	67.701	66.867
289.5	73.116	73.083	73	72.882	72.728	72.534	72.296	72.006	71.658	71.244	70.76	70.202	69.568	68.864	68.098	67.282
289.6	73.331	73.299	73.219	73.104	72.955	72.768	72.54	72.262	71.927	71.53	71.065	70.528	69.916	69.234	68.489	67.691
289.7	73.546	73.516	73.437	73.326	73.182	73.002	72.781	72.514	72.194	71.813	71.366	70.849	70.26	69.599	68.875	68.097
289.8	73.761	73.731	73.655	73.547	73.408	73.233	73.021	72.764	72.457	72.092	71.663	71.166	70.597	69.959	69.256	68.496
289.9	73.975	73.946	73.872	73.767	73.632	73.463	73.259	73.011	72.716	72.366	71.954	71.475	70.928	70.31	69.628	68.888
290	74.188	74.16	74.088	73.986	73.855	73.692	73.494	73.256	72.972	72.635	72.239	71.779	71.251	70.655	69.994	69.274
290.1	74.401	74.373	74.303	74.204	74.076	73.918	73.727	73.497	73.224	72.9	72.519	72.077	71.569	70.993	70.353	69.653
290.2	74.613	74.586	74.518	74.421	74.297	74.144	73.959	73.737	73.474	73.162	72.796	72.371	71.881	71.326	70.706	70.026
290.3	74.825	74.798	74.732	74.638	74.517	74.368	74.189	73.975	73.721	73.421	73.068	72.66	72.189	71.653	71.053	70.393
290.4	75.036	75.011	74.946	74.854	74.736	74.592	74.418	74.211	73.966	73.677	73.338	72.944	72.491	71.974	71.394	70.754
290.5	75.247	75.222	75.159	75.069	74.955	74.814	74.646	74.445	74.209	73.93	73.604	73.225	72.788	72.29	71.729	71.109
290.6	75.458	75.433	75.371	75.284	75.172	75.036	74.872	74.678	74.449	74.18	73.866	73.501	73.081	72.6	72.059	71.457
290.7	75.668	75.644	75.584	75.498	75.389	75.256	75.097	74.909	74.688	74.428	74.125	73.774	73.369	72.906	72.383	71.8
290.8	75.879	75.855	75.796	75.712	75.606	75.476	75.322	75.139	74.925	74.674	74.382	74.043	73.653	73.207	72.701	72.137
290.9	76.089	76.066	76.008	75.926	75.822	75.696	75.545	75.368	75.16	74.918	74.636	74.309	73.933	73.503	73.015	72.469
291	76.298	76.276	76.219	76.139	76.038	75.914	75.768	75.595	75.394	75.16	74.887	74.572	74.21	73.795	73.323	72.796
291.1	76.508	76.486	76.43	76.352	76.253	76.132	75.989	75.822	75.626	75.399	75.136	74.832	74.482	74.082	73.627	73.117
291.2	76.717	76.696	76.641	76.564	76.467	76.349	76.21	76.047	75.857	75.637	75.382	75.089	74.751	74.365	73.926	73.433
291.3	76.926	76.905	76.851	76.776	76.681	76.566	76.43	76.271	76.087	75.873	75.627	75.343	75.017	74.645	74.221	73.744
291.4	77.135	77.114	77.062	76.988	76.895	76.782	76.649	76.494	76.315	76.108	75.869	75.595	75.281	74.921	74.512	74.051
291.5	77.343	77.323	77.271	77.199	77.108	76.998	76.868	76.717	76.542	76.341	76.11	75.845	75.541	75.194	74.798	74.353
291.6	77.551	77.532	77.481	77.41	77.321	77.213	77.086	76.938	76.768	76.572	76.348	76.092	75.798	75.462	75.08	74.65
291.7	77.759	77.74	77.69	77.621	77.533	77.427	77.303	77.158	76.992	76.802	76.585	76.336	76.051	75.727	75.358	74.942
291.8	77.967	77.948	77.899	77.831	77.745	77.641	77.519	77.378	77.216	77.031	76.819	76.578	76.303	75.989	75.633	75.231
291.9	78.174	78.155	78.107	78.04	77.956	77.854	77.735	77.597	77.439	77.258	77.053	76.819	76.552	76.248	75.904	75.515
292	78.381	78.363	78.316	78.25	78.167	78.067	77.95	77.815	77.661	77.485	77.285	77.057	76.798	76.504	76.171	75.796
292.1	78.588	78.57	78.524	78.459	78.378	78.28	78.165	78.033	77.882	77.71	77.515	77.294	77.043	76.758	76.436	76.073
292.2	78.794	78.777	78.732	78.668	78.588	78.492	78.38	78.25	78.102	77.934	77.744	77.529	77.286	77.01	76.698	76.346
292.3	79.001	78.984	78.939	78.877	78.798	78.704	78.594	78.467	78.322	78.158	77.973	77.763	77.526	77.259	76.956	76.616
292.4	79.207	79.19	79.147	79.085	79.008	78.916	78.807	78.683	78.541	78.381	78.2	77.996	77.765	77.506	77.213	76.883
292.5	79.414	79.397	79.354	79.294	79.218	79.127	79.021	78.898	78.76	78.603	78.426	78.227	78.003	77.751	77.467	77.147
292.6	79.62	79.603	79.561	79.502	79.427	79.338	79.234	79.114	78.978	78.824	78.651	78.457	78.239	77.994	77.718	77.409
292.7	79.826	79.81	79.768	79.71	79.637	79.549	79.446	79.328	79.195	79.044	78.876	78.686	78.474	78.236	77.968	77.667
292.8	80.032	80.016	79.975	79.918	79.845	79.759	79.658	79.543	79.412	79.264	79.099	78.914	78.707	78.475	78.215	77.923
292.9	80.237	80.221	80.181	80.124	80.053	79.968	79.869	79.756	79.627	79.483	79.321	79.141	78.938	78.713	78.46	78.177
293	80.441	80.426	80.386	80.331	80.261	80.177	80.08	79.968	79.842	79.7	79.542	79.365	79.168	78.948	78.702	78.427
293.1	80.645	80.63	80.591	80.536	80.468	80.385	80.289	80.18	80.056	79.917	79.762	79.589	79.397	79.182	78.943	78.676
293.2	80.849	80.834	80.795	80.741	80.674	80.593	80.498	80.391	80.269	80.133	79.981	79.812	79.624	79.415	79.182	78.922
293.3	81.052	81.037	81	80.947	80.88	80.8	80.708	80.602	80.482	80.349	80.199	80.034	79.85	79.646	79.419	79.166
293.4	81.256	81.241	81.204	81.152	81.086	81.008	80.917	80.813	80.695	80.564	80.418	80.255	80.076	79.876	79.655	79.408
293.5	81.459	81.445	81.408	81.357	81.292	81.215	81.125	81.023	80.908	80.779	80.635	80.476	80.3	80.106	79.89	79.649
293.6	81.663	81.649	81.613	81.562	81.499	81.422	81.334	81.233	81.12	80.993	80.852	80.696	80.524	80.334	80.123	79.889
293.7	81.866	81.853	81.817	81.767	81.705	81.63	81.543	81.444	81.332	81.208	81.069	80.916	80.748	80.562	80.356	80.127
293.8	82.07	82.056	82.021	81.972	81.911	81.837	81.751	81.654	81.544	81.422	81.286	81.136	80.97	80.788	80.587	80.364
293.9	82.274	82.26	82.226	82.177	82.116	82.044	81.959	81.863	81.756	81.635	81.502	81.354	81.192	81.014	80.817	80.6
294	82.477	82.464	82.43	82.382	82.322	82.25	82.167	82.073	81.967	81.848	81.717	81.572	81.413	81.239	81.046	80.834
294.1	82.68	82.667	82.633	82.586	82.527	82.457	82.375	82.282	82.178	82.061	81.932	81.79	81.634	81.462	81.274	81.066
294.2	82.883	82.87	82.837	82.791	82.733	82.663	82.582	82.491	82.388	82.273	82.146	82.007	81.853	81.685	81.501	81.298
294.3	83.086	83.073	83.04	82.995	82.938	82.869	82.789	82.699	82.598	82.485	82.36	82.223	82.072	81.908	81.727	81.528
294.4	83.288	83.276	83.244	83.199	83.142	83.074	82.996	82.907	82.807	82.696	82.574	82.439	82.291	82.129	81.951	81.757
294.5	83.49	83.478	83.446	83.402	83.346	83.28	83.202	83.115	83.017	82.907	82.786	82.653	82.508	82.349	82.175	81.985
294.6	83.693	83.68	83.649	83.605	83.55	83.485	83.409	83.322	83.225	83.118	82.999	82.868	82.725	82.569	82.398	82.212
294.7	83.895	83.883	83.852	83.809	83.754	83.69	83.615	83.529	83.434	83.328	83.211	83.082	82.942	82.788	82.621	82.438
294.8	84.097	84.085	84.054	84.012	83.958	83.894	83.82	83.736	83.642	83.537	83.422	83.295	83.157	83.007	82.842	82.663
294.9	84.298	84.286	84.256	84.214	84.161	84.098	84.026	83.943	83.85	83.747	83.633	83.508	83.372	83.224	83.063	82.887
295	84.499	84.488	84.458	84.416	84.364	84.302	84.23	84.148	84.057	83.955	83.843	83.721	83.587	83.441	83.283	83.11
295.1	84.7	84.688	84.659	84.618	84.567	84.505	84.434	84.354	84.263	84.163	84.053	83.932	83.8	83.657	83.502	83.332
295.2	84.9	84.889	84.86	84.82	84.769	84.708	84.638	84.559	84.47	84.371	84.262	84.143	84.013	83.872	83.719	83.553
295.3	85.1	85.089	85.06	85.021	84.97	84.911	84.842	84.763	84.675	84.578	84.47	84.353	84.225	84.087	83.936	83.773
295.4	85.299	85.288	85.26	85.221	85.172	85.113	85.044	84.967	84.88	84.784	84.678	84.563	84.437	84.3	84.153	83.992
295.5	85.499	85.488	85.46	85.421	85.372	85.314	85.247	85.17	85.085	84.99	84.886	84.772	84.648	84.514	84.368	84.21
295.6	85.698	85.688	85.66	85.622	85.574	85.516	85.45	85.374	85.29	85.196	85.093	84.981	84.859	84.727	84.583	84.428
295.7	85.899	85.888	85.861	85.823	85.775	85.719	85.653	85.579	85.495	85.403	85.301	85.191	85.07	84.94	84.799	84.647
295.8	86.099	86.089	86.062	86.024	85.977	85.921	85.857	85.783	85.701	85.61	85.509	85.4	85.282	85.153	85.014	84.864
295.9	86.3	86.289	86.263	86.226	86.18	86.124	86.06	85.988	85.906	85.816	85.718	85.61	85.493	85.366	85.23	85.082
296	86.501	86.49	86.464	86.428	86.382	86.327	86.264	86.192	86.112	86.023	85.926	85.819	85.704	85.579	85.445	85.299
296.1	86.701	86.691	86.665	86.629	86.584	86.53	86.467	86.397	86.317	86.23	86.134	86.029	85.915	85.792	85.659	85.516
296.2	86.902	86.892	86.866	86.83	86.786	86.732	86.671	86.601	86.522	86.436	86.341	86.238	86.125	86.004	85.873	85.732
296.3	87.101	87.091	87.066	87.031	86.987	86.934	86.873	86.804	86.727	86.641	86.548	86.446	86.335	86.215	86.086	85.947
296.4	87.3	87.291	87.266	87.231	87.187	87.135	87.075	87.007	86.93	86.846	86.753	86.653	86.543	86.425	86.298	86.161
296.5	87.499	87.489	87.465	87.43	87.387	87.335	87.276	87.208	87.133	87.05	86.958	86.859	86.751	86.635	86.509	86.374
296.6	87.697	87.687	87.663	87.629	87.586	87.535	87.477	87.41	87.336	87.253	87.163	87.065	86.958	86.843	86.72	86.587
296.7	87.895	87.886	87.862	87.828	87.786	87.735	87.677	87.611	87.538	87.456	87.367	87.27	87.165	87.052	86.93	86.799
296.8	88.093	88.084	88.06	88.027	87.985	87.935	87.877	87.812	87.74	87.659	87.571	87.475	87.372	87.26	87.139	87.01
296.9	88.291	88.282	88.258	88.225	88.184	88.135	88.078	88.014	87.942	87.862	87.775	87.681	87.578	87.467	87.349	87.221
297	88.489	88.48	88.457	88.424	88.384	88.335	88.279	88.215	88.144	88.065	87.979	87.886	87.784	87.675	87.558	87.432
297.1	88.688	88.679	88.656	88.623	88.583	88.535	88.479	88.416	88.346	88.268	88.183	88.091	87.991	87.883	87.767	87.643
297.2	88.886	88.877	88.855	88.823	88.783	88.735	88.68	88.618	88.548	88.472	88.388	88.296	88.197	88.091	87.977	87.854
297.3	89.085	89.076	89.053	89.022	88.982	88.935	88.881	88.819	88.75	88.675	88.592	88.501	88.404	88.298	88.186	88.065
297.4	89.283	89.274	89.252	89.221	89.182	89.135	89.081	89.02	88.952	88.877	88.795	88.706	88.609	88.505	88.394	88.275
297.5	89.481	89.472	89.45	89.419	89.381	89.335	89.281	89.221	89.154	89.08	88.998	88.91	88.815	88.712	88.602	88.484
297.6	89.679	89.67	89.649	89.618	89.58	89.534	89.482	89.422	89.355	89.282	89.202	89.114	89.02	88.919	88.81	88.694
297.7	89.877	89.868	89.847	89.817	89.779	89.734	89.681	89.622	89.556	89.484	89.404	89.318	89.225	89.125	89.018	88.903
297.8	90.074	90.066	90.045	90.015	89.977	89.933	89.881	89.822	89.757	89.685	89.607	89.522	89.43	89.331	89.225	89.111
297.9	90.271	90.263	90.242	90.212	90.175	90.131	90.08	90.022	89.958	89.887	89.809	89.725	89.634	89.536	89.431	89.319
298	90.468	90.46	90.439	90.41	90.373	90.33	90.279	90.222	90.158	90.088	90.011	89.928	89.838	89.741	89.637	89.527
298.1	90.665	90.657	90.637	90.608	90.571	90.528	90.478	90.421	90.358	90.289	90.213	90.13	90.041	89.946	89.844	89.734
298.2	90.863	90.854	90.834	90.805	90.769	90.727	90.677	90.621	90.558	90.49	90.415	90.333	90.245	90.151	90.05	89.941
298.3	91.059	91.051	91.031	91.003	90.967	90.925	90.876	90.82	90.758	90.69	90.616	90.536	90.449	90.355	90.255	90.148
298.4	91.256	91.248	91.228	91.2	91.165	91.123	91.074	91.019	90.958	90.891	90.817	90.738	90.652	90.559	90.46	90.355
298.5	91.452	91.445	91.425	91.397	91.362	91.32	91.272	91.218	91.157	91.091	91.018	90.939	90.854	90.763	90.665	90.561
298.6	91.649	91.641	91.621	91.594	91.559	91.518	91.47	91.417	91.357	91.291	91.219	91.141	91.057	90.967	90.87	90.767
298.7	91.845	91.838	91.818	91.791	91.757	91.716	91.669	91.616	91.556	91.491	91.42	91.343	91.26	91.17	91.075	90.973
298.8	92.042	92.034	92.015	91.988	91.954	91.913	91.867	91.814	91.756	91.691	91.621	91.545	91.462	91.374	91.279	91.178
298.9	92.238	92.23	92.211	92.184	92.151	92.111	92.065	92.013	91.955	91.891	91.821	91.746	91.664	91.577	91.483	91.383
299	92.434	92.426	92.407	92.381	92.347	92.308	92.262	92.211	92.153	92.09	92.022	91.947	91.866	91.779	91.687	91.588
299.1	92.63	92.622	92.603	92.577	92.544	92.505	92.46	92.409	92.352	92.29	92.221	92.147	92.067	91.982	91.89	91.793
299.2	92.825	92.818	92.799	92.773	92.741	92.702	92.657	92.607	92.55	92.489	92.421	92.348	92.269	92.184	92.093	91.997
299.3	93.021	93.014	92.995	92.969	92.937	92.898	92.854	92.804	92.749	92.687	92.621	92.548	92.47	92.386	92.296	92.201
299.4	93.216	93.209	93.191	93.165	93.133	93.095	93.051	93.002	92.946	92.886	92.82	92.748	92.67	92.587	92.498	92.404
299.5	93.411	93.404	93.386	93.36	93.329	93.291	93.247	93.199	93.144	93.084	93.019	92.947	92.871	92.788	92.7	92.607
299.6	93.606	93.599	93.581	93.556	93.524	93.487	93.444	93.395	93.341	93.282	93.217	93.147	93.071	92.989	92.902	92.81
299.7	93.801	93.794	93.776	93.751	93.72	93.683	93.64	93.592	93.539	93.48	93.416	93.346	93.271	93.19	93.104	93.012
299.8	93.996	93.989	93.971	93.946	93.916	93.879	93.837	93.789	93.736	93.678	93.614	93.545	93.471	93.391	93.305	93.215
299.9	94.191	94.184	94.166	94.142	94.111	94.075	94.033	93.986	93.933	93.876	93.813	93.744	93.671	93.591	93.507	93.417
300	94.386	94.379	94.362	94.337	94.307	94.271	94.23	94.183	94.131	94.074	94.011	93.944	93.871	93.792	93.709	93.62
300.1	94.581	94.574	94.557	94.533	94.503	94.467	94.426	94.38	94.328	94.271	94.21	94.143	94.07	93.993	93.91	93.822
300.2	94.776	94.769	94.752	94.728	94.698	94.663	94.622	94.576	94.525	94.469	94.408	94.341	94.27	94.193	94.111	94.024
300.3	94.97	94.963	94.946	94.923	94.893	94.858	94.818	94.772	94.722	94.666	94.605	94.54	94.469	94.393	94.312	94.226
300.4	95.164	95.158	95.141	95.118	95.088	95.054	95.014	94.968	94.918	94.863	94.803	94.738	94.668	94.592	94.512	94.427
300.5	95.359	95.352	95.335	95.312	95.283	95.249	95.209	95.164	95.115	95.06	95	94.936	94.866	94.792	94.712	94.628
300.6	95.553	95.546	95.53	95.507	95.478	95.444	95.405	95.36	95.311	95.257	95.198	95.134	95.065	94.991	94.913	94.829
300.7	95.747	95.741	95.725	95.702	95.673	95.639	95.601	95.557	95.508	95.454	95.395	95.332	95.264	95.191	95.113	95.03
300.8	95.942	95.935	95.919	95.897	95.868	95.835	95.796	95.753	95.704	95.651	95.593	95.53	95.462	95.39	95.313	95.231
300.9	96.136	96.13	96.114	96.091	96.063	96.03	95.992	95.949	95.901	95.848	95.79	95.728	95.661	95.589	95.513	95.432
301	96.33	96.324	96.308	96.286	96.258	96.225	96.187	96.145	96.097	96.045	95.987	95.926	95.859	95.788	95.713	95.632
301.1	96.525	96.518	96.503	96.481	96.453	96.42	96.383	96.34	96.293	96.241	96.184	96.123	96.058	95.987	95.912	95.832
301.2	96.719	96.713	96.697	96.675	96.648	96.615	96.578	96.536	96.489	96.438	96.381	96.321	96.256	96.186	96.112	96.032
301.3	96.913	96.907	96.891	96.869	96.842	96.81	96.773	96.731	96.685	96.634	96.578	96.518	96.454	96.385	96.311	96.232
301.4	97.106	97.1	97.085	97.063	97.037	97.005	96.968	96.927	96.881	96.83	96.775	96.715	96.651	96.583	96.51	96.432
301.5	97.3	97.294	97.278	97.257	97.23	97.199	97.162	97.121	97.076	97.026	96.971	96.912	96.848	96.78	96.708	96.631
301.6	97.493	97.487	97.472	97.45	97.424	97.393	97.357	97.316	97.271	97.221	97.167	97.108	97.045	96.978	96.906	96.83
301.7	97.686	97.68	97.664	97.643	97.617	97.586	97.55	97.51	97.465	97.416	97.362	97.304	97.241	97.175	97.104	97.028
301.8	97.878	97.872	97.857	97.836	97.81	97.779	97.744	97.704	97.659	97.61	97.557	97.499	97.437	97.371	97.301	97.226
301.9	98.07	98.064	98.049	98.029	98.003	97.972	97.937	97.897	97.853	97.804	97.752	97.695	97.633	97.568	97.498	97.424
302	98.262	98.256	98.242	98.221	98.195	98.165	98.13	98.091	98.047	97.999	97.946	97.89	97.829	97.764	97.695	97.621
302.1	98.454	98.449	98.434	98.414	98.388	98.358	98.323	98.284	98.241	98.193	98.141	98.085	98.025	97.96	97.892	97.819
302.2	98.647	98.641	98.626	98.606	98.581	98.551	98.517	98.478	98.435	98.387	98.336	98.28	98.22	98.157	98.089	98.016
302.3	98.839	98.833	98.819	98.798	98.773	98.744	98.71	98.671	98.629	98.582	98.531	98.475	98.416	98.353	98.285	98.214
302.4	99.031	99.025	99.011	98.991	98.966	98.937	98.903	98.865	98.822	98.776	98.725	98.67	98.612	98.549	98.482	98.411
302.5	99.223	99.218	99.203	99.184	99.159	99.13	99.096	99.059	99.016	98.97	98.92	98.866	98.807	98.745	98.679	98.608
302.6	99.416	99.41	99.396	99.377	99.352	99.323	99.29	99.253	99.211	99.165	99.115	99.061	99.003	98.942	98.876	98.806
302.7	99.609	99.603	99.589	99.569	99.545	99.517	99.484	99.446	99.405	99.36	99.31	99.257	99.199	99.138	99.073	99.003
302.8	99.801	99.796	99.782	99.762	99.738	99.71	99.677	99.64	99.599	99.554	99.505	99.452	99.395	99.334	99.269	99.201
302.9	99.993	99.988	99.974	99.955	99.931	99.903	99.87	99.834	99.793	99.748	99.7	99.647	99.59	99.53	99.466	99.398
303	100.19	100.18	100.17	100.15	100.12	100.1	100.06	100.03	99.987	99.943	99.894	99.842	99.786	99.726	99.662	99.595
303.1	100.38	100.37	100.36	100.34	100.32	100.29	100.26	100.22	100.18	100.14	100.09	100.04	99.981	99.922	99.859	99.792
303.2	100.57	100.56	100.55	100.53	100.51	100.48	100.45	100.41	100.37	100.33	100.28	100.23	100.18	100.12	100.05	99.989
303.3	100.76	100.76	100.74	100.73	100.7	100.67	100.64	100.61	100.57	100.52	100.48	100.43	100.37	100.31	100.25	100.19
303.4	100.95	100.95	100.94	100.92	100.89	100.87	100.84	100.8	100.76	100.72	100.67	100.62	100.57	100.51	100.45	100.38
303.5	101.15	101.14	101.13	101.11	101.09	101.06	101.03	100.99	100.95	100.91	100.87	100.82	100.76	100.7	100.64	100.58
303.6	101.34	101.33	101.32	101.3	101.28	101.25	101.22	101.19	101.15	101.11	101.06	101.01	100.96	100.9	100.84	100.77
303.7	101.53	101.52	101.51	101.49	101.47	101.44	101.41	101.38	101.34	101.3	101.25	101.2	101.15	101.09	101.03	100.97
303.8	101.72	101.71	101.7	101.68	101.66	101.64	101.6	101.57	101.53	101.49	101.45	101.4	101.34	101.29	101.23	101.16
303.9	101.91	101.91	101.89	101.87	101.85	101.83	101.8	101.76	101.72	101.68	101.64	101.59	101.54	101.48	101.42	101.36
304	102.1	102.1	102.08	102.06	102.04	102.02	101.99	101.95	101.92	101.87	101.83	101.78	101.73	101.67	101.62	101.55
304.1	102.29	102.29	102.27	102.26	102.23	102.21	102.18	102.14	102.11	102.07	102.02	101.97	101.92	101.87	101.81	101.75
304.2	102.48	102.48	102.46	102.45	102.42	102.4	102.37	102.34	102.3	102.26	102.21	102.17	102.12	102.06	102	101.94
304.3	102.67	102.67	102.65	102.64	102.61	102.59	102.56	102.53	102.49	102.45	102.41	102.36	102.31	102.25	102.2	102.13
304.4	102.86	102.86	102.84	102.83	102.8	102.78	102.75	102.72	102.68	102.64	102.6	102.55	102.5	102.45	102.39	102.33
304.5	103.05	103.05	103.03	103.02	103	102.97	102.94	102.91	102.87	102.83	102.79	102.74	102.69	102.64	102.58	102.52
304.6	103.24	103.24	103.22	103.21	103.19	103.16	103.13	103.1	103.06	103.02	102.98	102.94	102.89	102.83	102.78	102.72
304.7	103.43	103.43	103.42	103.4	103.38	103.35	103.32	103.29	103.26	103.22	103.17	103.13	103.08	103.03	102.97	102.91
304.8	103.62	103.62	103.61	103.59	103.57	103.54	103.52	103.48	103.45	103.41	103.37	103.32	103.27	103.22	103.17	103.11
304.9	103.81	103.81	103.8	103.78	103.76	103.74	103.71	103.68	103.64	103.6	103.56	103.52	103.47	103.41	103.36	103.3
305	104.01	104	103.99	103.97	103.95	103.93	103.9	103.87	103.83	103.79	103.75	103.71	103.66	103.61	103.55	103.5
305.1	104.2	104.19	104.18	104.16	104.14	104.12	104.09	104.06	104.02	103.99	103.95	103.9	103.85	103.8	103.75	103.69
305.2	104.39	104.38	104.37	104.35	104.33	104.31	104.28	104.25	104.22	104.18	104.14	104.09	104.05	104	103.94	103.88
305.3	104.58	104.57	104.56	104.54	104.52	104.5	104.47	104.44	104.41	104.37	104.33	104.29	104.24	104.19	104.14	104.08
305.4	104.77	104.76	104.75	104.73	104.71	104.69	104.66	104.63	104.6	104.56	104.52	104.48	104.43	104.38	104.33	104.27
305.5	104.96	104.95	104.94	104.92	104.9	104.88	104.85	104.82	104.79	104.75	104.71	104.67	104.62	104.57	104.52	104.47
305.6	105.15	105.14	105.13	105.11	105.09	105.07	105.04	105.01	104.98	104.94	104.9	104.86	104.82	104.77	104.71	104.66
305.7	105.33	105.33	105.32	105.3	105.28	105.26	105.23	105.2	105.17	105.13	105.1	105.05	105.01	104.96	104.91	104.85
305.8	105.52	105.52	105.51	105.49	105.47	105.45	105.42	105.39	105.36	105.32	105.29	105.24	105.2	105.15	105.1	105.04
305.9	105.71	105.71	105.7	105.68	105.66	105.64	105.61	105.58	105.55	105.52	105.48	105.43	105.39	105.34	105.29	105.24
306	105.9	105.9	105.89	105.87	105.85	105.83	105.8	105.77	105.74	105.71	105.67	105.63	105.58	105.53	105.48	105.43
306.1	106.09	106.09	106.08	106.06	106.04	106.02	105.99	105.96	105.93	105.9	105.86	105.82	105.77	105.72	105.67	105.62
306.2	106.28	106.28	106.27	106.25	106.23	106.21	106.18	106.15	106.12	106.09	106.05	106.01	105.96	105.92	105.87	105.81
306.3	106.47	106.47	106.45	106.44	106.42	106.4	106.37	106.34	106.31	106.28	106.24	106.2	106.16	106.11	106.06	106.01
306.4	106.66	106.65	106.64	106.63	106.61	106.59	106.56	106.53	106.5	106.47	106.43	106.39	106.35	106.3	106.25	106.2
306.5	106.85	106.84	106.83	106.82	106.8	106.78	106.75	106.72	106.69	106.66	106.62	106.58	106.54	106.49	106.44	106.39
306.6	107.04	107.03	107.02	107.01	106.99	106.97	106.94	106.91	106.88	106.85	106.81	106.77	106.73	106.68	106.63	106.58
306.7	107.23	107.22	107.21	107.2	107.18	107.16	107.13	107.1	107.07	107.04	107	106.96	106.92	106.87	106.83	106.77
306.8	107.41	107.41	107.4	107.38	107.37	107.34	107.32	107.29	107.26	107.23	107.19	107.15	107.11	107.06	107.02	106.97
306.9	107.6	107.6	107.59	107.57	107.56	107.53	107.51	107.48	107.45	107.42	107.38	107.34	107.3	107.26	107.21	107.16
307	107.79	107.79	107.78	107.76	107.74	107.72	107.7	107.67	107.64	107.61	107.57	107.53	107.49	107.45	107.4	107.35
307.1	107.98	107.98	107.96	107.95	107.93	107.91	107.89	107.86	107.83	107.8	107.76	107.72	107.68	107.64	107.59	107.54
307.2	108.17	108.16	108.15	108.14	108.12	108.1	108.08	108.05	108.02	107.99	107.95	107.91	107.87	107.83	107.78	107.73
307.3	108.36	108.35	108.34	108.33	108.31	108.29	108.27	108.24	108.21	108.18	108.14	108.1	108.06	108.02	107.97	107.92
307.4	108.55	108.54	108.53	108.52	108.5	108.48	108.46	108.43	108.4	108.37	108.33	108.29	108.25	108.21	108.16	108.12
307.5	108.73	108.73	108.72	108.71	108.69	108.67	108.64	108.62	108.59	108.56	108.52	108.48	108.44	108.4	108.36	108.31
307.6	108.92	108.92	108.91	108.89	108.88	108.86	108.83	108.81	108.78	108.75	108.71	108.67	108.63	108.59	108.55	108.5
307.7	109.11	109.11	109.1	109.08	109.06	109.04	109.02	109	108.97	108.94	108.9	108.86	108.82	108.78	108.74	108.69
307.8	109.3	109.29	109.28	109.27	109.25	109.23	109.21	109.18	109.16	109.12	109.09	109.05	109.01	108.97	108.93	108.88
307.9	109.49	109.48	109.47	109.46	109.44	109.42	109.4	109.37	109.34	109.31	109.28	109.24	109.2	109.16	109.12	109.07
308	109.67	109.67	109.66	109.65	109.63	109.61	109.59	109.56	109.53	109.5	109.47	109.43	109.39	109.35	109.31	109.26
308.1	109.86	109.86	109.85	109.83	109.82	109.8	109.77	109.75	109.72	109.69	109.66	109.62	109.58	109.54	109.5	109.45
308.2	110.05	110.04	110.03	110.02	110	109.99	109.96	109.94	109.91	109.88	109.85	109.81	109.77	109.73	109.69	109.65
308.3	110.24	110.23	110.22	110.21	110.19	110.17	110.15	110.13	110.1	110.07	110.04	110	109.96	109.92	109.88	109.84
308.4	110.42	110.42	110.41	110.4	110.38	110.36	110.34	110.32	110.29	110.26	110.23	110.19	110.15	110.11	110.07	110.03
308.5	110.61	110.61	110.6	110.58	110.57	110.55	110.53	110.5	110.48	110.45	110.42	110.38	110.34	110.3	110.26	110.22
308.6	110.8	110.79	110.79	110.77	110.76	110.74	110.72	110.69	110.67	110.64	110.6	110.57	110.53	110.49	110.45	110.41
308.7	110.99	110.98	110.97	110.96	110.94	110.93	110.9	110.88	110.85	110.82	110.79	110.76	110.72	110.68	110.64	110.6
308.8	111.17	111.17	111.16	111.15	111.13	111.11	111.09	111.07	111.04	111.01	110.98	110.95	110.91	110.87	110.83	110.79
308.9	111.36	111.36	111.35	111.33	111.32	111.3	111.28	111.26	111.23	111.2	111.17	111.14	111.1	111.06	111.02	110.98
309	111.55	111.54	111.53	111.52	111.51	111.49	111.47	111.44	111.42	111.39	111.36	111.33	111.29	111.25	111.21	111.17
309.1	111.73	111.73	111.72	111.71	111.69	111.67	111.65	111.63	111.6	111.58	111.55	111.51	111.48	111.44	111.4	111.36
309.2	111.92	111.91	111.91	111.89	111.88	111.86	111.84	111.82	111.79	111.76	111.73	111.7	111.67	111.63	111.59	111.55
309.3	112.11	112.1	112.09	112.08	112.07	112.05	112.03	112.01	111.98	111.95	111.92	111.89	111.86	111.82	111.78	111.74
309.4	112.29	112.29	112.28	112.27	112.25	112.24	112.22	112.19	112.17	112.14	112.11	112.08	112.05	112.01	111.97	111.93
309.5	112.48	112.48	112.47	112.46	112.44	112.42	112.4	112.38	112.36	112.33	112.3	112.27	112.23	112.2	112.16	112.12
