0	0	0.1	0.2	0.3	0.4	0.5	0.6	0.7	0.8	0.9	1	1.1	1.2	1.3	1.4	1.5	1.6	1.7
255	290.5611	290.4030	290.2056	289.9294	289.5275	288.9234	288.0678	287.0503	285.9823	284.9216	283.9131	282.9920	282.1562	281.3950	280.7005	280.0657	279.4803	278.9211
255.1	290.6929	290.5204	290.3124	290.0330	289.6374	289.0435	288.1960	287.1861	286.1268	285.0751	284.0737	283.1564	282.3213	281.5585	280.8607	280.2217	279.6317	279.0679
255.2	290.8247	290.6377	290.4189	290.1364	289.7472	289.1635	288.3243	287.3218	286.2714	285.2286	284.2343	283.3207	282.4864	281.7219	281.0209	280.3777	279.7831	279.2146
255.3	290.9565	290.7551	290.5257	290.2401	289.8572	289.2835	288.4526	287.4576	286.4159	285.3821	284.3948	283.4850	282.6514	281.8853	281.1810	280.5336	279.9346	279.3614
255.4	291.0883	290.8730	290.6333	290.3446	289.9676	289.4037	288.5808	287.5933	286.5604	285.5356	284.5554	283.6493	282.8162	282.0485	281.3412	280.6897	280.0861	279.5082
255.5	291.2202	290.9917	290.7421	290.4503	290.0788	289.5240	288.7089	287.7289	286.7050	285.6891	284.7160	283.8134	282.9808	282.2116	281.5012	280.8458	280.2377	279.6551
255.6	291.3522	291.1114	290.8526	290.5578	290.1911	289.6446	288.8370	287.8644	286.8495	285.8428	284.8767	283.9773	283.1451	282.3744	281.6613	281.0020	280.3895	279.8020
255.7	291.4842	291.2324	290.9653	290.6676	290.3048	289.7656	288.9649	287.9998	286.9940	285.9965	285.0374	284.1411	283.3090	282.5370	281.8213	281.1585	280.5415	279.9491
255.8	291.6163	291.3551	291.0807	290.7802	290.4203	289.8870	289.0927	288.1351	287.1385	286.1503	285.1981	284.3046	283.4725	282.6992	281.9813	281.3151	280.6937	280.0964
255.9	291.7486	291.4796	291.1993	290.8960	290.5377	290.0089	289.2204	288.2702	287.2831	286.3042	285.3588	284.4679	283.6355	282.8611	282.1412	281.4720	280.8462	280.2438
256	291.8809	291.6064	291.3215	291.0157	290.6574	290.1314	289.3479	288.4051	287.4276	286.4583	285.5196	284.6308	283.7979	283.0225	282.3011	281.6292	280.9991	280.3915
256.1	292.0134	291.7357	291.4478	291.1395	290.7798	290.2545	289.4752	288.5398	287.5721	286.6125	285.6805	284.7934	283.9597	283.1834	282.4609	281.7866	281.1523	280.5393
256.2	292.1460	291.8678	291.5787	291.2681	290.9051	290.3784	289.6023	288.6743	287.7166	286.7668	285.8414	284.9557	284.1208	283.3438	282.6207	281.9445	281.3060	280.6875
256.3	292.2788	292.0029	291.7147	291.4020	291.0337	290.5030	289.7291	288.8085	287.8611	286.9214	286.0024	285.1175	284.2811	283.5037	282.7805	282.1027	281.4601	280.8359
256.4	292.4118	292.1413	291.8561	291.5415	291.1657	290.6286	289.8557	288.9425	288.0056	287.0761	286.1634	285.2789	284.4406	283.6629	282.9401	282.2614	281.6148	280.9847
256.5	292.5449	292.2826	292.0023	291.6860	291.3009	290.7551	289.9822	289.0762	288.1501	287.2309	286.3245	285.4398	284.5991	283.8215	283.0998	282.4205	281.7700	281.1338
256.6	292.6783	292.4263	292.1524	291.8346	291.4389	290.8826	290.1086	289.2096	288.2942	287.3856	286.4853	285.6000	284.7567	283.9793	283.2594	282.5801	281.9257	281.2833
256.7	292.8119	292.5719	292.3057	291.9867	291.5794	291.0113	290.2352	289.3426	288.4380	287.5399	286.6457	285.7594	284.9132	284.1365	283.4190	282.7403	282.0821	281.4332
256.8	292.9457	292.7189	292.4611	292.1412	291.7219	291.1411	290.3621	289.4753	288.5811	287.6936	286.8053	285.9177	285.0687	284.2932	283.5787	282.9011	282.2391	281.5835
256.9	293.0797	292.8668	292.6180	292.2975	291.8662	291.2722	290.4895	289.6076	288.7234	287.8462	286.9638	286.0750	285.2232	284.4493	283.7385	283.0624	282.3968	281.7343
257	293.2141	293.0150	292.7754	292.4546	292.0117	291.4046	290.6174	289.7395	288.8646	287.9976	287.1210	286.2310	285.3768	284.6050	283.8986	283.2245	282.5552	281.8856
257.1	293.3487	293.1631	292.9325	292.6117	292.1581	291.5385	290.7461	289.8711	289.0047	288.1474	287.2767	286.3856	285.5293	284.7603	284.0589	283.3872	282.7143	282.0374
257.2	293.4835	293.3106	293.0884	292.7681	292.3051	291.6738	290.8758	290.0023	289.1435	288.2954	287.4305	286.5388	285.6810	284.9154	284.2194	283.5504	282.8740	282.1897
257.3	293.6187	293.4569	293.2424	292.9229	292.4522	291.8107	291.0066	290.1333	289.2810	288.4414	287.5822	286.6903	285.8317	285.0701	284.3800	283.7139	283.0341	282.3426
257.4	293.7543	293.6016	293.3936	293.0752	292.5988	291.9489	291.1386	290.2642	289.4169	288.5851	287.7314	286.8400	285.9816	285.2245	284.5405	283.8775	283.1946	282.4962
257.5	293.8901	293.7442	293.5413	293.2242	292.7445	292.0884	291.2719	290.3949	289.5512	288.7263	287.8780	286.9879	286.1307	285.3786	284.7009	284.0411	283.3553	282.6503
257.6	294.0263	293.8845	293.6849	293.3694	292.8890	292.2292	291.4065	290.5255	289.6839	288.8647	288.0217	287.1339	286.2789	285.5324	284.8610	284.2044	283.5161	282.8051
257.7	294.1628	294.0227	293.8247	293.5111	293.0322	292.3710	291.5424	290.6561	289.8150	289.0001	288.1622	287.2776	286.4264	285.6859	285.0207	284.3672	283.6769	282.9606
257.8	294.2998	294.1589	293.9612	293.6496	293.1743	292.5138	291.6796	290.7868	289.9443	289.1324	288.2991	287.4192	286.5731	285.8391	285.1799	284.5294	283.8374	283.1168
257.9	294.4371	294.2935	294.0946	293.7852	293.3154	292.6576	291.8180	290.9177	290.0720	289.2614	288.4324	287.5584	286.7191	285.9920	285.3384	284.6907	283.9977	283.2737
258	294.5748	294.4267	294.2255	293.9183	293.4556	292.8021	291.9576	291.0487	290.1982	289.3875	288.5624	287.6955	286.8643	286.1444	285.4962	284.8510	284.1575	283.4313
258.1	294.7129	294.5587	294.3542	294.0493	293.5951	292.9473	292.0981	291.1799	290.3231	289.5109	288.6894	287.8306	287.0089	286.2964	285.6529	285.0101	284.3167	283.5895
258.2	294.8515	294.6898	294.4811	294.1786	293.7339	293.0931	292.2396	291.3115	290.4471	289.6321	288.8138	287.9641	287.1529	286.4478	285.8085	285.1677	284.4751	283.7482
258.3	294.9905	294.8202	294.6066	294.3064	293.8722	293.2394	292.3820	291.4434	290.5704	289.7514	288.9359	288.0960	287.2962	286.5984	285.9627	285.3237	284.6326	283.9071
258.4	295.1300	294.9502	294.7310	294.4332	294.0100	293.3861	292.5251	291.5758	290.6931	289.8692	289.0561	288.2268	287.4390	286.7482	286.1154	285.4779	284.7889	284.0662
258.5	295.2700	295.0800	294.8548	294.5592	294.1476	293.5331	292.6688	291.7087	290.8155	289.9858	289.1748	288.3564	287.5812	286.8971	286.2665	285.6300	284.9439	284.2252
258.6	295.4104	295.2099	294.9784	294.6849	294.2850	293.6803	292.8131	291.8421	290.9379	290.1016	289.2923	288.4853	287.7230	287.0450	286.4157	285.7799	285.0973	284.3841
258.7	295.5513	295.3401	295.1020	294.8106	294.4223	293.8276	292.9578	291.9761	291.0604	290.2169	289.4089	288.6136	287.8643	287.1919	286.5628	285.9275	285.2491	284.5426
258.8	295.6928	295.4707	295.2261	294.9365	294.5597	293.9748	293.1029	292.1108	291.1834	290.3321	289.5251	288.7416	288.0052	287.3375	286.7078	286.0724	285.3990	284.7007
258.9	295.8348	295.6020	295.3508	295.0628	294.6970	294.1220	293.2484	292.2463	291.3070	290.4475	289.6412	288.8694	288.1458	287.4820	286.8507	286.2148	285.5469	284.8582
259	295.9773	295.7339	295.4761	295.1895	294.8344	294.2690	293.3941	292.3825	291.4315	290.5635	289.7576	288.9974	288.2860	287.6253	286.9915	286.3548	285.6931	285.0149
259.1	296.1204	295.8666	295.6022	295.3168	294.9717	294.4156	293.5399	292.5196	291.5571	290.6805	289.8745	289.1255	288.4260	287.7675	287.1304	286.4926	285.8374	285.1708
259.2	296.2641	296.0002	295.7294	295.4448	295.1091	294.5618	293.6859	292.6576	291.6840	290.7987	289.9925	289.2542	288.5658	287.9087	287.2676	286.6283	285.9800	285.3255
259.3	296.4084	296.1347	295.8576	295.5737	295.2464	294.7076	293.8318	292.7967	291.8125	290.9187	290.1118	289.3835	288.7054	288.0489	287.4031	286.7621	286.1209	285.4791
259.4	296.5532	296.2704	295.9872	295.7034	295.3837	294.8527	293.9778	292.9367	291.9428	291.0406	290.2328	289.5137	288.8449	288.1881	287.5371	286.8942	286.2602	285.6313
259.5	296.6987	296.4072	296.1182	295.8342	295.5209	294.9971	294.1236	293.0779	292.0751	291.1649	290.3559	289.6450	288.9844	288.3264	287.6697	287.0246	286.3979	285.7820
259.6	296.8448	296.5453	296.2507	295.9661	295.6582	295.1407	294.2692	293.2202	292.2097	291.2920	290.4814	289.7775	289.1237	288.4638	287.8011	287.1537	286.5340	285.9310
259.7	296.9916	296.6848	296.3850	296.0993	295.7954	295.2833	294.4146	293.3637	292.3466	291.4221	290.6095	289.9115	289.2631	288.6004	287.9313	287.2814	286.6686	286.0783
259.8	297.1390	296.8257	296.5211	296.2339	295.9326	295.4250	294.5595	293.5082	292.4858	291.5549	290.7402	290.0469	289.4025	288.7364	288.0606	287.4081	286.8018	286.2236
259.9	297.2871	296.9682	296.6592	296.3700	296.0699	295.5657	294.7039	293.6534	292.6269	291.6904	290.8733	290.1835	289.5421	288.8718	288.1891	287.5338	286.9335	286.3668
260	297.4359	297.1123	296.7993	296.5077	296.2073	295.7053	294.8476	293.7992	292.7697	291.8282	291.0087	290.3214	289.6817	289.0068	288.3171	287.6587	287.0639	286.5078
260.1	297.5854	297.2580	296.9416	296.6471	296.3451	295.8440	294.9905	293.9453	292.9139	291.9681	291.1461	290.4606	289.8216	289.1415	288.4446	287.7830	287.1930	286.6467
260.2	297.7356	297.4055	297.0862	296.7884	296.4831	295.9817	295.1327	294.0916	293.0593	292.1099	291.2854	290.6008	289.9617	289.2761	288.5719	287.9069	287.3210	286.7836
260.3	297.8865	297.5547	297.2331	296.9317	296.6217	296.1186	295.2738	294.2377	293.2057	292.2533	291.4265	290.7421	290.1019	289.4105	288.6991	288.0304	287.4481	286.9185
260.4	298.0381	297.7058	297.3824	297.0770	296.7608	296.2547	295.4140	294.3836	293.3527	292.3983	291.5692	290.8844	290.2424	289.5449	288.8263	288.1538	287.5743	287.0517
260.5	298.1905	297.8587	297.5343	297.2245	296.9006	296.3899	295.5530	294.5289	293.5001	292.5444	291.7133	291.0275	290.3829	289.6792	288.9535	288.2772	287.6999	287.1831
260.6	298.3435	298.0136	297.6888	297.3743	297.0412	296.5243	295.6907	294.6735	293.6477	292.6916	291.8588	291.1713	290.5235	289.8136	289.0810	288.4008	287.8250	287.3129
260.7	298.4971	298.1703	297.8460	297.5265	297.1827	296.6580	295.8272	294.8171	293.7953	292.8395	292.0053	291.3157	290.6641	289.9479	289.2088	288.5248	287.9497	287.4413
260.8	298.6513	298.3290	298.0059	297.6813	297.3252	296.7911	295.9623	294.9596	293.9425	292.9881	292.1528	291.4606	290.8047	290.0822	289.3369	288.6491	288.0742	287.5682
260.9	298.8060	298.4897	298.1688	297.8387	297.4688	296.9234	296.0958	295.1007	294.0891	293.1370	292.3011	291.6059	290.9451	290.2165	289.4654	288.7739	288.1984	287.6938
261	298.9612	298.6523	298.3345	297.9989	297.6136	297.0551	296.2278	295.2402	294.2350	293.2860	292.4501	291.7516	291.0854	290.3508	289.5942	288.8989	288.3224	287.8183
261.1	299.1169	298.8167	298.5028	298.1614	297.7595	297.1863	296.3581	295.3779	294.3797	293.4349	292.5995	291.8975	291.2255	290.4849	289.7231	289.0243	288.4462	287.9417
261.2	299.2729	298.9825	298.6732	298.3260	297.9063	297.3168	296.4867	295.5136	294.5230	293.5835	292.7493	292.0436	291.3653	290.6187	289.8521	289.1498	288.5697	288.0641
261.3	299.4293	299.1495	298.8453	298.4921	298.0539	297.4469	296.6136	295.6470	294.6647	293.7315	292.8992	292.1897	291.5049	290.7524	289.9811	289.2754	288.6930	288.1856
261.4	299.5860	299.3173	299.0185	298.6594	298.2020	297.5765	296.7388	295.7780	294.8044	293.8787	293.0492	292.3357	291.6440	290.8857	290.1101	289.4011	288.8161	288.3063
261.5	299.7430	299.4857	299.1924	298.8273	298.3504	297.7057	296.8622	295.9064	294.9419	294.0248	293.1990	292.4817	291.7828	291.0186	290.2389	289.5269	288.9390	288.4264
261.6	299.9003	299.6543	299.3667	298.9956	298.4991	297.8344	296.9837	296.0318	295.0769	294.1696	293.3485	292.6274	291.9210	291.1511	290.3676	289.6525	289.0616	288.5459
261.7	300.0577	299.8228	299.5406	299.1636	298.6479	297.9628	297.1035	296.1542	295.2092	294.3129	293.4975	292.7729	292.0588	291.2831	290.4959	289.7780	289.1840	288.6650
261.8	300.2152	299.9910	299.7139	299.3311	298.7965	298.0908	297.2213	296.2733	295.3383	294.4543	293.6460	292.9180	292.1960	291.4145	290.6239	289.9033	289.3062	288.7837
261.9	300.3729	300.1585	299.8860	299.4975	298.9447	298.2186	297.3372	296.3889	295.4641	294.5937	293.7936	293.0626	292.3326	291.5454	290.7515	290.0283	289.4282	288.9022
262	300.5306	300.3250	300.0566	299.6625	299.0925	298.3461	297.4514	296.5010	295.5866	294.7311	293.9403	293.2067	292.4685	291.6756	290.8785	290.1531	289.5499	289.0205
262.1	300.6884	300.4903	300.2251	299.8256	299.2394	298.4733	297.5640	296.6101	295.7059	294.8662	294.0859	293.3500	292.6036	291.8050	291.0050	290.2774	289.6715	289.1387
262.2	300.8461	300.6541	300.3911	299.9863	299.3854	298.6004	297.6753	296.7164	295.8223	294.9992	294.2303	293.4925	292.7380	291.9338	291.1309	290.4012	289.7928	289.2571
262.3	301.0038	300.8161	300.5543	300.1443	299.5301	298.7272	297.7856	296.8203	295.9360	295.1301	294.3733	293.6340	292.8716	292.0618	291.2560	290.5246	289.9139	289.3756
262.4	301.1614	300.9763	300.7146	300.2996	299.6734	298.8538	297.8950	296.9222	296.0472	295.2589	294.5148	293.7745	293.0043	292.1890	291.3804	290.6473	290.0348	289.4943
262.5	301.3188	301.1349	300.8723	300.4523	299.8155	298.9803	298.0038	297.0223	296.1562	295.3855	294.6545	293.9136	293.1360	292.3153	291.5040	290.7694	290.1555	289.6135
262.6	301.4760	301.2919	301.0275	300.6026	299.9565	299.1066	298.1121	297.1209	296.2632	295.5100	294.7924	294.0514	293.2668	292.4408	291.6268	290.8908	290.2758	289.7328
262.7	301.6330	301.4475	301.1806	300.7509	300.0964	299.2328	298.2201	297.2185	296.3685	295.6324	294.9283	294.1877	293.3966	292.5655	291.7487	291.0114	290.3957	289.8524
262.8	301.7898	301.6018	301.3318	300.8973	300.2353	299.3588	298.3280	297.3154	296.4722	295.7528	295.0621	294.3223	293.5253	292.6893	291.8697	291.1311	290.5152	289.9722
262.9	301.9462	301.7550	301.4812	301.0420	300.3733	299.4847	298.4359	297.4118	296.5747	295.8712	295.1935	294.4551	293.6529	292.8122	291.9898	291.2500	290.6342	290.0919
263	302.1022	301.9071	301.6291	301.1853	300.5104	299.6106	298.5440	297.5081	296.6762	295.9875	295.3225	294.5860	293.7793	292.9344	292.1092	291.3682	290.7527	290.2116
263.1	302.2579	302.0583	301.7758	301.3273	300.6468	299.7363	298.6526	297.6047	296.7770	296.1018	295.4488	294.7148	293.9046	293.0557	292.2277	291.4855	290.8707	290.3313
263.2	302.4131	302.2087	301.9214	301.4683	300.7826	299.8620	298.7617	297.7019	296.8772	296.2141	295.5724	294.8413	294.0286	293.1764	292.3456	291.6022	290.9882	290.4507
263.3	302.5678	302.3585	302.0663	301.6085	300.9177	299.9876	298.8716	297.8000	296.9771	296.3245	295.6931	294.9655	294.1514	293.2963	292.4629	291.7182	291.1051	290.5699
263.4	302.7220	302.5076	302.2106	301.7482	301.0524	300.1132	298.9824	297.8994	297.0771	296.4329	295.8106	295.0872	294.2729	293.4155	292.5795	291.8336	291.2215	290.6887
263.5	302.8757	302.6564	302.3546	301.8875	301.1866	300.2388	299.0942	298.0003	297.1774	296.5397	295.9253	295.2063	294.3930	293.5340	292.6956	291.9483	291.3373	290.8071
263.6	303.0287	302.8049	302.4984	302.0267	301.3205	300.3644	299.2073	298.1032	297.2784	296.6451	296.0371	295.3230	294.5117	293.6518	292.8111	292.0625	291.4526	290.9250
263.7	303.1811	302.9532	302.6424	302.1660	301.4542	300.4900	299.3218	298.2083	297.3805	296.7495	296.1464	295.4373	294.6290	293.7687	292.9261	292.1761	291.5673	291.0424
263.8	303.3328	303.1014	302.7868	302.3056	301.5877	300.6156	299.4378	298.3160	297.4842	296.8532	296.2533	295.5492	294.7448	293.8849	293.0405	292.2893	291.6815	291.1591
263.9	303.4838	303.2497	302.9317	302.4457	301.7212	300.7412	299.5555	298.4267	297.5898	296.9566	296.3581	295.6589	294.8591	294.0001	293.1543	292.4019	291.7951	291.2751
264	303.6340	303.3982	303.0774	302.5866	301.8547	300.8669	299.6750	298.5406	297.6977	297.0600	296.4609	295.7663	294.9718	294.1144	293.2676	292.5142	291.9082	291.3902
264.1	303.7837	303.5472	303.2242	302.7284	301.9883	300.9927	299.7964	298.6580	297.8083	297.1637	296.5620	295.8715	295.0829	294.2277	293.3804	292.6261	292.0208	291.5045
264.2	303.9327	303.6967	303.3724	302.8715	302.1221	301.1186	299.9200	298.7794	297.9220	297.2680	296.6615	295.9747	295.1923	294.3400	293.4926	292.7376	292.1328	291.6178
264.3	304.0812	303.8469	303.5220	303.0159	302.2563	301.2445	300.0454	298.9043	298.0386	297.3731	296.7597	296.0758	295.3001	294.4512	293.6043	292.8488	292.2443	291.7301
264.4	304.2292	303.9980	303.6734	303.1620	302.3910	301.3705	300.1725	299.0326	298.1579	297.4789	296.8568	296.1750	295.4061	294.5612	293.7154	292.9598	292.3552	291.8413
264.5	304.3767	304.1501	303.8268	303.3099	302.5263	301.4967	300.3011	299.1637	298.2798	297.5856	296.9530	296.2724	295.5104	294.6700	293.8259	293.0705	292.4656	291.9513
264.6	304.5239	304.3033	303.9822	303.4599	302.6625	301.6229	300.4309	299.2974	298.4039	297.6932	297.0485	296.3682	295.6128	294.7775	293.9358	293.1810	292.5755	292.0600
264.7	304.6706	304.4578	304.1400	303.6122	302.7998	301.7493	300.5617	299.4332	298.5300	297.8016	297.1434	296.4626	295.7136	294.8837	294.0452	293.2913	292.6849	292.1674
264.8	304.8171	304.6136	304.3001	303.7668	302.9381	301.8759	300.6932	299.5708	298.6579	297.9109	297.2381	296.5557	295.8127	294.9888	294.1541	293.4015	292.7937	292.2733
264.9	304.9634	304.7704	304.4622	303.9234	303.0774	302.0026	300.8254	299.7098	298.7873	298.0211	297.3327	296.6478	295.9104	295.0927	294.2626	293.5116	292.9019	292.3778
265	305.1094	304.9282	304.6260	304.0817	303.2176	302.1295	300.9580	299.8499	298.9179	298.1321	297.4273	296.7391	296.0068	295.1957	294.3706	293.6216	293.0097	292.4806
265.1	305.2553	305.0868	304.7912	304.2415	303.3586	302.2566	301.0909	299.9907	299.0494	298.2440	297.5223	296.8298	296.1019	295.2976	294.4784	293.7316	293.1168	292.5818
265.2	305.4010	305.2460	304.9575	304.4024	303.5003	302.3839	301.2238	300.1317	299.1816	298.3567	297.6179	296.9201	296.1959	295.3985	294.5857	293.8415	293.2232	292.6813
265.3	305.5467	305.4056	305.1246	304.5642	303.6427	302.5114	301.3567	300.2727	299.3141	298.4703	297.7141	297.0102	296.2890	295.4985	294.6926	293.9512	293.3290	292.7791
265.4	305.6924	305.5654	305.2922	304.7266	303.7855	302.6391	301.4893	300.4133	299.4467	298.5845	297.8112	297.1004	296.3812	295.5976	294.7990	294.0606	293.4340	292.8753
265.5	305.8381	305.7254	305.4600	304.8893	303.9288	302.7670	301.6215	300.5530	299.5790	298.6993	297.9092	297.1907	296.4726	295.6959	294.9050	294.1698	293.5383	292.9698
265.6	305.9839	305.8853	305.6276	305.0520	304.0724	302.8952	301.7531	300.6916	299.7106	298.8143	298.0078	297.2812	296.5634	295.7934	295.0104	294.2786	293.6419	293.0629
265.7	306.1299	306.0449	305.7949	305.2144	304.2162	303.0237	301.8840	300.8286	299.8411	298.9293	298.1072	297.3719	296.6537	295.8902	295.1153	294.3870	293.7446	293.1545
265.8	306.2760	306.2042	305.9613	305.3763	304.3602	303.1524	302.0141	300.9637	299.9701	299.0441	298.2071	297.4629	296.7436	295.9864	295.2198	294.4948	293.8465	293.2447
265.9	306.4223	306.3629	306.1268	305.5374	304.5042	303.2815	302.1431	301.0966	300.0972	299.1583	298.3076	297.5543	296.8333	296.0821	295.3237	294.6022	293.9476	293.3336
266	306.5690	306.5208	306.2909	305.6973	304.6481	303.4108	302.2710	301.2267	300.2220	299.2718	298.4086	297.6462	296.9228	296.1773	295.4270	294.7089	294.0478	293.4213
266.1	306.7159	306.6779	306.4533	305.8558	304.7918	303.5404	302.3975	301.3538	300.3442	299.3843	298.5101	297.7387	297.0123	296.2721	295.5298	294.8149	294.1471	293.5077
266.2	306.8633	306.8339	306.6138	306.0126	304.9352	303.6704	302.5226	301.4776	300.4633	299.4956	298.6119	297.8317	297.1019	296.3666	295.6321	294.9202	294.2455	293.5930
266.3	307.0110	306.9886	306.7721	306.1674	305.0783	303.8007	302.6462	301.5979	300.5793	299.6055	298.7140	297.9254	297.1917	296.4608	295.7337	295.0247	294.3429	293.6773
266.4	307.1592	307.1420	306.9279	306.3199	305.2207	303.9313	302.7686	301.7150	300.6923	299.7140	298.8163	298.0198	297.2819	296.5549	295.8348	295.1283	294.4393	293.7605
266.5	307.3080	307.2939	307.0809	306.4698	305.3624	304.0623	302.8899	301.8292	300.8025	299.8212	298.9188	298.1149	297.3725	296.6490	295.9354	295.2310	294.5348	293.8428
266.6	307.4573	307.4442	307.2309	306.6170	305.5032	304.1937	303.0103	301.9407	300.9100	299.9271	299.0215	298.2107	297.4637	296.7431	296.0354	295.3328	294.6291	293.9242
266.7	307.6072	307.5928	307.3776	306.7609	305.6428	304.3255	303.1300	302.0498	301.0151	300.0316	299.1241	298.3072	297.5556	296.8374	296.1348	295.4334	294.7224	294.0048
266.8	307.7578	307.7394	307.5207	306.9015	305.7811	304.4576	303.2491	302.1566	301.1177	300.1349	299.2268	298.4045	297.6483	296.9319	296.2337	295.5330	294.8145	294.0846
266.9	307.9092	307.8843	307.6604	307.0387	305.9181	304.5900	303.3678	302.2615	301.2182	300.2368	299.3294	298.5026	297.7419	297.0268	296.3319	295.6312	294.9055	294.1637
267	308.0613	308.0276	307.7970	307.1728	306.0539	304.7228	303.4862	302.3648	301.3168	300.3376	299.4318	298.6013	297.8365	297.1219	296.4295	295.7281	294.9952	294.2422
267.1	308.2141	308.1696	307.9310	307.3043	306.1887	304.8559	303.6043	302.4665	301.4136	300.4372	299.5341	298.7007	297.9319	297.2173	296.5262	295.8236	295.0836	294.3201
267.2	308.3679	308.3107	308.0628	307.4337	306.3226	304.9893	303.7223	302.5671	301.5089	300.5357	299.6360	298.8006	298.0280	297.3126	296.6221	295.9174	295.1707	294.3976
267.3	308.5226	308.4511	308.1929	307.5613	306.4559	305.1230	303.8402	302.6667	301.6030	300.6333	299.7377	298.9008	298.1247	297.4080	296.7168	296.0096	295.2565	294.4745
267.4	308.6781	308.5912	308.3217	307.6875	306.5887	305.2569	303.9581	302.7657	301.6961	300.7299	299.8389	299.0013	298.2219	297.5031	296.8103	296.1000	295.3409	294.5511
267.5	308.8346	308.7311	308.4497	307.8128	306.7212	305.3911	304.0760	302.8641	301.7884	300.8258	299.9397	299.1019	298.3195	297.5979	296.9026	296.1886	295.4239	294.6274
267.6	308.9920	308.8711	308.5773	307.9375	306.8536	305.5256	304.1941	302.9624	301.8801	300.9211	300.0401	299.2027	298.4173	297.6923	296.9933	296.2751	295.5054	294.7035
267.7	309.1501	309.0115	308.7048	308.0622	306.9859	305.6603	304.3125	303.0607	301.9716	301.0160	300.1403	299.3035	298.5152	297.7861	297.0824	296.3595	295.5854	294.7793
267.8	309.3092	309.1525	308.8329	308.1872	307.1186	305.7952	304.4311	303.1593	302.0632	301.1107	300.2401	299.4044	298.6132	297.8791	297.1698	296.4418	295.6640	294.8550
267.9	309.4690	309.2945	308.9618	308.3129	307.2516	305.9303	304.5501	303.2584	302.1552	301.2053	300.3398	299.5052	298.7110	297.9712	297.2552	296.5217	295.7409	294.9306
268	309.6296	309.4375	309.0920	308.4397	307.3852	306.0656	304.6696	303.3583	302.2477	301.3002	300.4394	299.6060	298.8087	298.0622	297.3386	296.5992	295.8164	295.0063
268.1	309.7910	309.5820	309.2241	308.5681	307.5195	306.2011	304.7895	303.4592	302.3412	301.3954	300.5389	299.7067	298.9061	298.1521	297.4198	296.6743	295.8902	295.0820
268.2	309.9531	309.7281	309.3583	308.6985	307.6548	306.3368	304.9101	303.5614	302.4359	301.4912	300.6384	299.8072	299.0030	298.2406	297.4987	296.7466	295.9624	295.1578
268.3	310.1159	309.8762	309.4951	308.8313	307.7912	306.4726	305.0313	303.6652	302.5320	301.5878	300.7380	299.9076	299.0993	298.3276	297.5751	296.8163	296.0329	295.2338
268.4	310.2795	310.0264	309.6349	308.9669	307.9289	306.6085	305.1532	303.7707	302.6299	301.6854	300.8378	300.0077	299.1951	298.4130	297.6488	296.8832	296.1017	295.3097
268.5	310.4437	310.1790	309.7783	309.1057	308.0681	306.7446	305.2760	303.8782	302.7299	301.7841	300.9378	300.1076	299.2900	298.4967	297.7199	296.9471	296.1686	295.3857
268.6	310.6085	310.3343	309.9256	309.2482	308.2090	306.8808	305.3996	303.9880	302.8322	301.8843	301.0381	300.2071	299.3840	298.5786	297.7885	297.0085	296.2338	295.4615
268.7	310.7741	310.4925	310.0773	309.3947	308.3516	307.0171	305.5241	304.1004	302.9372	301.9860	301.1387	300.3061	299.4771	298.6588	297.8547	297.0674	296.2974	295.5371
268.8	310.9402	310.6538	310.2336	309.5456	308.4963	307.1534	305.6496	304.2154	303.0450	302.0896	301.2397	300.4047	299.5690	298.7373	297.9189	297.1244	296.3597	295.6123
268.9	311.1069	310.8180	310.3942	309.7004	308.6427	307.2899	305.7761	304.3330	303.1556	302.1950	301.3413	300.5027	299.6597	298.8141	297.9811	297.1795	296.4208	295.6872
269	311.2742	310.9846	310.5584	309.8587	308.7906	307.4264	305.9034	304.4530	303.2688	302.3021	301.4433	300.6002	299.7491	298.8891	298.0416	297.2332	296.4809	295.7615
269.1	311.4420	311.1534	310.7257	310.0198	308.9397	307.5629	306.0316	304.5750	303.3844	302.4110	301.5460	300.6971	299.8370	298.9625	298.1005	297.2857	296.5401	295.8353
269.2	311.6104	311.3239	310.8954	310.1830	309.0898	307.6995	306.1603	304.6989	303.5023	302.5217	301.6494	300.7934	299.9233	299.0341	298.1581	297.3373	296.5986	295.9084
269.3	311.7792	311.4957	311.0670	310.3479	309.2405	307.8360	306.2897	304.8244	303.6221	302.6340	301.7536	300.8890	300.0080	299.1040	298.2145	297.3883	296.6566	295.9807
269.4	311.9486	311.6685	311.2398	310.5138	309.3916	307.9726	306.4196	304.9513	303.7438	302.7481	301.8585	300.9840	300.0908	299.1721	298.2700	297.4391	296.7142	296.0522
269.5	312.1184	311.8418	311.4131	310.6802	309.5429	308.1092	306.5499	305.0792	303.8670	302.8636	301.9641	301.0782	300.1719	299.2386	298.3248	297.4898	296.7716	296.1227
269.6	312.2886	312.0153	311.5864	310.8463	309.6939	308.2457	306.6807	305.2081	303.9915	302.9802	302.0702	301.1715	300.2511	299.3038	298.3791	297.5408	296.8291	296.1922
269.7	312.4593	312.1887	311.7591	311.0118	309.8444	308.3822	306.8118	305.3376	304.1167	303.0976	302.1764	301.2639	300.3287	299.3677	298.4334	297.5924	296.8865	296.2606
269.8	312.6304	312.3615	311.9306	311.1758	309.9941	308.5187	306.9431	305.4675	304.2425	303.2153	302.2825	301.3551	300.4045	299.4306	298.4879	297.6448	296.9443	296.3277
269.9	312.8018	312.5333	312.1002	311.3380	310.1428	308.6551	307.0747	305.5975	304.3683	303.3332	302.3881	301.4451	300.4787	299.4927	298.5429	297.6984	297.0024	296.3936
270	312.9736	312.7039	312.2674	311.4976	310.2902	308.7914	307.2065	305.7274	304.4940	303.4507	302.4932	301.5336	300.5513	299.5542	298.5987	297.7535	297.0610	296.4580
270.1	313.1457	312.8727	312.4315	311.6540	310.4358	308.9275	307.3383	305.8570	304.6191	303.5676	302.5972	301.6207	300.6224	299.6153	298.6556	297.8104	297.1203	296.5210
270.2	313.3182	313.0395	312.5920	311.8068	310.5795	309.0634	307.4702	305.9860	304.7434	303.6835	302.7001	301.7062	300.6919	299.6762	298.7139	297.8693	297.1804	296.5824
270.3	313.4909	313.2039	312.7482	311.9552	310.7208	309.1990	307.6019	306.1142	304.8664	303.7981	302.8016	301.7899	300.7600	299.7371	298.7739	297.9304	297.2414	296.6422
270.4	313.6639	313.3655	312.8996	312.0988	310.8595	309.3343	307.7335	306.2414	304.9878	303.9110	302.9013	301.8717	300.8267	299.7979	298.8354	297.9935	297.3031	296.7002
270.5	313.8372	313.5240	313.0457	312.2369	310.9952	309.4692	307.8649	306.3672	305.1073	304.0218	302.9990	301.9516	300.8920	299.8588	298.8983	298.0585	297.3653	296.7564
270.6	314.0106	313.6795	313.1865	312.3697	311.1280	309.6035	307.9958	306.4915	305.2245	304.1303	303.0944	302.0295	300.9559	299.9197	298.9625	298.1250	297.4277	296.8106
270.7	314.1843	313.8322	313.3226	312.4977	311.2582	309.7373	308.1261	306.6140	305.3392	304.2360	303.1873	302.1053	301.0186	299.9805	299.0277	298.1927	297.4902	296.8628
270.8	314.3582	313.9826	313.4546	312.6216	311.3860	309.8705	308.2555	306.7344	305.4511	304.3386	303.2773	302.1789	301.0800	300.0412	299.0937	298.2614	297.5524	296.9130
270.9	314.5322	314.1310	313.5831	312.7418	311.5118	310.0030	308.3839	306.8526	305.5599	304.4379	303.3643	302.2502	301.1402	300.1020	299.1606	298.3308	297.6143	296.9610
271	314.7064	314.2776	313.7086	312.8590	311.6357	310.1347	308.5111	306.9683	305.6652	304.5335	303.4479	302.3191	301.1993	300.1626	299.2280	298.4007	297.6757	297.0070
271.1	314.8807	314.4229	313.8317	312.9736	311.7580	310.2656	308.6369	307.0816	305.7671	304.6251	303.5280	302.3855	301.2573	300.2232	299.2957	298.4707	297.7364	297.0511
271.2	315.0551	314.5673	313.9531	313.0864	311.8790	310.3956	308.7614	307.1924	305.8655	304.7126	303.6041	302.4494	301.3142	300.2836	299.3637	298.5407	297.7962	297.0933
271.3	315.2298	314.7110	314.0733	313.1978	311.9989	310.5246	308.8845	307.3008	305.9604	304.7958	303.6761	302.5104	301.3700	300.3440	299.4317	298.6103	297.8551	297.1338
271.4	315.4047	314.8546	314.1930	313.3084	312.1179	310.6526	309.0060	307.4068	306.0516	304.8745	303.7436	302.5687	301.4249	300.4042	299.4996	298.6794	297.9128	297.1726
271.5	315.5799	314.9983	314.3127	313.4188	312.2363	310.7795	309.1260	307.5104	306.1392	304.9485	303.8067	302.6242	301.4789	300.4643	299.5671	298.7475	297.9692	297.2097
271.6	315.7553	315.1426	314.4330	313.5295	312.3543	310.9053	309.2443	307.6117	306.2235	305.0184	303.8657	302.6771	301.5320	300.5240	299.6340	298.8145	298.0241	297.2454
271.7	315.9311	315.2878	314.5545	313.6411	312.4721	311.0298	309.3608	307.7108	306.3047	305.0844	303.9211	302.7277	301.5842	300.5833	299.7000	298.8800	298.0776	297.2796
271.8	316.1073	315.4344	314.6779	313.7542	312.5901	311.1530	309.4753	307.8075	306.3829	305.1470	303.9732	302.7763	301.6357	300.6420	299.7648	298.9439	298.1293	297.3125
271.9	316.2839	315.5826	314.8036	313.8694	312.7085	311.2749	309.5878	307.9021	306.4586	305.2066	304.0225	302.8232	301.6864	300.6999	299.8283	299.0059	298.1792	297.3441
272	316.4609	315.7328	314.9324	313.9871	312.8274	311.3953	309.6981	307.9944	306.5318	305.2635	304.0694	302.8686	301.7365	300.7569	299.8901	299.0656	298.2271	297.3746
272.1	316.6384	315.8855	315.0647	314.1080	312.9473	311.5142	309.8062	308.0846	306.6027	305.3181	304.1144	302.9129	301.7859	300.8128	299.9500	299.1230	298.2731	297.4039
272.2	316.8164	316.0409	315.2010	314.2324	313.0681	311.6316	309.9119	308.1727	306.6718	305.3710	304.1578	302.9562	301.8348	300.8677	300.0080	299.1780	298.3171	297.4322
272.3	316.9949	316.1988	315.3410	314.3600	313.1899	311.7473	310.0152	308.2586	306.7391	305.4223	304.2002	302.9989	301.8831	300.9216	300.0643	299.2308	298.3593	297.4595
272.4	317.1740	316.3591	315.4846	314.4907	313.3123	311.8613	310.1161	308.3425	306.8048	305.4726	304.2418	303.0412	301.9309	300.9744	300.1187	299.2816	298.3997	297.4861
272.5	317.3538	316.5218	315.6314	314.6242	313.4352	311.9735	310.2144	308.4243	306.8692	305.5221	304.2832	303.0834	301.9783	301.0262	300.1715	299.3303	298.4387	297.5118
272.6	317.5341	316.6867	315.7813	314.7602	313.5586	312.0840	310.3104	308.5042	306.9324	305.5713	304.3247	303.1256	302.0253	301.0768	300.2226	299.3773	298.4761	297.5368
272.7	317.7152	316.8536	315.9341	314.8986	313.6822	312.1927	310.4038	308.5820	306.9946	305.6206	304.3668	303.1682	302.0720	301.1264	300.2721	299.4224	298.5123	297.5613
272.8	317.8970	317.0225	316.0894	315.0390	313.8061	312.2998	310.4950	308.6579	307.0560	305.6702	304.4099	303.2114	302.1184	301.1749	300.3200	299.4660	298.5472	297.5852
272.9	318.0795	317.1931	316.2470	315.1812	313.9302	312.4052	310.5838	308.7319	307.1167	305.7205	304.4544	303.2555	302.1645	301.2224	300.3664	299.5080	298.5811	297.6086
273	318.2628	317.3654	316.4066	315.3250	314.0544	312.5092	310.6703	308.8040	307.1770	305.7720	304.5008	303.3007	302.2105	301.2687	300.4113	299.5487	298.6140	297.6317
273.1	318.4469	317.5392	316.5680	315.4702	314.1786	312.6116	310.7546	308.8743	307.2370	305.8249	304.5495	303.3474	302.2563	301.3139	300.4548	299.5881	298.6460	297.6546
273.2	318.6319	317.7143	316.7310	315.6164	314.3027	312.7127	310.8368	308.9429	307.2969	305.8797	304.6009	303.3956	302.3021	301.3581	300.4970	299.6263	298.6773	297.6772
273.3	318.8177	317.8906	316.8953	315.7636	314.4266	312.8124	310.9170	309.0099	307.3571	305.9368	304.6554	303.4458	302.3478	301.4011	300.5378	299.6635	298.7080	297.6997
273.4	319.0045	318.0680	317.0606	315.9113	314.5502	312.9109	310.9954	309.0757	307.4179	305.9967	304.7135	303.4981	302.3936	301.4430	300.5774	299.6997	298.7383	297.7222
273.5	319.1922	318.2464	317.2267	316.0594	314.6734	313.0081	311.0721	309.1402	307.4795	306.0594	304.7752	303.5526	302.4393	301.4838	300.6157	299.7352	298.7681	297.7448
273.6	319.3809	318.4255	317.3933	316.2077	314.7962	313.1042	311.1473	309.2038	307.5417	306.1247	304.8402	303.6090	302.4849	301.5235	300.6530	299.7699	298.7977	297.7675
273.7	319.5704	318.6052	317.5602	316.3558	314.9183	313.1993	311.2212	309.2666	307.6046	306.1921	304.9077	303.6668	302.5304	301.5624	300.6894	299.8041	298.8272	297.7904
273.8	319.7607	318.7854	317.7272	316.5036	315.0397	313.2933	311.2940	309.3287	307.6678	306.2609	304.9771	303.7255	302.5758	301.6005	300.7250	299.8379	298.8565	297.8136
273.9	319.9519	318.9658	317.8940	316.6508	315.1603	313.3863	311.3660	309.3904	307.7314	306.3307	305.0476	303.7849	302.6209	301.6380	300.7600	299.8712	298.8858	297.8372
274	320.1437	319.1464	318.0604	316.7972	315.2800	313.4785	311.4374	309.4518	307.7951	306.4010	305.1185	303.8443	302.6657	301.6749	300.7945	299.9044	298.9153	297.8613
274.1	320.3363	319.3269	318.2262	316.9426	315.3985	313.5699	311.5083	309.5131	307.8588	306.4712	305.1893	303.9035	302.7102	301.7116	300.8288	299.9374	298.9449	297.8859
274.2	320.5296	319.5073	318.3910	317.0868	315.5159	313.6605	311.5790	309.5745	307.9223	306.5407	305.2591	303.9620	302.7542	301.7481	300.8630	299.9705	298.9747	297.9110
274.3	320.7235	319.6873	318.5547	317.2294	315.6320	313.7504	311.6497	309.6362	307.9856	306.6092	305.3275	304.0192	302.7979	301.7845	300.8972	300.0036	299.0048	297.9365
274.4	320.9180	319.8668	318.7170	317.3704	315.7468	313.8397	311.7206	309.6983	308.0485	306.6761	305.3935	304.0749	302.8410	301.8210	300.9318	300.0371	299.0351	297.9623
274.5	321.1131	320.0456	318.8778	317.5094	315.8600	313.9285	311.7920	309.7610	308.1108	306.7407	305.4566	304.1285	302.8835	301.8577	300.9667	300.0708	299.0657	297.9884
274.6	321.3087	320.2236	319.0367	317.6462	315.9716	314.0167	311.8640	309.8246	308.1724	306.8027	305.5162	304.1797	302.9254	301.8948	301.0020	300.1048	299.0965	298.0146
274.7	321.5047	320.4006	319.1935	317.7807	316.0815	314.1045	311.9368	309.8890	308.2332	306.8615	305.5714	304.2281	302.9667	301.9322	301.0378	300.1388	299.1272	298.0409
274.8	321.7012	320.5764	319.3480	317.9125	316.1895	314.1920	312.0107	309.9547	308.2929	306.9165	305.6217	304.2731	303.0072	301.9700	301.0739	300.1728	299.1577	298.0672
274.9	321.8981	320.7509	319.5000	318.0414	316.2956	314.2792	312.0859	310.0216	308.3516	306.9672	305.6664	304.3145	303.0469	302.0083	301.1103	300.2066	299.1880	298.0933
275	322.0954	320.9240	319.6491	318.1673	316.3996	314.3661	312.1626	310.0900	308.4089	307.0130	305.7047	304.3518	303.0858	302.0470	301.1470	300.2401	299.2178	298.1193
275.1	322.2930	321.0954	319.7952	318.2898	316.5016	314.4528	312.2405	310.1594	308.4644	307.0538	305.7366	304.3849	303.1238	302.0862	301.1838	300.2730	299.2469	298.1449
275.2	322.4909	321.2650	319.9380	318.4088	316.6014	314.5395	312.3197	310.2296	308.5182	307.0898	305.7626	304.4142	303.1609	302.1256	301.2205	300.3053	299.2754	298.1702
275.3	322.6890	321.4325	320.0772	318.5242	316.6991	314.6261	312.4000	310.3003	308.5702	307.1214	305.7833	304.4401	303.1970	302.1649	301.2569	300.3367	299.3030	298.1950
275.4	322.8873	321.5981	320.2130	318.6360	316.7949	314.7127	312.4811	310.3712	308.6203	307.1492	305.7994	304.4628	303.2320	302.2039	301.2928	300.3672	299.3297	298.2193
275.5	323.0858	321.7618	320.3455	318.7445	316.8890	314.7994	312.5628	310.4421	308.6687	307.1734	305.8114	304.4827	303.2658	302.2423	301.3279	300.3966	299.3554	298.2429
275.6	323.2844	321.9238	320.4750	318.8499	316.9813	314.8859	312.6448	310.5125	308.7154	307.1946	305.8200	304.5003	303.2986	302.2800	301.3620	300.4247	299.3800	298.2659
275.7	323.4831	322.0840	320.6016	318.9524	317.0720	314.9722	312.7269	310.5823	308.7602	307.2132	305.8258	304.5157	303.3301	302.3167	301.3949	300.4514	299.4033	298.2880
275.8	323.6818	322.2427	320.7255	319.0521	317.1612	315.0582	312.8087	310.6510	308.8034	307.2295	305.8294	304.5294	303.3603	302.3522	301.4263	300.4765	299.4253	298.3092
275.9	323.8806	322.3999	320.8469	319.1493	317.2489	315.1438	312.8899	310.7185	308.8449	307.2442	305.8314	304.5417	303.3893	302.3863	301.4561	300.4999	299.4458	298.3294
276	324.0793	322.5557	320.9660	319.2441	317.3352	315.2288	312.9702	310.7845	308.8848	307.2575	305.8325	304.5530	303.4170	302.4187	301.4840	300.5215	299.4648	298.3485
276.1	324.2780	322.7102	321.0829	319.3368	317.4203	315.3131	313.0493	310.8485	308.9229	307.2699	305.8331	304.5637	303.4435	302.4494	301.5099	300.5410	299.4821	298.3665
276.2	324.4766	322.8635	321.1980	319.4276	317.5041	315.3966	313.1269	310.9104	308.9595	307.2819	305.8340	304.5743	303.4688	302.4783	301.5336	300.5583	299.4976	298.3833
276.3	324.6750	323.0157	321.3113	319.5166	317.5868	315.4792	313.2028	310.9698	308.9945	307.2938	305.8358	304.5850	303.4929	302.5050	301.5549	300.5734	299.5112	298.3987
276.4	324.8732	323.1670	321.4231	319.6040	317.6684	315.5609	313.2766	311.0265	309.0278	307.3062	305.8391	304.5963	303.5160	302.5295	301.5736	300.5859	299.5227	298.4126
276.5	325.0712	323.3173	321.5336	319.6901	317.7490	315.6414	313.3479	311.0801	309.0596	307.3193	305.8444	304.6086	303.5379	302.5517	301.5894	300.5959	299.5322	298.4251
276.6	325.2689	323.4669	321.6429	319.7749	317.8287	315.7207	313.4166	311.1303	309.0899	307.3336	305.8525	304.6222	303.5588	302.5712	301.6023	300.6031	299.5393	298.4360
276.7	325.4663	323.6158	321.7512	319.8589	317.9077	315.7986	313.4823	311.1769	309.1186	307.3496	305.8638	304.6376	303.5786	302.5881	301.6121	300.6074	299.5442	298.4452
276.8	325.6634	323.7640	321.8588	319.9420	317.9858	315.8750	313.5449	311.2198	309.1460	307.3678	305.8791	304.6551	303.5974	302.6023	301.6188	300.6090	299.5468	298.4526
276.9	325.8603	323.9119	321.9659	320.0245	318.0632	315.9499	313.6041	311.2590	309.1724	307.3888	305.8989	304.6750	303.6153	302.6138	301.6225	300.6081	299.5473	298.4581
277	326.0569	324.0596	322.0727	320.1067	318.1399	316.0231	313.6601	311.2947	309.1983	307.4130	305.9237	304.6976	303.6322	302.6225	301.6235	300.6049	299.5457	298.4617
277.1	326.2533	324.2072	322.1795	320.1886	318.2159	316.0945	313.7129	311.3272	309.2235	307.4401	305.9528	304.7224	303.6482	302.6289	301.6220	300.5996	299.5423	298.4633
277.2	326.4495	324.3549	322.2866	320.2706	318.2911	316.1640	313.7625	311.3565	309.2479	307.4691	305.9852	304.7488	303.6632	302.6331	301.6182	300.5924	299.5369	298.4628
277.3	326.6456	324.5030	322.3941	320.3527	318.3655	316.2315	313.8091	311.3830	309.2713	307.4995	306.0200	304.7765	303.6775	302.6354	301.6126	300.5836	299.5299	298.4605
277.4	326.8417	324.6516	322.5024	320.4352	318.4392	316.2968	313.8527	311.4067	309.2934	307.5305	306.0563	304.8046	303.6908	302.6363	301.6054	300.5733	299.5214	298.4564
277.5	327.0377	324.8008	322.6118	320.5183	318.5121	316.3599	313.8934	311.4278	309.3141	307.5612	306.0930	304.8328	303.7034	302.6360	301.5970	300.5618	299.5115	298.4508
277.6	327.2337	324.9510	322.7224	320.6022	318.5842	316.4206	313.9313	311.4466	309.3331	307.5910	306.1292	304.8605	303.7152	302.6347	301.5876	300.5492	299.5004	298.4437
277.7	327.4297	325.1022	322.8346	320.6871	318.6554	316.4789	313.9665	311.4631	309.3502	307.6191	306.1639	304.8870	303.7263	302.6329	301.5775	300.5357	299.4883	298.4354
277.8	327.6259	325.2546	322.9486	320.7731	318.7259	316.5346	313.9991	311.4776	309.3653	307.6448	306.1961	304.9119	303.7366	302.6307	301.5670	300.5217	299.4752	298.4260
277.9	327.8221	325.4083	323.0644	320.8603	318.7956	316.5879	314.0293	311.4903	309.3780	307.6673	306.2249	304.9345	303.7462	302.6285	301.5565	300.5072	299.4615	298.4156
278	328.0186	325.5633	323.1821	320.9487	318.8643	316.6386	314.0572	311.5013	309.3882	307.6857	306.2494	304.9543	303.7550	302.6264	301.5461	300.4925	299.4472	298.4043
278.1	328.2152	325.7196	323.3013	321.0379	318.9319	316.6867	314.0831	311.5108	309.3956	307.6995	306.2684	304.9706	303.7629	302.6247	301.5362	300.4779	299.4325	298.3925
278.2	328.4121	325.8770	323.4221	321.1279	318.9983	316.7322	314.1071	311.5189	309.3999	307.7077	306.2812	304.9829	303.7699	302.6236	301.5270	300.4634	299.4176	298.3801
278.3	328.6093	326.0355	323.5443	321.2185	319.0634	316.7752	314.1293	311.5259	309.4011	307.7098	306.2867	304.9905	303.7760	302.6235	301.5188	300.4493	299.4027	298.3674
278.4	328.8067	326.1950	323.6678	321.3096	319.1269	316.8156	314.1501	311.5320	309.3988	307.7049	306.2841	304.9930	303.7811	302.6243	301.5118	300.4359	299.3879	298.3545
278.5	329.0046	326.3556	323.7925	321.4009	319.1889	316.8533	314.1693	311.5372	309.3935	307.6939	306.2740	304.9906	303.7852	302.6262	301.5061	300.4233	299.3735	298.3415
278.6	329.2029	326.5172	323.9181	321.4924	319.2492	316.8884	314.1871	311.5418	309.3857	307.6774	306.2573	304.9839	303.7882	302.6288	301.5016	300.4116	299.3595	298.3287
278.7	329.4016	326.6796	324.0446	321.5839	319.3078	316.9209	314.2034	311.5460	309.3759	307.6564	306.2350	304.9732	303.7901	302.6320	301.4981	300.4007	299.3462	298.3161
278.8	329.6008	326.8428	324.1718	321.6751	319.3645	316.9506	314.2183	311.5500	309.3648	307.6319	306.2079	304.9591	303.7908	302.6354	301.4953	300.3907	299.3334	298.3039
278.9	329.8005	327.0067	324.2996	321.7661	319.4192	316.9777	314.2318	311.5538	309.3527	307.6046	306.1770	304.9421	303.7904	302.6388	301.4931	300.3812	299.3213	298.2923
279	330.0008	327.1713	324.4278	321.8566	319.4720	317.0020	314.2438	311.5573	309.3400	307.5753	306.1432	304.9227	303.7887	302.6418	301.4911	300.3724	299.3099	298.2815
279.1	330.2017	327.3364	324.5562	321.9464	319.5226	317.0236	314.2541	311.5606	309.3270	307.5448	306.1074	304.9014	303.7857	302.6443	301.4891	300.3640	299.2993	298.2715
279.2	330.4033	327.5020	324.6848	322.0354	319.5712	317.0425	314.2627	311.5636	309.3141	307.5140	306.0707	304.8787	303.7814	302.6459	301.4870	300.3560	299.2894	298.2625
279.3	330.6055	327.6681	324.8132	322.1234	319.6175	317.0587	314.2695	311.5660	309.3014	307.4835	306.0338	304.8551	303.7757	302.6463	301.4843	300.3484	299.2803	298.2547
279.4	330.8085	327.8344	324.9414	322.2104	319.6617	317.0720	314.2742	311.5679	309.2894	307.4542	305.9977	304.8312	303.7685	302.6453	301.4810	300.3409	299.2722	298.2483
279.5	331.0123	328.0010	325.0691	322.2960	319.7035	317.0827	314.2769	311.5692	309.2783	307.4268	305.9634	304.8074	303.7600	302.6426	301.4767	300.3336	299.2648	298.2431
279.6	331.2168	328.1677	325.1963	322.3803	319.7430	317.0906	314.2775	311.5698	309.2684	307.4021	305.9318	304.7843	303.7499	302.6379	301.4713	300.3263	299.2582	298.2389
279.7	331.4222	328.3346	325.3229	322.4631	319.7803	317.0957	314.2757	311.5695	309.2600	307.3809	305.9038	304.7624	303.7382	302.6310	301.4646	300.3189	299.2521	298.2357
279.8	331.6287	328.5018	325.4490	322.5445	319.8152	317.0981	314.2716	311.5684	309.2534	307.3638	305.8802	304.7420	303.7250	302.6217	301.4564	300.3114	299.2467	298.2333
279.9	331.8367	328.6694	325.5745	322.6244	319.8479	317.0978	314.2650	311.5663	309.2484	307.3506	305.8607	304.7231	303.7102	302.6099	301.4466	300.3036	299.2416	298.2314
280	332.0465	328.8377	325.6995	322.7029	319.8782	317.0947	314.2560	311.5631	309.2446	307.3407	305.8447	304.7054	303.6938	302.5959	301.4354	300.2955	299.2367	298.2298
280.1	332.2586	329.0068	325.8242	322.7798	319.9061	317.0889	314.2446	311.5588	309.2418	307.3337	305.8318	304.6886	303.6759	302.5798	301.4228	300.2870	299.2320	298.2285
280.2	332.4732	329.1770	325.9485	322.8552	319.9316	317.0803	314.2308	311.5533	309.2396	307.3288	305.8213	304.6724	303.6567	302.5617	301.4088	300.2779	299.2271	298.2271
280.3	332.6907	329.3486	326.0726	322.9290	319.9547	317.0690	314.2146	311.5464	309.2378	307.3256	305.8126	304.6567	303.6362	302.5419	301.3936	300.2683	299.2219	298.2256
280.4	332.9117	329.5216	326.1965	323.0013	319.9754	317.0549	314.1961	311.5381	309.2358	307.3235	305.8053	304.6411	303.6145	302.5205	301.3771	300.2580	299.2164	298.2238
280.5	333.1363	329.6963	326.3202	323.0720	319.9936	317.0381	314.1751	311.5282	309.2334	307.3219	305.7986	304.6254	303.5916	302.4977	301.3594	300.2468	299.2102	298.2214
280.6	333.3650	329.8728	326.4438	323.1412	320.0094	317.0186	314.1517	311.5166	309.2302	307.3203	305.7921	304.6093	303.5678	302.4736	301.3406	300.2349	299.2034	298.2184
280.7	333.5982	330.0515	326.5675	323.2087	320.0226	316.9963	314.1258	311.5030	309.2257	307.3179	305.7852	304.5926	303.5430	302.4484	301.3208	300.2219	299.1956	298.2145
280.8	333.8362	330.2325	326.6912	323.2745	320.0332	316.9711	314.0972	311.4874	309.2197	307.3144	305.7773	304.5751	303.5173	302.4224	301.3000	300.2079	299.1867	298.2095
280.9	334.0794	330.4161	326.8150	323.3387	320.0411	316.9430	314.0661	311.4696	309.2117	307.3091	305.7679	304.5564	303.4909	302.3956	301.2783	300.1928	299.1767	298.2033
281	334.3283	330.6024	326.9391	323.4013	320.0463	316.9119	314.0322	311.4494	309.2014	307.3014	305.7563	304.5363	303.4637	302.3683	301.2558	300.1766	299.1653	298.1957
281.1	334.5830	330.7917	327.0636	323.4621	320.0487	316.8776	313.9954	311.4267	309.1884	307.2907	305.7420	304.5145	303.4360	302.3406	301.2328	300.1593	299.1525	298.1864
281.2	334.8442	330.9842	327.1884	323.5212	320.0482	316.8401	313.9558	311.4013	309.1724	307.2766	305.7244	304.4908	303.4077	302.3129	301.2092	300.1409	299.1383	298.1755
281.3	335.1120	331.1801	327.3138	323.5786	320.0446	316.7992	313.9131	311.3731	309.1529	307.2583	305.7030	304.4649	303.3791	302.2853	301.1853	300.1214	299.1224	298.1625
281.4	335.3870	331.3797	327.4397	323.6343	320.0380	316.7549	313.8673	311.3419	309.1297	307.2355	305.6772	304.4366	303.3500	302.2579	301.1611	300.1008	299.1047	298.1475
281.5	335.6694	331.5831	327.5663	323.6882	320.0283	316.7072	313.8183	311.3075	309.1026	307.2079	305.6469	304.4058	303.3207	302.2309	301.1368	300.0791	299.0853	298.1301
281.6	335.9596	331.7907	327.6936	323.7402	320.0154	316.6558	313.7660	311.2699	309.0715	307.1756	305.6124	304.3727	303.2912	302.2043	301.1123	300.0563	299.0640	298.1103
281.7	336.2580	332.0024	327.8215	323.7903	319.9991	316.6007	313.7101	311.2288	309.0365	307.1391	305.5740	304.3375	303.2614	302.1780	301.0876	300.0323	299.0407	298.0877
281.8	336.5647	332.2183	327.9501	323.8384	319.9795	316.5418	313.6505	311.1840	308.9976	307.0985	305.5321	304.3005	303.2312	302.1518	301.0626	300.0072	299.0155	298.0624
281.9	336.8787	332.4378	328.0790	323.8843	319.9564	316.4791	313.5870	311.1355	308.9548	307.0540	305.4871	304.2617	303.2007	302.1257	301.0373	299.9810	298.9882	298.0343
282	337.1992	332.6604	328.2079	323.9281	319.9298	316.4123	313.5195	311.0831	308.9082	307.0061	305.4392	304.2213	303.1698	302.0994	301.0115	299.9537	298.9591	298.0035
282.1	337.5254	332.8856	328.3366	323.9694	319.8996	316.3415	313.4478	311.0266	308.8578	306.9548	305.3889	304.1796	303.1384	302.0730	300.9852	299.9252	298.9283	297.9703
282.2	337.8563	333.1127	328.4648	324.0084	319.8659	316.2665	313.3718	310.9659	308.8037	306.9004	305.3364	304.1367	303.1066	302.0463	300.9583	299.8956	298.8957	297.9349
282.3	338.1912	333.3413	328.5922	324.0448	319.8285	316.1873	313.2912	310.9008	308.7458	306.8433	305.2820	304.0929	303.0743	302.0191	300.9307	299.8648	298.8615	297.8974
282.4	338.5290	333.5706	328.7184	324.0786	319.7877	316.1042	313.2065	310.8315	308.6844	306.7837	305.2263	304.0482	303.0414	301.9913	300.9023	299.8329	298.8258	297.8580
282.5	338.8691	333.8001	328.8431	324.1097	319.7438	316.0179	313.1180	310.7584	308.6198	306.7219	305.1694	304.0029	303.0080	301.9629	300.8729	299.7999	298.7887	297.8170
282.6	339.2103	334.0291	328.9657	324.1379	319.6971	315.9287	313.0263	310.6817	308.5523	306.6584	305.1117	303.9571	302.9739	301.9337	300.8426	299.7657	298.7503	297.7745
282.7	339.5520	334.2568	329.0858	324.1632	319.6478	315.8374	312.9319	310.6019	308.4821	306.5936	305.0536	303.9110	302.9392	301.9035	300.8112	299.7303	298.7107	297.7307
282.8	339.8932	334.4827	329.2031	324.1855	319.5963	315.7443	312.8351	310.5191	308.4097	306.5277	304.9954	303.8647	302.9038	301.8723	300.7787	299.6938	298.6699	297.6858
282.9	340.2331	334.7060	329.3171	324.2046	319.5428	315.6501	312.7365	310.4338	308.3353	306.4611	304.9375	303.8185	302.8677	301.8399	300.7449	299.6561	298.6281	297.6400
283	340.5707	334.9261	329.4274	324.2206	319.4876	315.5553	312.6366	310.3461	308.2592	306.3941	304.8801	303.7724	302.8308	301.8063	300.7098	299.6172	298.5853	297.5934
283.1	340.9053	335.1423	329.5336	324.2332	319.4311	315.4604	312.5359	310.2565	308.1816	306.3272	304.8237	303.7267	302.7932	301.7713	300.6732	299.5772	298.5417	297.5464
283.2	341.2359	335.3540	329.6352	324.2424	319.3735	315.3660	312.4347	310.1653	308.1030	306.2607	304.7686	303.6815	302.7547	301.7348	300.6352	299.5361	298.4974	297.4989
283.3	341.5627	335.5611	329.7320	324.2481	319.3151	315.2726	312.3337	310.0728	308.0235	306.1950	304.7150	303.6370	302.7154	301.6968	300.5958	299.4940	298.4525	297.4514
283.4	341.8867	335.7639	329.8241	324.2501	319.2561	315.1808	312.2333	309.9793	307.9435	306.1302	304.6634	303.5933	302.6751	301.6571	300.5549	299.4509	298.4072	297.4038
283.5	342.2088	335.9630	329.9115	324.2486	319.1967	315.0911	312.1340	309.8851	307.8630	306.0663	304.6134	303.5502	302.6339	301.6158	300.5125	299.4069	298.3616	297.3565
283.6	342.5301	336.1589	329.9946	324.2437	319.1374	315.0039	312.0363	309.7905	307.7821	306.0031	304.5646	303.5075	302.5918	301.5730	300.4688	299.3622	298.3157	297.3097
283.7	342.8514	336.3527	330.0741	324.2360	319.0781	314.9190	311.9402	309.6958	307.7008	305.9403	304.5166	303.4648	302.5487	301.5288	300.4238	299.3167	298.2698	297.2634
283.8	343.1739	336.5452	330.1510	324.2257	319.0182	314.8355	311.8453	309.6015	307.6197	305.8778	304.4691	303.4219	302.5045	301.4833	300.3777	299.2706	298.2240	297.2179
283.9	343.4984	336.7375	330.2259	324.2132	318.9574	314.7525	311.7513	309.5077	307.5389	305.8156	304.4216	303.3785	302.4593	301.4365	300.3305	299.2238	298.1782	297.1734
284	343.8259	336.9305	330.2999	324.1988	318.8952	314.6691	311.6578	309.4148	307.4589	305.7536	304.3736	303.3342	302.4130	301.3885	300.2824	299.1766	298.1327	297.1301
284.1	344.1576	337.1253	330.3736	324.1830	318.8310	314.5843	311.5643	309.3231	307.3799	305.6917	304.3249	303.2888	302.3655	301.3395	300.2334	299.1289	298.0876	297.0881
284.2	344.4942	337.3230	330.4481	324.1660	318.7645	314.4974	311.4706	309.2330	307.3024	305.6299	304.2749	303.2419	302.3169	301.2896	300.1836	299.0809	298.0429	297.0477
284.3	344.8368	337.5244	330.5241	324.1483	318.6952	314.4073	311.3761	309.1446	307.2266	305.5681	304.2232	303.1932	302.2671	301.2388	300.1331	299.0326	297.9987	297.0086
284.4	345.1864	337.7305	330.6025	324.1302	318.6226	314.3131	311.2802	309.0576	307.1521	305.5058	304.1695	303.1425	302.2161	301.1873	300.0822	298.9840	297.9549	296.9710
284.5	345.5433	337.9420	330.6838	324.1120	318.5466	314.2141	311.1816	308.9709	307.0781	305.4424	304.1134	303.0895	302.1639	301.1351	300.0308	298.9353	297.9116	296.9345
284.6	345.9056	338.1580	330.7682	324.0942	318.4669	314.1092	311.0793	308.8834	307.0038	305.3773	304.0543	303.0342	302.1103	301.0823	299.9790	298.8866	297.8687	296.8993
284.7	346.2708	338.3775	330.8557	324.0771	318.3834	313.9977	310.9721	308.7942	306.9283	305.3098	303.9920	302.9761	302.0555	301.0290	299.9271	298.8378	297.8263	296.8651
284.8	346.6366	338.5993	330.9460	324.0608	318.2961	313.8791	310.8593	308.7022	306.8507	305.2393	303.9260	302.9153	301.9992	300.9752	299.8750	298.7891	297.7843	296.8319
284.9	347.0006	338.8212	331.0372	324.0440	318.2046	313.7535	310.7404	308.6064	306.7698	305.1651	303.8560	302.8516	301.9416	300.9209	299.8228	298.7406	297.7428	296.7997
285	347.3603	339.0407	331.1269	324.0249	318.1082	313.6208	310.6149	308.5057	306.6848	305.0868	303.7823	302.7852	301.8826	300.8660	299.7705	298.6922	297.7019	296.7682
285.1	347.7136	339.2553	331.2127	324.0018	318.0061	313.4809	310.4825	308.3992	306.5948	305.0044	303.7052	302.7164	301.8221	300.8104	299.7181	298.6442	297.6615	296.7376
285.2	348.0579	339.4624	331.2922	323.9727	317.8975	313.3339	310.3428	308.2857	306.4990	304.9175	303.6250	302.6454	301.7602	300.7541	299.6656	298.5965	297.6217	296.7076
285.3	348.3908	339.6595	331.3630	323.9359	317.7818	313.1798	310.1952	308.1642	306.3965	304.8259	303.5420	302.5724	301.6967	300.6969	299.6130	298.5493	297.5825	296.6781
285.4	348.7103	339.8443	331.4226	323.8895	317.6582	313.0184	310.0394	308.0338	306.2865	304.7295	303.4564	302.4977	301.6317	300.6388	299.5602	298.5026	297.5440	296.6492
285.5	349.0156	340.0152	331.4691	323.8316	317.5259	312.8497	309.8750	307.8933	306.1680	304.6280	303.3685	302.4215	301.5651	300.5795	299.5073	298.4564	297.5062	296.6207
285.6	349.3073	340.1714	331.5007	323.7606	317.3840	312.6738	309.7015	307.7418	306.0402	304.5212	303.2787	302.3441	301.4969	300.5191	299.4542	298.4109	297.4691	296.5925
285.7	349.5861	340.3120	331.5156	323.6745	317.2317	312.4906	309.5186	307.5782	305.9023	304.4088	303.1873	302.2657	301.4271	300.4573	299.4007	298.3659	297.4326	296.5645
285.8	349.8514	340.4357	331.5119	323.5716	317.0681	312.3000	309.3267	307.4032	305.7547	304.2914	303.0944	302.1865	301.3556	300.3941	299.3468	298.3214	297.3966	296.5367
285.9	350.0958	340.5374	331.4863	323.4500	316.8921	312.1021	309.1271	307.2187	305.5994	304.1700	303.0005	302.1064	301.2824	300.3295	299.2925	298.2772	297.3612	296.5089
286	350.3080	340.6098	331.4354	323.3085	316.7034	311.8968	308.9209	307.0272	305.4386	304.0457	302.9059	302.0255	301.2078	300.2636	299.2377	298.2333	297.3260	296.4812
286.1	350.4768	340.6470	331.3572	323.1475	316.5024	311.6843	308.7094	306.8307	305.2743	303.9199	302.8107	301.9438	301.1317	300.1965	299.1824	298.1896	297.2912	296.4533
286.2	350.5909	340.6427	331.2498	322.9675	316.2897	311.4648	308.4935	306.6316	305.1087	303.7937	302.7153	301.8613	301.0544	300.1283	299.1267	298.1460	297.2564	296.4252
286.3	350.6391	340.5909	331.1113	322.7688	316.0657	311.2383	308.2744	306.4322	304.9439	303.6682	302.6201	301.7781	300.9757	300.0590	299.0706	298.1024	297.2216	296.3969
286.4	350.6106	340.4859	330.9401	322.5522	315.8309	311.0050	308.0532	306.2345	304.7822	303.5448	302.5252	301.6942	300.8960	299.9888	299.0140	298.0587	297.1868	296.3682
286.5	350.5069	340.3288	330.7370	322.3179	315.5854	310.7652	307.8312	306.0410	304.6254	303.4246	302.4310	301.6096	300.8152	299.9178	298.9569	298.0149	297.1517	296.3391
286.6	350.3436	340.1290	330.5061	322.0665	315.3287	310.5188	307.6097	305.8538	304.4758	303.3087	302.3378	301.5243	300.7335	299.8460	298.8994	297.9707	297.1164	296.3095
286.7	350.1370	339.8962	330.2513	321.7984	315.0601	310.2662	307.3902	305.6752	304.3351	303.1981	302.2457	301.4383	300.6510	299.7735	298.8414	297.9263	297.0806	296.2792
286.8	349.9034	339.6396	329.9762	321.5135	314.7789	310.0074	307.1743	305.5075	304.2052	303.0934	302.1545	301.3514	300.5677	299.7006	298.7831	297.8814	297.0442	296.2482
286.9	349.6532	339.3645	329.6817	321.2106	314.4841	309.7431	306.9634	305.3523	304.0873	302.9950	302.0640	301.2634	300.4837	299.6275	298.7244	297.8360	297.0072	296.2165
287	349.3572	339.0531	329.3599	320.8884	314.1769	309.4742	306.7576	305.2088	303.9803	302.9021	301.9739	301.1743	300.3992	299.5541	298.6654	297.7900	296.9694	296.1838
287.1	348.9695	338.6782	328.9995	320.5458	313.8594	309.2016	306.5557	305.0747	303.8820	302.8137	301.8839	301.0841	300.3142	299.4804	298.6059	297.7432	296.9307	296.1503
287.2	348.4444	338.2125	328.5888	320.1814	313.5333	308.9260	306.3569	304.9479	303.7904	302.7283	301.7938	300.9931	300.2289	299.4066	298.5461	297.6957	296.8910	296.1157
287.3	347.7365	337.6291	328.1168	319.7945	313.2010	308.6485	306.1600	304.8260	303.7033	302.6450	301.7035	300.9014	300.1433	299.3326	298.4857	297.6473	296.8503	296.0799
287.4	346.8550	336.9337	327.5861	319.3862	312.8633	308.3699	305.9644	304.7069	303.6185	302.5624	301.6125	300.8090	300.0576	299.2585	298.4248	297.5980	296.8085	296.0430
287.5	345.9308	336.2020	327.0266	318.9581	312.5170	308.0910	305.7708	304.5885	303.5331	302.4788	301.5207	300.7162	299.9717	299.1842	298.3635	297.5479	296.7656	296.0050
287.6	345.1109	335.5190	326.4713	318.5122	312.1579	307.8128	305.5798	304.4684	303.4443	302.3925	301.4277	300.6232	299.8859	299.1097	298.3016	297.4968	296.7215	295.9656
287.7	344.5425	334.9698	325.9535	318.0500	311.7818	307.5355	305.3920	304.3444	303.3491	302.3019	301.3335	300.5303	299.8002	299.0351	298.2392	297.4449	296.6764	295.9250
287.8	344.3594	334.6251	325.4922	317.5620	311.3788	307.2593	305.2087	304.2145	303.2443	302.2049	301.2377	300.4376	299.7147	298.9602	298.1762	297.3920	296.6301	295.8830
287.9	344.2799	334.3057	324.9969	317.0187	310.9451	306.9843	305.0290	304.0763	303.1278	302.1005	301.1400	300.3454	299.6295	298.8853	298.1126	297.3383	296.5827	295.8397
288	343.5335	333.5509	324.2690	316.3886	310.4947	306.7105	304.8468	303.9276	302.9997	301.9888	301.0403	300.2534	299.5448	298.8103	298.0486	297.2838	296.5342	295.7950
288.1	341.3216	331.8948	323.1222	315.6579	310.0519	306.4382	304.6542	303.7669	302.8620	301.8713	300.9382	300.1611	299.4603	298.7355	297.9843	297.2283	296.4843	295.7489
288.2	337.0374	329.0186	321.4730	314.8739	309.6645	306.1675	304.4398	303.5946	302.7204	301.7515	300.8335	300.0674	299.3760	298.6614	297.9200	297.1720	296.4332	295.7013
288.3	333.4599	326.5503	319.9820	314.0966	309.2553	305.8984	304.2279	303.4116	302.5645	301.6223	300.7260	299.9736	299.2919	298.5870	297.8550	297.1148	296.3809	295.6522
288.4	332.0129	325.3332	319.0031	313.3719	308.7926	305.6312	304.0295	303.2189	302.3902	301.4810	300.6157	299.8805	299.2077	298.5119	297.7894	297.0567	296.3274	295.6015
288.5	331.9401	324.9242	318.3560	312.6831	308.2972	305.3659	303.8387	303.0173	302.2012	301.3298	300.5028	299.7874	299.1235	298.4364	297.7230	296.9978	296.2728	295.5492
288.6	331.5139	324.3135	317.6340	311.9967	307.8186	305.1022	303.6408	302.8078	302.0057	301.1742	300.3872	299.6933	299.0390	298.3609	297.6563	296.9380	296.2169	295.4953
288.7	327.8528	321.8304	316.1813	311.2791	307.4508	304.8391	303.4078	302.5913	301.8178	301.0230	300.2691	299.5960	298.9543	298.2861	297.5897	296.8774	296.1595	295.4397
288.8	321.7731	317.9227	314.1412	310.4972	307.1444	304.5757	303.1522	302.3686	301.6327	300.8732	300.1486	299.4963	298.8691	298.2117	297.5231	296.8158	296.1007	295.3824
288.9	319.6859	316.2593	312.8924	309.6446	306.6464	304.3110	302.9444	302.1407	301.4183	300.7038	300.0258	299.3991	298.7834	298.1352	297.4549	296.7535	296.0409	295.3234
289	319.0286	315.3927	311.9153	308.7549	306.0729	304.0441	302.7526	301.9085	301.1905	300.5251	299.9007	299.3020	298.6970	298.0577	297.3857	296.6902	295.9800	295.2626
289.1	316.9999	313.7408	310.6422	307.8645	305.5508	303.7741	302.5423	301.6729	300.9666	300.3482	299.7736	299.2024	298.6099	297.9802	297.3163	296.6261	295.9177	295.2000
289.2	314.0750	311.5982	309.2129	307.0104	305.0797	303.4999	302.3146	301.4348	300.7472	300.1736	299.6444	299.1004	298.5220	297.9027	297.2467	296.5612	295.8539	295.1355
289.3	311.5604	309.7343	307.9443	306.2266	304.6257	303.2207	302.0799	301.1951	300.5284	299.9985	299.5134	298.9966	298.4332	297.8246	297.1765	296.4954	295.7888	295.0691
289.4	309.4723	308.1556	306.8354	305.5081	304.1850	302.9354	301.8387	300.9548	300.3109	299.8233	299.3805	298.8908	298.3432	297.7460	297.1058	296.4287	295.7224	295.0007
289.5	306.7988	306.2604	305.6307	304.8183	303.7772	302.6432	301.5841	300.7147	300.0992	299.6510	299.2459	298.7826	298.2521	297.6670	297.0347	296.3612	295.6546	294.9304
289.6	303.2332	303.8504	304.2262	304.1192	303.3946	302.3436	301.3169	300.4758	299.8938	299.4817	299.1096	298.6718	298.1598	297.5876	296.9631	296.2929	295.5854	294.8581
289.7	299.5901	301.3693	302.7600	303.3734	302.9865	302.0372	301.0509	300.2388	299.6892	299.3119	298.9718	298.5594	298.0661	297.5071	296.8908	296.2237	295.5149	294.7842
289.8	296.6368	299.2401	301.3701	302.5535	302.5093	301.7246	300.7978	300.0038	299.4802	299.1382	298.8326	298.4460	297.9709	297.4251	296.8173	296.1536	295.4435	294.7086
289.9	294.4977	297.5459	300.1034	301.6796	301.9690	301.4062	300.5569	299.7707	299.2667	298.9606	298.6921	298.3317	297.8741	297.3415	296.7426	296.0827	295.3711	294.6317
290	293.1139	296.2732	298.9808	300.7853	301.3854	301.0827	300.3243	299.5391	299.0506	298.7805	298.5503	298.2162	297.7756	297.2562	296.6666	296.0110	295.2978	294.5536
290.1	292.3504	295.3649	298.0069	299.9040	300.7815	300.7546	300.0950	299.3088	298.8339	298.5993	298.4072	298.0992	297.6754	297.1692	296.5894	295.9383	295.2237	294.4746
290.2	291.6268	294.5086	297.0897	299.0695	300.1973	300.4226	299.8591	299.0796	298.6210	298.4199	298.2630	297.9800	297.5732	297.0808	296.5111	295.8647	295.1487	294.3948
290.3	290.2003	293.2980	296.1007	298.3135	299.6785	300.0871	299.6055	298.8512	298.4170	298.2457	298.1176	297.8577	297.4690	296.9912	296.4317	295.7901	295.0729	294.3144
290.4	287.3279	291.3022	294.8706	297.6274	299.2499	299.7488	299.3271	298.6234	298.2250	298.0787	297.9712	297.7320	297.3627	296.9003	296.3513	295.7144	294.9962	294.2336
290.5	283.2406	288.6230	293.3987	296.9611	298.8771	299.4083	299.0322	298.3959	298.0410	297.9165	297.8237	297.6034	297.2542	296.8079	296.2695	295.6376	294.9189	294.1526
290.6	280.9985	286.9816	292.2934	296.2625	298.4149	299.0659	298.7598	298.1685	297.8461	297.7469	297.6753	297.4746	297.1434	296.7124	296.1855	295.5597	294.8411	294.0716
290.7	280.0185	286.0148	291.3801	295.4834	297.8613	298.7217	298.5087	297.9410	297.6409	297.5703	297.5260	297.3456	297.0301	296.6138	296.0990	295.4805	294.7629	293.9908
290.8	278.9961	284.9837	290.3909	294.6375	297.2741	298.3759	298.2632	297.7131	297.4324	297.3914	297.3758	297.2153	296.9145	296.5125	296.0104	295.4001	294.6844	293.9104
290.9	277.6666	283.7766	289.3352	293.7909	296.6974	298.0283	298.0130	297.4845	297.2253	297.2132	297.2248	297.0831	296.7965	296.4088	295.9198	295.3184	294.6054	293.8306
291	276.1512	282.5028	288.3053	293.0096	296.1605	297.6790	297.7522	297.2550	297.0219	297.0373	297.0730	296.9488	296.6764	296.3032	295.8274	295.2353	294.5260	293.7515
291.1	274.5709	281.2444	287.3486	292.3144	295.6693	297.3280	297.4797	297.0244	296.8227	296.8641	296.9205	296.8124	296.5542	296.1955	295.7331	295.1508	294.4462	293.6734
291.2	273.0340	280.0476	286.4623	291.6795	295.2066	296.9754	297.1993	296.7925	296.6255	296.6922	296.7674	296.6744	296.4300	296.0857	295.6368	295.0648	294.3660	293.5964
291.3	271.6402	278.9525	285.6397	291.0769	294.7540	296.6211	296.9150	296.5589	296.4280	296.5202	296.6136	296.5351	296.3041	295.9738	295.5384	294.9774	294.2857	293.5208
291.4	270.4833	277.9959	284.8728	290.4784	294.2934	296.2651	296.6309	296.3235	296.2283	296.3468	296.4594	296.3949	296.1763	295.8596	295.4378	294.8883	294.2051	293.4467
291.5	269.5601	277.1589	284.1325	289.8559	293.8108	295.9075	296.3498	296.0859	296.0246	296.1710	296.3046	296.2542	296.0470	295.7431	295.3348	294.7977	294.1244	293.3744
291.6	268.7837	276.3803	283.3812	289.1905	293.2997	295.5484	296.0727	295.8460	295.8161	295.9924	296.1493	296.1131	295.9162	295.6242	295.2294	294.7055	294.0435	293.3040
291.7	268.0647	275.6187	282.6156	288.4985	292.7719	295.1876	295.7967	295.6035	295.6041	295.8117	295.9937	295.9717	295.7840	295.5033	295.1217	294.6115	293.9625	293.2352
291.8	267.3184	274.8402	281.8421	287.8041	292.2434	294.8252	295.5183	295.3581	295.3899	295.6300	295.8378	295.8297	295.6506	295.3804	295.0118	294.5157	293.8810	293.1680
291.9	266.5223	274.0468	281.0802	287.1318	291.7275	294.4612	295.2342	295.1097	295.1746	295.4479	295.6814	295.6871	295.5160	295.2557	294.8997	294.4182	293.7991	293.1022
292	265.6979	273.2652	280.3590	286.5057	291.2359	294.0957	294.9420	294.8580	294.9592	295.2661	295.5247	295.5437	295.3803	295.1294	294.7856	294.3188	293.7165	293.0376
292.1	264.8673	272.5150	279.6943	285.9370	290.7733	293.7286	294.6407	294.6026	294.7439	295.0846	295.3675	295.3994	295.2438	295.0017	294.6696	294.2176	293.6332	292.9739
292.2	264.0528	271.8053	279.0851	285.4197	290.3360	293.3601	294.3313	294.3440	294.5283	294.9032	295.2097	295.2545	295.1064	294.8728	294.5519	294.1147	293.5491	292.9110
292.3	263.2766	271.1445	278.5290	284.9466	289.9192	292.9899	294.0150	294.0825	294.3125	294.7218	295.0514	295.1089	294.9684	294.7428	294.4326	294.0102	293.4644	292.8487
292.4	262.5604	270.5408	278.0234	284.5107	289.5185	292.6183	293.6932	293.8187	294.0963	294.5402	294.8924	294.9626	294.8298	294.6119	294.3119	293.9043	293.3789	292.7868
292.5	261.9121	269.9944	277.5631	284.1048	289.1299	292.2452	293.3672	293.5532	293.8799	294.3583	294.7327	294.8157	294.6907	294.4802	294.1901	293.7972	293.2927	292.7252
292.6	261.3246	269.4969	277.1393	283.7218	288.7498	291.8707	293.0378	293.2866	293.6634	294.1760	294.5723	294.6681	294.5513	294.3480	294.0673	293.6890	293.2058	292.6636
292.7	260.7898	269.0395	276.7431	283.3545	288.3751	291.4950	292.7063	293.0193	293.4468	293.9933	294.4110	294.5201	294.4116	294.2154	293.9438	293.5797	293.1181	292.6018
292.8	260.2999	268.6131	276.3654	282.9959	288.0026	291.1185	292.3739	292.7520	293.2302	293.8101	294.2489	294.3714	294.2719	294.0827	293.8197	293.4696	293.0297	292.5397
292.9	259.8468	268.2090	275.9975	282.6389	287.6290	290.7414	292.0417	292.4851	293.0137	293.6262	294.0858	294.2222	294.1321	293.9499	293.6952	293.3588	292.9406	292.4770
293	259.4228	267.8187	275.6312	282.2771	287.2516	290.3641	291.7109	292.2193	292.7973	293.4416	293.9217	294.0725	293.9925	293.8173	293.5706	293.2475	292.8508	292.4137
293.1	259.0198	267.4361	275.2623	281.9081	286.8695	289.9870	291.3821	291.9552	292.5813	293.2564	293.7565	293.9224	293.8530	293.6851	293.4459	293.1357	292.7603	292.3494
293.2	258.6335	267.0578	274.8880	281.5301	286.4821	289.6104	291.0561	291.6931	292.3661	293.0706	293.5903	293.7716	293.7140	293.5534	293.3216	293.0236	292.6690	292.2840
293.3	258.2630	266.6820	274.5063	281.1415	286.0889	289.2345	290.7334	291.4338	292.1519	292.8844	293.4229	293.6204	293.5753	293.4225	293.1976	292.9114	292.5770	292.2173
293.4	257.9078	266.3074	274.1155	280.7405	285.6890	288.8597	290.4148	291.1777	291.9391	292.6977	293.2542	293.4686	293.4372	293.2926	293.0743	292.7992	292.4843	292.1492
293.5	257.5670	265.9326	273.7136	280.3256	285.2818	288.4864	290.1010	290.9255	291.7280	292.5107	293.0843	293.3161	293.2996	293.1636	292.9518	292.6871	292.3908	292.0794
293.6	257.2402	265.5561	273.2987	279.8950	284.8665	288.1148	289.7925	290.6775	291.5187	292.3234	292.9130	293.1629	293.1624	293.0355	292.8302	292.5753	292.2967	292.0077
293.7	256.9267	265.1765	272.8690	279.4470	284.4426	287.7451	289.4892	290.4330	291.3107	292.1354	292.7403	293.0089	293.0256	292.9085	292.7095	292.4639	292.2019	291.9341
293.8	256.6256	264.7934	272.4244	278.9818	284.0099	287.3767	289.1900	290.1908	291.1027	291.9462	292.5662	292.8541	292.8889	292.7824	292.5899	292.3531	292.1066	291.8586
293.9	256.3361	264.4093	271.9697	278.5041	283.5704	287.0088	288.8932	289.9494	290.8941	291.7556	292.3905	292.6985	292.7525	292.6571	292.4714	292.2429	292.0109	291.7813
294	256.0573	264.0272	271.5102	278.0193	283.1267	286.6405	288.5969	289.7075	290.6840	291.5632	292.2133	292.5421	292.6161	292.5326	292.3540	292.1336	291.9151	291.7024
294.1	255.7884	263.6500	271.0515	277.5329	282.6811	286.2710	288.2993	289.4637	290.4717	291.3687	292.0344	292.3848	292.4797	292.4089	292.2377	292.0252	291.8192	291.6221
294.2	255.5286	263.2805	270.5989	277.0503	282.2363	285.8994	287.9984	289.2166	290.2565	291.1717	291.8538	292.2266	292.3433	292.2858	292.1223	291.9175	291.7232	291.5405
294.3	255.2770	262.9217	270.1579	276.5769	281.7946	285.5251	287.6925	288.9649	290.0376	290.9721	291.6715	292.0676	292.2067	292.1632	292.0078	291.8105	291.6272	291.4578
294.4	255.0328	262.5766	269.7338	276.1181	281.3586	285.1471	287.3798	288.7072	289.8142	290.7694	291.4874	291.9076	292.0699	292.0410	291.8941	291.7042	291.5312	291.3742
294.5	254.7955	262.2470	269.3304	275.6776	280.9296	284.7646	287.0585	288.4420	289.5855	290.5634	291.3014	291.7467	291.9328	291.9190	291.7810	291.5986	291.4353	291.2896
294.6	254.5646	261.9323	268.9467	275.2543	280.5069	284.3768	286.7276	288.1682	289.3504	290.3534	291.1135	291.5848	291.7953	291.7971	291.6684	291.4935	291.3395	291.2045
294.7	254.3398	261.6312	268.5807	274.8463	280.0892	283.9829	286.3861	287.8842	289.1077	290.1390	290.9236	291.4222	291.6573	291.6753	291.5563	291.3890	291.2438	291.1188
294.8	254.1204	261.3424	268.2307	274.4519	279.6753	283.5825	286.0332	287.5892	288.8567	289.9197	290.7316	291.2587	291.5188	291.5533	291.4445	291.2849	291.1483	291.0327
294.9	253.9062	261.0643	267.8945	274.0691	279.2648	283.1763	285.6704	287.2841	288.5978	289.6957	290.5376	291.0942	291.3797	291.4311	291.3329	291.1813	291.0531	290.9464
295	253.6967	260.7954	267.5699	273.6961	278.8572	282.7654	285.2989	286.9700	288.3319	289.4674	290.3415	290.9287	291.2399	291.3086	291.2214	291.0780	290.9581	290.8601
295.1	253.4914	260.5341	267.2547	273.3311	278.4521	282.3509	284.9204	286.6482	288.0596	289.2351	290.1436	290.7622	291.0993	291.1857	291.1099	290.9751	290.8635	290.7739
295.2	253.2900	260.2791	266.9469	272.9722	278.0492	281.9338	284.5362	286.3198	287.7819	288.9993	289.9440	290.5947	290.9579	291.0623	290.9984	290.8725	290.7692	290.6879
295.3	253.0926	260.0290	266.6444	272.6176	277.6480	281.5153	284.1479	285.9861	287.4994	288.7605	289.7429	290.4263	290.8156	290.9382	290.8867	290.7700	290.6752	290.6023
295.4	252.8993	259.7826	266.3450	272.2655	277.2481	281.0964	283.7569	285.6482	287.2131	288.5192	289.5405	290.2568	290.6722	290.8133	290.7747	290.6678	290.5817	290.5172
295.5	252.7105	259.5389	266.0469	271.9140	276.8491	280.6781	283.3648	285.3074	286.9236	288.2757	289.3369	290.0864	290.5278	290.6876	290.6624	290.5657	290.4887	290.4329
295.6	252.5261	259.2965	265.7479	271.5613	276.4506	280.2616	282.9730	284.9647	286.6318	288.0305	289.1323	289.9151	290.3821	290.5609	290.5495	290.4636	290.3962	290.3494
295.7	252.3464	259.0547	265.4467	271.2061	276.0525	279.8478	282.5830	284.6215	286.3386	287.7842	288.9270	289.7428	290.2353	290.4332	290.4361	290.3616	290.3042	290.2669
295.8	252.1715	258.8132	265.1428	270.8484	275.6552	279.4379	282.1960	284.2789	286.0447	287.5371	288.7211	289.5695	290.0871	290.3042	290.3220	290.2595	290.2128	290.1855
295.9	252.0016	258.5718	264.8360	270.4878	275.2591	279.0329	281.8134	283.9381	285.7511	287.2898	288.5147	289.3953	289.9375	290.1739	290.2071	290.1574	290.1220	290.1053
296	251.8369	258.3305	264.5257	270.1242	274.8648	278.6340	281.4364	283.6002	285.4587	287.0429	288.3081	289.2201	289.7865	290.0422	290.0914	290.0551	290.0316	290.0260
296.1	251.6774	258.0888	264.2117	269.7575	274.4724	278.2419	281.0664	283.2666	285.1684	286.7967	288.1014	289.0440	289.6339	289.9091	289.9747	289.9527	289.9416	289.9477
296.2	251.5235	257.8471	263.8939	269.3873	274.0818	277.8567	280.7037	282.9382	284.8812	286.5520	287.8947	288.8668	289.4796	289.7745	289.8572	289.8500	289.8520	289.8701
296.3	251.3749	257.6051	263.5724	269.0136	273.6923	277.4775	280.3479	282.6150	284.5973	286.3091	287.6884	288.6886	289.3237	289.6382	289.7386	289.7471	289.7626	289.7932
296.4	251.2306	257.3624	263.2468	268.6362	273.3036	277.1037	279.9985	282.2968	284.3168	286.0680	287.4825	288.5095	289.1660	289.5001	289.6189	289.6438	289.6735	289.7170
296.5	251.0897	257.1185	262.9170	268.2548	272.9150	276.7345	279.6548	281.9832	284.0396	285.8289	287.2773	288.3296	289.0063	289.3602	289.4981	289.5401	289.5845	289.6412
296.6	250.9512	256.8728	262.5827	267.8693	272.5263	276.3692	279.3162	281.6740	283.7658	285.5921	287.0728	288.1488	288.8448	289.2183	289.3759	289.4360	289.4956	289.5657
296.7	250.8140	256.6247	262.2438	267.4795	272.1368	276.0072	278.9822	281.3689	283.4952	285.3574	286.8692	287.9673	288.6812	289.0744	289.2524	289.3314	289.4067	289.4906
296.8	250.6772	256.3739	261.9001	267.0854	271.7463	275.6476	278.6521	281.0677	283.2277	285.1248	286.6662	287.7847	288.5155	288.9283	289.1275	289.2263	289.3178	289.4156
296.9	250.5396	256.1203	261.5525	266.6878	271.3547	275.2897	278.3253	280.7699	282.9632	284.8941	286.4636	287.6009	288.3477	288.7802	289.0013	289.1206	289.2287	289.3407
297	250.4004	255.8645	261.2026	266.2883	270.9625	274.9329	278.0010	280.4754	282.7016	284.6650	286.2610	287.4159	288.1777	288.6300	288.8737	289.0143	289.1395	289.2658
297.1	250.2584	255.6071	260.8517	265.8884	270.5700	274.5763	277.6784	280.1838	282.4426	284.4373	286.0583	287.2294	288.0059	288.4780	288.7448	288.9072	289.0498	289.1908
297.2	250.1127	255.3484	260.5015	265.4897	270.1776	274.2194	277.3569	279.8950	282.1863	284.2108	285.8552	287.0416	287.8322	288.3244	288.6147	288.7995	288.9598	289.1155
297.3	249.9623	255.0889	260.1533	265.0935	269.7858	273.8613	277.0356	279.6085	281.9324	283.9853	285.6515	286.8522	287.6568	288.1693	288.4835	288.6909	288.8692	289.0399
297.4	249.8061	254.8291	259.8087	264.7014	269.3949	273.5014	276.7138	279.3241	281.6809	283.7607	285.4468	286.6612	287.4799	288.0128	288.3512	288.5816	288.7780	288.9638
297.5	249.6432	254.5695	259.4690	264.3150	269.0056	273.1394	276.3911	279.0415	281.4315	283.5365	285.2409	286.4686	287.3016	287.8552	288.2178	288.4713	288.6861	288.8872
297.6	249.4727	254.3104	259.1355	263.9357	268.6189	272.7754	276.0673	278.7605	281.1838	283.3126	285.0336	286.2742	287.1220	287.6965	288.0835	288.3601	288.5933	288.8099
297.7	249.2953	254.0529	258.8097	263.5649	268.2356	272.4098	275.7422	278.4807	280.9376	283.0884	284.8247	286.0780	286.9412	287.5370	287.9483	288.2479	288.4997	288.7319
297.8	249.1121	253.7980	258.4923	263.2033	267.8561	272.0428	275.4159	278.2019	280.6924	282.8637	284.6138	285.8801	286.7594	287.3767	287.8122	288.1347	288.4050	288.6531
297.9	248.9241	253.5457	258.1825	262.8499	267.4802	271.6747	275.0884	277.9238	280.4476	282.6380	284.4007	285.6803	286.5766	287.2158	287.6754	288.0203	288.3092	288.5733
298	248.7325	253.2958	257.8793	262.5035	267.1073	271.3056	274.7601	277.6462	280.2030	282.4109	284.1852	285.4787	286.3931	287.0545	287.5378	287.9049	288.2122	288.4924
298.1	248.5383	253.0482	257.5818	262.1630	266.7372	270.9358	274.4309	277.3689	279.9583	282.1823	283.9674	285.2754	286.2090	286.8929	287.3995	287.7884	288.1140	288.4104
298.2	248.3427	252.8029	257.2891	261.8275	266.3692	270.5657	274.1013	277.0917	279.7132	281.9521	283.7473	285.0705	286.0243	286.7309	287.2607	287.6709	288.0145	288.3271
298.3	248.1467	252.5597	257.0003	261.4959	266.0031	270.1953	273.7712	276.8146	279.4675	281.7201	283.5250	284.8642	285.8393	286.5688	287.1212	287.5522	287.9138	288.2425
298.4	247.9514	252.3186	256.7144	261.1669	265.6384	269.8251	273.4410	276.5373	279.2209	281.4865	283.3007	284.6567	285.6540	286.4067	286.9813	287.4326	287.8117	288.1564
298.5	247.7579	252.0795	256.4304	260.8397	265.2747	269.4551	273.1109	276.2597	278.9732	281.2509	283.0744	284.4481	285.4686	286.2445	286.8410	287.3119	287.7082	288.0687
298.6	247.5673	251.8423	256.1475	260.5130	264.9115	269.0858	272.7809	275.9815	278.7241	281.0134	282.8462	284.2385	285.2831	286.0825	286.7002	287.1901	287.6032	287.9794
298.7	247.3807	251.6069	255.8648	260.1859	264.5485	268.7172	272.4513	275.7027	278.4735	280.7739	282.6163	284.0282	285.0979	285.9207	286.5591	287.0674	287.4969	287.8885
298.8	247.1991	251.3732	255.5812	259.8572	264.1852	268.3497	272.1223	275.4231	278.2211	280.5323	282.3847	283.8172	284.9128	285.7591	286.4177	286.9436	287.3892	287.7960
298.9	247.0232	251.1407	255.2958	259.5259	263.8213	267.9836	271.7941	275.1425	277.9666	280.2885	282.1516	283.6057	284.7281	285.5978	286.2759	286.8188	287.2801	287.7019
299	246.8525	250.9086	255.0073	259.1908	263.4563	267.6190	271.4668	274.8608	277.7099	280.0425	281.9169	283.3937	284.5434	285.4366	286.1338	286.6931	287.1696	287.6063
299.1	246.6869	250.6763	254.7148	258.8514	263.0901	267.2562	271.1406	274.5777	277.4508	279.7944	281.6809	283.1811	284.3587	285.2752	285.9911	286.5664	287.0578	287.5090
299.2	246.5260	250.4440	254.4190	258.5081	262.7232	266.8954	270.8153	274.2932	277.1892	279.5440	281.4436	282.9680	284.1737	285.1135	285.8478	286.4387	286.9448	287.4103
299.3	246.3697	250.2119	254.1206	258.1621	262.3561	266.5366	270.4908	274.0070	276.9250	279.2916	281.2052	282.7542	283.9883	284.9514	285.7038	286.3100	286.8304	287.3099
299.4	246.2175	249.9807	253.8206	257.8142	261.9894	266.1799	270.1670	273.7190	276.6583	279.0373	280.9656	282.5398	283.8023	284.7886	285.5591	286.1804	286.7149	287.2081
299.5	246.0693	249.7505	253.5198	257.4653	261.6236	265.8252	269.8435	273.4290	276.3890	278.7810	280.7251	282.3247	283.6156	284.6251	285.4136	286.0499	286.5982	287.1047
299.6	245.9248	249.5219	253.2192	257.1165	261.2592	265.4727	269.5203	273.1369	276.1170	278.5228	280.4837	282.1089	283.4279	284.4605	285.2672	285.9185	286.4803	286.9998
299.7	245.7837	249.2953	252.9195	256.7687	260.8969	265.1224	269.1972	272.8425	275.8423	278.2630	280.2415	281.8923	283.2391	284.2947	285.1197	285.7861	286.3613	286.8934
299.8	245.6455	249.0709	252.6216	256.4229	260.5371	264.7742	268.8739	272.5456	275.5649	278.0014	279.9987	281.6750	283.0490	284.1277	284.9712	285.6529	286.2413	286.7855
299.9	245.5097	248.8490	252.3264	256.0799	260.1803	264.4283	268.5505	272.2465	275.2850	277.7384	279.7552	281.4568	282.8575	283.9591	284.8215	285.5187	286.1201	286.6761
300	245.3758	248.6299	252.0347	255.7408	259.8271	264.0847	268.2270	271.9453	275.0029	277.4741	279.5110	281.2376	282.6643	283.7890	284.6706	285.3837	285.9980	286.5652
300.1	245.2434	248.4139	251.7473	255.4065	259.4780	263.7433	267.9034	271.6422	274.7187	277.2084	279.2661	281.0172	282.4694	283.6171	284.5185	285.2478	285.8748	286.4529
300.2	245.1119	248.2013	251.4652	255.0779	259.1335	263.4043	267.5796	271.3374	274.4327	276.9417	279.0206	280.7955	282.2725	283.4433	284.3651	285.1110	285.7507	286.3391
300.3	244.9808	247.9924	251.1892	254.7560	258.7940	263.0676	267.2558	271.0310	274.1450	276.6738	278.7742	280.5725	282.0734	283.2675	284.2102	284.9733	285.6255	286.2238
300.4	244.8496	247.7874	250.9199	254.4417	258.4601	262.7334	266.9319	270.7232	273.8560	276.4051	278.5270	280.3479	281.8720	283.0895	284.0539	284.8347	285.4994	286.1071
300.5	244.7179	247.5860	250.6572	254.1347	258.1317	262.4016	266.6080	270.4142	273.5656	276.1355	278.2791	280.1216	281.6682	282.9092	283.8961	284.6953	285.3724	285.9890
300.6	244.5850	247.3874	250.4004	253.8346	257.8085	262.0723	266.2843	270.1043	273.2742	275.8651	278.0302	279.8935	281.4617	282.7265	283.7366	284.5549	285.2444	285.8695
300.7	244.4506	247.1913	250.1490	253.5409	257.4903	261.7454	265.9610	269.7935	272.9817	275.5939	277.7804	279.6635	281.2524	282.5412	283.5755	284.4135	285.1155	285.7486
300.8	244.3141	246.9969	249.9024	253.2532	257.1770	261.4212	265.6383	269.4820	272.6884	275.3221	277.5298	279.4314	281.0401	282.3532	283.4126	284.2713	284.9857	285.6262
300.9	244.1752	246.8039	249.6600	252.9710	256.8683	261.0995	265.3162	269.1701	272.3944	275.0496	277.2781	279.1972	280.8247	282.1623	283.2479	284.1281	284.8550	285.5025
301	244.0340	246.6120	249.4214	252.6937	256.5638	260.7804	264.9951	268.8579	272.0997	274.7765	277.0254	278.9609	280.6064	281.9689	283.0815	283.9839	284.7233	285.3775
301.1	243.8909	246.4211	249.1862	252.4210	256.2635	260.4639	264.6750	268.5456	271.8045	274.5027	276.7718	278.7228	280.3855	281.7730	282.9134	283.8388	284.5908	285.2512
301.2	243.7460	246.2312	248.9541	252.1524	255.9669	260.1501	264.3561	268.2334	271.5089	274.2283	276.5170	278.4827	280.1621	281.5749	282.7438	283.6926	284.4574	285.1238
301.3	243.5997	246.0420	248.7245	251.8874	255.6738	259.8388	264.0385	267.9214	271.2129	273.9531	276.2611	278.2410	279.9366	281.3748	282.5728	283.5456	284.3231	284.9954
301.4	243.4522	245.8535	248.4971	251.6254	255.3839	259.5301	263.7225	267.6099	270.9166	273.6772	276.0041	277.9976	279.7092	281.1730	282.4004	283.3975	284.1879	284.8661
301.5	243.3038	245.6655	248.2715	251.3662	255.0969	259.2240	263.4081	267.2990	270.6201	273.4006	275.7460	277.7527	279.4802	280.9696	282.2267	283.2484	284.0519	284.7361
301.6	243.1548	245.4780	248.0473	251.1090	254.8125	258.9204	263.0956	266.9890	270.3236	273.1232	275.4866	277.5064	279.2497	280.7648	282.0518	283.0983	283.9150	284.6053
301.7	243.0054	245.2908	247.8242	250.8536	254.5305	258.6193	262.7850	266.6800	270.0272	272.8451	275.2261	277.2589	279.0180	280.5590	281.8758	282.9471	283.7773	284.4740
301.8	242.8558	245.1039	247.6020	250.5998	254.2506	258.3207	262.4766	266.3722	269.7310	272.5665	274.9645	277.0103	278.7853	280.3521	281.6988	282.7950	283.6388	284.3423
301.9	242.7064	244.9178	247.3809	250.3477	253.9731	258.0247	262.1703	266.0659	269.4355	272.2876	274.7022	276.7608	278.5520	280.1445	281.5207	282.6418	283.4996	284.2102
302	242.5575	244.7326	247.1613	250.0975	253.6978	257.7311	261.8664	265.7614	269.1407	272.0085	274.4391	276.5107	278.3182	279.9362	281.3418	282.4875	283.3595	284.0779
302.1	242.4092	244.5485	246.9434	249.8494	253.4249	257.4399	261.5648	265.4587	268.8469	271.7295	274.1756	276.2602	278.0842	279.7275	281.1619	282.3322	283.2187	283.9455
302.2	242.2618	244.3659	246.7273	249.6034	253.1543	257.1512	261.2657	265.1581	268.5543	271.4508	273.9116	276.0095	277.8502	279.5186	280.9814	282.1758	283.0772	283.8131
302.3	242.1153	244.1848	246.5134	249.3599	252.8862	256.8650	260.9690	264.8599	268.2633	271.1724	273.6475	275.7587	277.6165	279.3096	280.8001	282.0184	282.9350	283.6808
302.4	241.9696	244.0053	246.3016	249.1189	252.6205	256.5811	260.6751	264.5642	267.9739	270.8947	273.3833	275.5082	277.3833	279.1007	280.6182	281.8600	282.7922	283.5488
302.5	241.8246	243.8275	246.0922	248.8806	252.3574	256.2997	260.3838	264.2713	267.6865	270.6177	273.1192	275.2580	277.1509	278.8922	280.4359	281.7007	282.6489	283.4170
302.6	241.6801	243.6513	245.8854	248.6451	252.0969	256.0206	260.0952	263.9814	267.4014	270.3418	272.8554	275.0084	276.9195	278.6842	280.2531	281.5404	282.5049	283.2857
302.7	241.5362	243.4769	245.6812	248.4127	251.8390	255.7439	259.8096	263.6947	267.1186	270.0670	272.5921	274.7596	276.6892	278.4769	280.0701	281.3792	282.3605	283.1550
302.8	241.3926	243.3043	245.4799	248.1835	251.5837	255.4695	259.5268	263.4113	266.8385	269.7937	272.3293	274.5116	276.4601	278.2701	279.8866	281.2171	282.2157	283.0249
302.9	241.2493	243.1336	245.2817	247.9576	251.3312	255.1974	259.2470	263.1316	266.5615	269.5220	272.0673	274.2645	276.2321	278.0639	279.7029	281.0541	282.0705	282.8956
303	241.1062	242.9648	245.0867	247.7352	251.0814	254.9274	258.9702	262.8558	266.2878	269.2523	271.8062	274.0182	276.0051	277.8582	279.5187	280.8903	281.9251	282.7672
303.1	240.9632	242.7981	244.8951	247.5165	250.8343	254.6594	258.6964	262.5839	266.0176	268.9848	271.5462	273.7730	275.7792	277.6529	279.3341	280.7258	281.7793	282.6397
303.2	240.8203	242.6334	244.7070	247.3016	250.5899	254.3935	258.4256	262.3164	265.7513	268.7198	271.2874	273.5287	275.5543	277.4481	279.1491	280.5604	281.6333	282.5129
303.3	240.6772	242.4706	244.5222	247.0902	250.3480	254.1294	258.1577	262.0528	265.4887	268.4573	271.0300	273.2855	275.3304	277.2436	278.9638	280.3943	281.4870	282.3866
303.4	240.5345	242.3097	244.3404	246.8821	250.1086	253.8672	257.8925	261.7930	265.2297	268.1973	270.7742	273.0434	275.1073	277.0394	278.7780	280.2275	281.3403	282.2607
303.5	240.3925	242.1507	244.1612	246.6766	249.8712	253.6068	257.6297	261.5364	264.9739	267.9399	270.5201	272.8026	274.8851	276.8355	278.5919	280.0600	281.1931	282.1349
303.6	240.2516	241.9934	243.9843	246.4735	249.6357	253.3479	257.3691	261.2828	264.7211	267.6849	270.2678	272.5631	274.6637	276.6317	278.4053	279.8918	281.0454	282.0092
303.7	240.1123	241.8379	243.8093	246.2722	249.4018	253.0907	257.1106	261.0318	264.4709	267.4325	270.0176	272.3250	274.4431	276.4281	278.2184	279.7229	280.8973	281.8832
303.8	239.9748	241.6841	243.6359	246.0724	249.1693	252.8349	256.8539	260.7828	264.2232	267.1825	269.7696	272.0885	274.2232	276.2244	278.0310	279.5534	280.7485	281.7568
303.9	239.8397	241.5321	243.4637	245.8736	248.9380	252.5806	256.5987	260.5357	263.9777	266.9350	269.5240	271.8537	274.0040	276.0208	277.8430	279.3832	280.5990	281.6299
304	239.7072	241.3817	243.2923	245.6754	248.7076	252.3276	256.3449	260.2900	263.7340	266.6899	269.2808	271.6206	273.7855	275.8169	277.6545	279.2121	280.4486	281.5022
304.1	239.5780	241.2329	243.1215	245.4774	248.4779	252.0758	256.0922	260.0452	263.4920	266.4473	269.0403	271.3893	273.5675	275.6129	277.4652	279.0402	280.2974	281.3736
304.2	239.4522	241.0858	242.9509	245.2791	248.2486	251.8252	255.8404	259.8012	263.2513	266.2070	268.8027	271.1599	273.3501	275.4084	277.2753	278.8674	280.1451	281.2439
304.3	239.3304	240.9402	242.7801	245.0801	248.0196	251.5758	255.5894	259.5573	263.0116	265.9692	268.5680	270.9326	273.1333	275.2036	277.0845	278.6936	279.9918	281.1129
304.4	239.2129	240.7962	242.6087	244.8800	247.7906	251.3275	255.3390	259.3134	262.7725	265.7333	268.3360	270.7072	272.9169	274.9984	276.8929	278.5188	279.8372	280.9805
304.5	239.1001	240.6537	242.4367	244.6786	247.5617	251.0805	255.0891	259.0689	262.5336	265.4989	268.1065	270.4835	272.7010	274.7927	276.7005	278.3430	279.6813	280.8463
304.6	238.9925	240.5133	242.2644	244.4763	247.3331	250.8348	254.8395	258.8236	262.2942	265.2657	267.8789	270.2614	272.4854	274.5867	276.5073	278.1661	279.5240	280.7104
304.7	238.8898	240.3751	242.0924	244.2736	247.1051	250.5904	254.5901	258.5769	262.0540	265.0330	267.6531	270.0405	272.2702	274.3803	276.3133	277.9880	279.3651	280.5724
304.8	238.7915	240.2391	241.9208	244.0710	246.8781	250.3473	254.3405	258.3287	261.8124	264.8004	267.4285	269.8209	272.0554	274.1735	276.1184	277.8087	279.2045	280.4322
304.9	238.6972	240.1052	241.7501	243.8689	246.6523	250.1056	254.0905	258.0784	261.5691	264.5675	267.2048	269.6021	271.8407	273.9664	275.9228	277.6282	279.0421	280.2897
305	238.6063	239.9734	241.5806	243.6678	246.4281	249.8654	253.8401	257.8257	261.3235	264.3338	266.9817	269.3842	271.6264	273.7590	275.7263	277.4463	278.8778	280.1446
305.1	238.5184	239.8438	241.4126	243.4682	246.2057	249.6266	253.5889	257.5702	261.0752	264.0989	266.7588	269.1667	271.4122	273.5512	275.5291	277.2631	278.7115	279.9967
305.2	238.4329	239.7162	241.2465	243.2706	245.9856	249.3894	253.3369	257.3117	260.8239	263.8624	266.5357	268.9496	271.1981	273.3433	275.3311	277.0785	278.5431	279.8459
305.3	238.3494	239.5908	241.0826	243.0753	245.7679	249.1537	253.0843	257.0507	260.5698	263.6241	266.3121	268.7325	270.9841	273.1351	275.1323	276.8924	278.3724	279.6920
305.4	238.2672	239.4674	240.9214	242.8830	245.5529	248.9197	252.8313	256.7874	260.3132	263.3839	266.0876	268.5152	270.7700	272.9266	274.9328	276.7048	278.1993	279.5348
305.5	238.1861	239.3462	240.7632	242.6940	245.3408	248.6872	252.5780	256.5225	260.0543	263.1418	265.8618	268.2973	270.5558	272.7178	274.7324	276.5156	278.0237	279.3742
305.6	238.1053	239.2271	240.6084	242.5088	245.1318	248.4565	252.3248	256.2561	259.7933	262.8975	265.6344	268.0785	270.3413	272.5088	274.5313	276.3248	277.8456	279.2099
305.7	238.0245	239.1101	240.4574	242.3279	244.9262	248.2274	252.0719	255.9889	259.5306	262.6511	265.4049	267.8586	270.1263	272.2995	274.3294	276.1325	277.6649	279.0420
305.8	237.9432	238.9953	240.3105	242.1518	244.7242	248.0002	251.8193	255.7211	259.2663	262.4024	265.1732	267.6371	269.9108	272.0899	274.1268	275.9387	277.4817	278.8707
305.9	237.8608	238.8825	240.1679	241.9806	244.5258	247.7748	251.5676	255.4532	259.0007	262.1512	264.9386	267.4138	269.6947	271.8800	273.9235	275.7433	277.2963	278.6962
306	237.7768	238.7712	240.0290	241.8139	244.3309	247.5513	251.3169	255.1856	258.7340	261.8975	264.7010	267.1884	269.4778	271.6697	273.7195	275.5465	277.1086	278.5188
306.1	237.6908	238.6606	239.8931	241.6511	244.1392	247.3299	251.0677	254.9187	258.4663	261.6410	264.4600	266.9607	269.2600	271.4591	273.5148	275.3483	276.9188	278.3386
306.2	237.6022	238.5501	239.7594	241.4915	243.9505	247.1107	250.8203	254.6530	258.1978	261.3815	264.2151	266.7302	269.0412	271.2481	273.3094	275.1487	276.7270	278.1559
306.3	237.5106	238.4391	239.6273	241.3346	243.7644	246.8938	250.5752	254.3888	257.9287	261.1191	263.9660	266.4967	268.8213	271.0367	273.1033	274.9477	276.5332	277.9709
306.4	237.4155	238.3270	239.4960	241.1799	243.5809	246.6794	250.3328	254.1265	257.6592	260.8533	263.7124	266.2600	268.6002	270.8248	272.8965	274.7454	276.3377	277.7837
306.5	237.3171	238.2136	239.3652	241.0268	243.3994	246.4675	250.0933	253.8667	257.3894	260.5842	263.4538	266.0196	268.3776	270.6126	272.6891	274.5418	276.1405	277.5947
306.6	237.2158	238.0987	239.2342	240.8747	243.2199	246.2584	249.8573	253.6096	257.1196	260.3116	263.1900	265.7754	268.1536	270.3998	272.4809	274.3370	275.9417	277.4039
306.7	237.1121	237.9823	239.1026	240.7229	243.0419	246.0521	249.6252	253.3557	256.8498	260.0353	262.9205	265.5270	267.9280	270.1866	272.2721	274.1309	275.7415	277.2117
306.8	237.0066	237.8643	238.9698	240.5710	242.8653	245.8488	249.3972	253.1055	256.5806	259.7557	262.6458	265.2746	267.7007	269.9727	272.0626	273.9237	275.5399	277.0182
306.9	236.8996	237.7446	238.8355	240.4184	242.6897	245.6486	249.1735	252.8591	256.3123	259.4735	262.3664	265.0183	267.4716	269.7579	271.8522	273.7153	275.3371	276.8237
307	236.7918	237.6231	238.6990	240.2644	242.5150	245.4516	248.9542	252.6164	256.0451	259.1892	262.0830	264.7586	267.2405	269.5419	271.6407	273.5057	275.1333	276.6284
307.1	236.6835	237.4996	238.5600	240.1086	242.3410	245.2579	248.7392	252.3770	255.7789	258.9033	261.7964	264.4959	267.0073	269.3245	271.4280	273.2951	274.9286	276.4324
307.2	236.5752	237.3746	238.4185	239.9511	242.1680	245.0677	248.5283	252.1405	255.5136	258.6162	261.5071	264.2304	266.7719	269.1053	271.2139	273.0835	274.7231	276.2361
307.3	236.4675	237.2486	238.2751	239.7925	241.9962	244.8811	248.3212	251.9068	255.2493	258.3285	261.2160	263.9626	266.5343	268.8843	270.9984	272.8708	274.5171	276.0395
307.4	236.3608	237.1220	238.1304	239.6333	241.8261	244.6983	248.1179	251.6755	254.9860	258.0405	260.9237	263.6929	266.2946	268.6613	270.7814	272.6571	274.3106	275.8430
307.5	236.2556	236.9955	237.9850	239.4739	241.6581	244.5193	247.9181	251.4462	254.7237	257.7527	260.6309	263.4219	266.0528	268.4362	270.5627	272.4425	274.1037	275.6467
307.6	236.1523	236.8695	237.8395	239.3149	241.4925	244.3441	247.7215	251.2187	254.4623	257.4655	260.3382	263.1499	265.8091	268.2090	270.3424	272.2269	273.8967	275.4509
307.7	236.0515	236.7448	237.6944	239.1569	241.3294	244.1727	247.5277	250.9926	254.2020	257.1795	260.0464	262.8774	265.5636	267.9796	270.1203	272.0104	273.6895	275.2557
307.8	235.9537	236.6219	237.5506	239.0003	241.1689	244.0045	247.3363	250.7676	253.9427	256.8952	259.7561	262.6050	265.3164	267.7480	269.8964	271.7930	273.4823	275.0614
307.9	235.8591	236.5014	237.4086	238.8456	241.0112	243.8394	247.1469	250.5435	253.6847	256.6130	259.4680	262.3331	265.0677	267.5141	269.6707	271.5747	273.2751	274.8678
308	235.7678	236.3837	237.2690	238.6934	240.8564	243.6771	246.9588	250.3198	253.4279	256.3335	259.1829	262.0621	264.8175	267.2779	269.4431	271.3554	273.0677	274.6747
308.1	235.6794	236.2688	237.1324	238.5443	240.7046	243.5173	246.7718	250.0964	253.1725	256.0572	258.9013	261.7925	264.5659	267.0393	269.2136	271.1352	272.8601	274.4819
308.2	235.5936	236.1570	236.9991	238.3986	240.5560	243.3596	246.5853	249.8728	252.9186	255.7846	258.6240	261.5248	264.3132	266.7985	268.9822	270.9140	272.6521	274.2891
308.3	235.5101	236.0485	236.8698	238.2569	240.4107	243.2037	246.3989	249.6487	252.6661	255.5162	258.3517	261.2593	264.0593	266.5552	268.7488	270.6919	272.4438	274.0961
308.4	235.4286	235.9433	236.7447	238.1196	240.2688	243.0495	246.2121	249.4239	252.4154	255.2524	258.0851	260.9967	263.8045	266.3095	268.5136	270.4688	272.2349	273.9026
308.5	235.3489	235.8412	236.6237	237.9865	240.1301	242.8965	246.0245	249.1980	252.1662	254.9938	257.8247	260.7372	263.5488	266.0614	268.2763	270.2447	272.0254	273.7084
308.6	235.2705	235.7421	236.5067	237.8575	239.9943	242.7445	245.8359	248.9708	251.9184	254.7401	257.5704	260.4809	263.2923	265.8110	268.0373	270.0197	271.8152	273.5132
308.7	235.1933	235.6456	236.3934	237.7323	239.8613	242.5932	245.6459	248.7418	251.6714	254.4905	257.3214	260.2274	263.0352	265.5586	267.7965	269.7938	271.6042	273.3168
308.8	235.1169	235.5516	236.2838	237.6109	239.7307	242.4423	245.4544	248.5111	251.4250	254.2445	257.0773	259.9765	262.7776	265.3045	267.5542	269.5668	271.3921	273.1190
308.9	235.0410	235.4600	236.1777	237.4930	239.6022	242.2916	245.2615	248.2791	251.1793	254.0017	256.8372	259.7278	262.5195	265.0489	267.3106	269.3389	271.1789	272.9194
309	234.9653	235.3704	236.0750	237.3785	239.4755	242.1406	245.0674	248.0463	250.9345	253.7617	256.6006	259.4810	262.2612	264.7921	267.0658	269.1100	270.9644	272.7179
309.1	234.8896	235.2829	235.9757	237.2673	239.3503	241.9891	244.8723	247.8131	250.6909	253.5243	256.3668	259.2357	262.0027	264.5343	266.8200	268.8801	270.7485	272.5141
309.2	234.8135	235.1972	235.8796	237.1592	239.2263	241.8368	244.6762	247.5800	250.4486	253.2890	256.1352	258.9914	261.7440	264.2759	266.5734	268.6491	270.5309	272.3080
309.3	234.7366	235.1131	235.7866	237.0540	239.1030	241.6835	244.4792	247.3475	250.2078	253.0556	255.9050	258.7478	261.4852	264.0168	266.3260	268.4171	270.3115	272.0991
309.4	234.6590	235.0306	235.6966	236.9516	238.9803	241.5288	244.2816	247.1160	249.9687	252.8235	255.6757	258.5045	261.2263	263.7574	266.0779	268.1838	270.0902	271.8873
309.5	234.5810	234.9498	235.6097	236.8517	238.8577	241.3724	244.0835	246.8859	249.7316	252.5927	255.4465	258.2611	260.9673	263.4978	265.8292	267.9494	269.8667	271.6723
309.6	234.5029	234.8711	235.5260	236.7543	238.7348	241.2141	243.8850	246.6578	249.4965	252.3625	255.2169	258.0172	260.7083	263.2382	265.5801	267.7137	269.6409	271.4538
309.7	234.4252	234.7945	235.4454	236.6592	238.6115	241.0536	243.6862	246.4320	249.2636	252.1328	254.9861	257.7723	260.4492	262.9787	265.3306	267.4766	269.4127	271.2317
309.8	234.3482	234.7203	235.3679	236.5662	238.4876	240.8911	243.4878	246.2092	249.0331	251.9030	254.7535	257.5262	260.1902	262.7197	265.0809	267.2381	269.1818	271.0057
309.9	234.2725	234.6485	235.2932	236.4752	238.3633	240.7272	243.2903	245.9896	248.8050	251.6728	254.5186	257.2784	259.9312	262.4611	264.8309	266.9982	268.9482	270.7757
310	234.1983	234.5793	235.2214	236.3860	238.2387	240.5621	243.0941	245.7738	248.5792	251.4416	254.2805	257.0286	259.6723	262.2032	264.5808	266.7568	268.7119	270.5419
310.1	234.1262	234.5126	235.1523	236.2986	238.1138	240.3963	242.8999	245.5622	248.3559	251.2091	254.0387	256.7764	259.4136	261.9460	264.3306	266.5139	268.4729	270.3046
310.2	234.0565	234.4488	235.0859	236.2129	237.9888	240.2302	242.7082	245.3554	248.1353	250.9751	253.7929	256.5218	259.1549	261.6897	264.0802	266.2693	268.2312	270.0640
310.3	233.9896	234.3878	235.0221	236.1287	237.8638	240.0641	242.5195	245.1536	247.9178	250.7403	253.5438	256.2649	258.8964	261.4341	263.8295	266.0230	267.9870	269.8203
310.4	233.9260	234.3297	234.9607	236.0460	237.7391	239.8984	242.3337	244.9567	247.7034	250.5051	253.2920	256.0063	258.6381	261.1790	263.5783	265.7751	267.7403	269.5738
310.5	233.8660	234.2747	234.9016	235.9647	237.6150	239.7335	242.1508	244.7640	247.4917	250.2696	253.0381	255.7464	258.3801	260.9242	263.3265	265.5253	267.4912	269.3246
310.6	233.8101	234.2228	234.8446	235.8848	237.4916	239.5698	241.9706	244.5751	247.2825	250.0342	252.7827	255.4857	258.1223	260.6697	263.0740	265.2737	267.2398	269.0730
310.7	233.7586	234.1739	234.7895	235.8060	237.3693	239.4077	241.7932	244.3894	247.0753	249.7992	252.5266	255.2245	257.8648	260.4151	262.8205	265.0203	266.9863	268.8191
310.8	233.7109	234.1276	234.7361	235.7284	237.2483	239.2476	241.6184	244.2064	246.8700	249.5646	252.2702	254.9633	257.6076	260.1605	262.5661	264.7652	266.7307	268.5634
310.9	233.6665	234.0833	234.6839	235.6518	237.1290	239.0899	241.4461	244.0255	246.6661	249.3310	252.0143	254.7025	257.3508	259.9057	262.3106	264.5084	266.4733	268.3059
311	233.6244	234.0405	234.6324	235.5762	237.0117	238.9349	241.2762	243.8461	246.4634	249.0984	251.7595	254.4427	257.0943	259.6505	262.0541	264.2501	266.2142	268.0468
311.1	233.5840	233.9985	234.5814	235.5014	236.8966	238.7831	241.1085	243.6677	246.2614	248.8672	251.5064	254.1841	256.8383	259.3948	261.7965	263.9902	265.9536	267.7865
311.2	233.5446	233.9566	234.5304	235.4274	236.7841	238.6348	240.9430	243.4898	246.0601	248.6376	251.2557	253.9272	256.5827	259.1386	261.5376	263.7289	265.6917	267.5251
311.3	233.5054	233.9144	234.4789	235.3541	236.6745	238.4904	240.7796	243.3118	245.8589	248.4099	251.0080	253.6726	256.3276	258.8817	261.2776	263.4663	265.4286	267.2629
311.4	233.4656	233.8713	234.4267	235.2814	236.5680	238.3503	240.6182	243.1331	245.6576	248.1843	250.7639	253.4205	256.0729	258.6239	261.0161	263.2024	265.1645	267.0000
311.5	233.4245	233.8266	234.3733	235.2092	236.4647	238.2144	240.4582	242.9533	245.4560	247.9613	250.5241	253.1713	255.8187	258.3651	260.7533	262.9374	264.8996	266.7368
311.6	233.3813	233.7800	234.3187	235.1374	236.3644	238.0823	240.2992	242.7718	245.2539	247.7411	250.2891	252.9255	255.5649	258.1050	260.4890	262.6712	264.6341	266.4733
311.7	233.3354	233.7311	234.2627	235.0659	236.2670	237.9538	240.1408	242.5880	245.0511	247.5238	250.0592	252.6831	255.3115	257.8438	260.2233	262.4039	264.3679	266.2095
311.8	233.2860	233.6794	234.2050	234.9948	236.1725	237.8287	239.9826	242.4015	244.8469	247.3088	249.8340	252.4440	255.0584	257.5814	259.9561	262.1357	264.1012	265.9456
311.9	233.2322	233.6246	234.1456	234.9239	236.0807	237.7067	239.8244	242.2123	244.6415	247.0960	249.6131	252.2078	254.8056	257.3179	259.6878	261.8667	263.8340	265.6815
312	233.1736	233.5663	234.0845	234.8534	235.9913	237.5875	239.6662	242.0208	244.4350	246.8852	249.3962	251.9744	254.5532	257.0534	259.4182	261.5968	263.5663	265.4172
312.1	233.1098	233.5046	234.0215	234.7831	235.9042	237.4708	239.5082	241.8272	244.2274	246.6761	249.1828	251.7434	254.3010	256.7880	259.1476	261.3262	263.2982	265.1528
312.2	233.0416	233.4397	233.9571	234.7130	235.8191	237.3564	239.3502	241.6318	244.0190	246.4688	248.9726	251.5147	254.0491	256.5218	258.8761	261.0549	263.0298	264.8882
312.3	232.9693	233.3721	233.8913	234.6431	235.7357	237.2441	239.1923	241.4348	243.8099	246.2628	248.7653	251.2879	253.7974	256.2549	258.6038	260.7830	262.7610	264.6235
312.4	232.8935	233.3021	233.8242	234.5734	235.6539	237.1334	239.0346	241.2365	243.6003	246.0582	248.5603	251.0628	253.5459	255.9874	258.3308	260.5107	262.4919	264.3587
312.5	232.8148	233.2301	233.7562	234.5038	235.5734	237.0243	238.8770	241.0371	243.3902	245.8547	248.3575	250.8391	253.2945	255.7194	258.0571	260.2379	262.2225	264.0938
312.6	232.7337	233.1565	233.6874	234.4344	235.4939	236.9164	238.7195	240.8370	243.1798	245.6522	248.1564	250.6166	253.0433	255.4510	257.7830	259.9648	261.9530	263.8289
312.7	232.6507	233.0816	233.6179	234.3650	235.4153	236.8094	238.5622	240.6363	242.9693	245.4504	247.9566	250.3949	252.7921	255.1822	257.5085	259.6914	261.6833	263.5638
312.8	232.5663	233.0058	233.5480	234.2957	235.3372	236.7031	238.4051	240.4353	242.7588	245.2492	247.7578	250.1739	252.5411	254.9133	257.2337	259.4178	261.4135	263.2988
312.9	232.4812	232.9295	233.4778	234.2264	235.2594	236.5972	238.2481	240.2344	242.5484	245.0485	247.5595	249.9533	252.2900	254.6442	256.9588	259.1441	261.1436	263.0337
313	232.3957	232.8529	233.4076	234.1572	235.1817	236.4915	238.0914	240.0337	242.3383	244.8480	247.3614	249.7328	252.0390	254.3750	256.6838	258.8703	260.8737	262.7686