0	0	0.1	0.2	0.3	0.4	0.5	0.6	0.7	0.8	0.9	1	1.1	1.2	1.3	1.4	1.5
260.1	587.92	588.71	588.21	585.08	585	584.96	584.38	584.02	584.34	582.87	581.3	580.69	579.5	578.182	576.996	575.81
260.2	588.59	588.5	589.21	585.85	584.7	585.39	585.46	583.79	585.03	583.31	581.81	581.36	580.11	578.787	577.608	576.429
260.3	589.11	588.52	589.65	587.22	584.86	585.65	586.1	584.01	585.22	583.39	582.32	581.74	580.63	579.411	578.328	577.245
260.4	589.92	588.87	589.85	588.29	585.51	585.82	586.02	584.65	585.36	584.17	582.99	581.81	580.99	579.734	578.624	577.514
260.5	590.38	588.91	590	589.25	585.99	585.76	586.02	585.67	585.03	585.23	583.67	582.17	581.4	580.404	579.372	578.34
260.6	590.19	588.86	589.88	590.26	586.77	585.41	586.41	586.83	584.72	585.72	583.85	582.77	581.87	581.191	580.326	579.461
260.7	590.2	589.1	589.94	590.74	588.21	585.57	586.6	587.43	585	586.02	584.19	583.29	582.2	581.641	580.808	579.975
260.8	591.11	589.3	590.33	590.99	589.35	586.34	586.66	587.2	585.77	586.07	585.21	583.89	582.55	582.112	581.25	580.388
260.9	592.77	589.52	590.43	591.2	590.28	586.95	586.52	587.09	586.95	585.7	586.02	584.33	583.13	582.523	581.622	580.721
261	594.23	589.91	590.37	591.19	591.28	587.75	586.12	587.44	588.2	585.51	586.47	584.49	583.73	582.692	581.696	580.7
261.1	594.68	590.25	590.52	591.3	591.8	589.25	586.28	587.55	588.78	585.88	586.86	585.14	584.21	583.21	582.222	581.234
261.2	594.59	590.5	590.59	591.75	592.08	590.44	587.18	587.5	588.39	586.73	586.77	586.15	584.66	584.128	583.324	582.52
261.3	595.05	590.97	590.68	591.94	592.37	591.32	587.91	587.28	588.14	587.89	586.37	586.78	584.92	584.555	583.8	583.045
261.4	595.99	591.59	590.96	591.91	592.45	592.3	588.73	586.82	588.48	588.83	586.3	587.32	585.26	584.853	584.058	583.263
261.5	596.88	592.27	591.14	591.99	592.63	592.83	590.3	586.99	588.5	588.94	586.76	587.68	586.14	585.81	585.212	584.614
261.6	596.74	593.23	591.24	591.93	593.16	593.16	591.54	588.03	588.33	588.66	587.63	587.44	586.98	586.632	586.24	585.848
261.7	595.08	594.12	591.7	591.89	593.46	593.52	592.36	588.9	588.04	588.91	588.67	587.05	587.59	587.224	586.948	586.672
261.8	593.52	594.62	592.43	592.05	593.45	593.7	593.3	589.74	587.51	589.39	589.23	587.09	588.25	588.048	587.966	587.884
261.9	593.19	595.04	593.23	592.09	593.47	593.95	593.86	591.37	587.68	589.59	589.1	587.61	588.45	588.354	588.31	588.266
262	593.83	595.74	594.24	592.07	593.28	594.55	594.22	592.65	588.89	589.59	589.19	588.48	588.07	588.019	587.744	587.469
262.1	594.97	596.72	595.15	592.51	593.1	594.96	594.65	593.4	589.9	589.2	589.86	589.28	587.73	587.916	587.49	587.064
262.2	596.07	597.61	595.69	593.31	593.16	595	594.93	594.31	590.71	588.84	590.47	589.46	587.86	587.944	587.436	586.928
262.3	596.83	597.98	596.24	594.22	593.02	594.96	595.26	594.89	592.46	589.44	590.87	589.42	588.43	587.7	586.892	586.084
262.4	597.79	598	597.01	595.29	592.87	594.64	595.94	595.29	593.78	590.68	590.88	590.01	589.22	587.977	586.998	586.019
262.5	599.44	598.16	597.89	596.25	593.29	594.32	596.47	595.78	594.42	591.58	590.39	590.95	589.68	588.371	587.36	586.349
262.6	601.25	598.58	598.62	596.9	594.16	594.27	596.56	596.16	595.32	592.56	590.32	591.74	589.67	588.286	587.074	585.862
262.7	602.76	599.07	598.87	597.56	595.16	593.98	596.46	596.56	595.91	593.79	591.27	592.27	590.03	588.67	587.342	586.014
262.8	603.72	599.13	598.95	598.37	596.29	593.71	596	597.32	596.33	594.54	592.47	592.12	591.05	589.408	588.11	586.812
262.9	603.62	598.56	599.34	599.12	597.34	594.11	595.55	597.97	596.91	595.32	593.28	591.64	592.19	589.932	588.62	587.308
263	602.98	598.1	599.96	599.67	598.11	595.03	595.39	598.11	597.38	596.31	594.09	591.96	593.2	590.775	589.504	588.233
263.1	602.42	598.28	600.49	599.83	598.91	596.12	594.93	597.95	597.85	596.85	594.72	593.12	593.68	591.623	590.416	589.209
263.2	601.56	598.96	600.51	599.95	599.75	597.31	594.55	597.36	598.7	597.11	595.26	594.25	593.3	591.626	590.26	588.894
263.3	600.94	599.88	599.93	600.49	600.35	598.44	594.93	596.77	599.48	597.43	596.34	594.88	593.04	591.605	590.062	588.519
263.4	601.44	600.8	599.48	601.21	600.72	599.35	595.89	596.5	599.65	597.87	597.34	595.19	593.72	592.392	590.938	589.484
263.5	602.17	601.71	599.68	601.73	600.78	600.3	597.08	595.9	599.46	598.58	597.65	595.41	595	593.593	592.384	591.175
263.6	602.57	602.77	600.3	601.75	600.95	601.15	598.33	595.4	598.73	599.5	597.64	596.13	595.98	594.935	594.048	593.161
263.7	603.23	603.94	601.03	601.25	601.61	601.59	599.55	595.76	597.98	600.11	597.84	597.47	596.15	596.02	595.39	594.76
263.8	604.07	604.88	601.75	600.92	602.42	601.77	600.61	596.77	597.65	600.23	598.43	598.32	595.9	595.55	594.119	592.93
263.9	605.09	605.56	602.59	601.18	602.92	601.75	601.7	598.04	596.86	600	599.34	598.24	596.06	596.9	595.264	594.316
264	606.35	606.03	603.71	601.76	602.93	601.97	602.56	599.35	596.23	599.48	600.24	598	597.22	597.53	596.418	595.726
264.1	607.2	606.1	604.98	602.32	602.55	602.72	602.83	600.67	596.59	599.08	600.71	598.3	598.67	596.97	596.868	596.242
264.2	607.19	606.05	605.96	602.88	602.35	603.57	602.82	601.88	597.64	598.65	600.82	599.13	599.11	596.39	596.951	596.328
264.3	607	605.94	606.67	603.69	602.69	604.04	602.73	603.11	599.01	598.04	600.72	600.13	598.59	596.87	597.529	597.082
264.4	607.08	605.48	607.28	604.84	603.22	604.06	602.98	603.97	600.37	597.91	600.49	600.93	598.31	598.48	598.912	598.808
264.5	607.56	605.25	607.52	606.14	603.61	603.83	603.83	604.08	601.8	598.45	600.22	601.33	598.89	599.82	600.165	600.306
264.6	608.37	605.75	607.53	607.09	604.01	603.8	604.72	603.88	603.14	599.38	599.79	601.51	599.91	599.62	600.222	600.282
264.7	608.83	606.46	607.38	607.73	604.8	604.22	605.15	603.71	604.52	600.44	599.51	601.67	600.9	598.72	599.633	599.428
264.8	609.54	606.98	606.86	608.42	606	604.72	605.18	604.01	605.41	601.58	599.69	601.64	601.61	598.69	599.484	599.098
264.9	610.71	607.56	606.56	608.8	607.31	604.94	605.1	604.94	605.32	602.8	600.18	601.36	601.99	599.63	599.833	599.38
265	611.58	608.13	607.01	608.9	608.19	605.2	605.26	605.85	604.95	603.98	600.86	601.12	602.42	600.71	600.324	599.826
265.1	612.36	608.79	607.65	608.77	608.76	605.98	605.77	606.24	604.68	605.06	601.61	601.19	602.84	601.66	600.801	600.244
265.2	612.88	609.72	608.05	608.23	609.51	607.21	606.22	606.29	605.02	605.61	602.57	601.42	602.81	602.32	601.044	600.41
265.3	612.86	610.68	608.52	607.91	610.03	608.52	606.29	606.37	606.04	605.61	603.61	601.7	602.59	602.77	601.246	600.576
265.4	612.62	611.35	609.09	608.33	610.24	609.31	606.4	606.71	606.99	605.53	604.59	602.08	602.7	603.57	601.951	601.37
265.5	612.64	611.66	609.81	608.93	610.13	609.78	607.17	607.31	607.32	605.66	605.44	602.6	602.93	604.13	602.481	601.924
265.6	612.46	611.97	610.83	609.23	609.6	610.56	608.44	607.74	607.37	606.31	605.89	603.42	602.99	603.96	602.234	601.474
265.7	612.26	612.53	611.92	609.62	609.26	611.22	609.74	607.65	607.64	607.36	606.12	604.27	602.99	604.01	602.001	601.018
265.8	612.9	613.24	612.75	610.15	609.66	611.54	610.43	607.63	608.16	608.12	606.36	605.03	603.06	604.47	602.228	601.168
265.9	613.85	613.86	613.14	610.88	610.2	611.47	610.79	608.38	608.87	608.42	606.78	605.78	603.45	604.6	602.515	601.418
266	614.73	614.46	613.43	611.95	610.41	610.95	611.6	609.7	609.27	608.63	607.62	606.35	604.15	604.32	602.587	601.378
266.1	615.55	614.99	613.92	613.15	610.71	610.62	612.39	610.98	609.02	608.93	608.61	606.87	604.75	604.02	602.532	601.164
266.2	616.56	615.31	614.6	614.15	611.19	611	612.83	611.56	608.83	609.37	609.23	607.38	605.39	603.85	602.58	601.092
266.3	617.7	615.77	615.23	614.66	611.92	611.5	612.81	611.8	609.6	609.9	609.57	607.99	606.21	604.18	603.13	601.65
266.4	619.41	616.23	615.81	614.94	613.03	611.63	612.31	612.62	610.95	610.01	609.86	608.91	607.04	604.74	604.104	602.768
266.5	621.08	616.41	616.28	615.39	614.35	611.84	611.99	613.55	612.23	609.66	610.06	609.81	607.85	605.07	605.073	603.934
266.6	621.04	616.56	616.56	616.05	615.53	612.28	612.34	614.11	612.69	609.73	610.43	610.38	608.52	605.77	606.017	605.034
266.7	620.37	616.96	617.03	616.69	616.15	612.99	612.8	614.14	612.78	610.62	610.8	610.81	609.23	606.85	606.929	606.018
266.8	620.69	617.32	617.6	617.24	616.45	614.12	612.86	613.66	613.65	611.88	610.62	611.03	610.18	607.96	607.85	607.022
266.9	621.63	617.62	617.89	617.62	616.86	615.54	612.98	613.36	614.71	612.87	610.27	611.09	610.99	609.02	608.754	608.056
267	622.38	618.4	618.03	617.81	617.5	616.91	613.36	613.69	615.38	613.3	610.6	611.41	611.62	609.71	609.48	608.864
267.1	622.42	619.45	618.4	618.26	618.17	617.65	614.05	614.11	615.48	613.85	611.56	611.57	612.06	610.46	610.016	609.388
267.2	621.66	620.54	618.79	618.91	618.68	617.97	615.19	614.1	615.01	614.94	612.67	611.18	612.05	611.44	610.17	609.408
267.3	621.46	621.62	619.09	619.3	618.95	618.35	616.73	614.14	614.72	615.94	613.52	610.96	612.04	612.22	610.26	609.368
267.4	622.72	622.39	619.85	619.47	619.04	618.96	618.29	614.46	615.04	616.44	614.09	611.47	612.32	612.94	610.821	609.944
267.5	624.51	622.94	620.9	619.86	619.47	619.65	619.16	615.13	615.44	616.33	615.01	612.4	612.22	613.24	611.149	610.252
267.6	625.92	623.96	621.93	620.3	620.19	620.14	619.49	616.28	615.33	615.96	616.2	613.39	611.73	612.93	610.883	609.83
267.7	626.59	625.16	622.95	620.63	620.69	620.28	619.85	617.92	615.3	615.97	617.1	614.26	611.71	612.94	610.961	609.816
267.8	626.99	625.45	623.84	621.4	620.88	620.27	620.44	619.68	615.56	616.3	617.39	615.11	612.29	613.16	611.436	610.298
267.9	627.94	625.15	624.49	622.46	621.29	620.66	621.16	620.66	616.19	616.36	617.16	616.25	613.14	612.77	611.776	610.656
268	629.4	625.12	625.5	623.45	621.8	621.45	621.6	621.02	617.36	616.1	617	617.47	614.14	612.3	612.264	611.218
268.1	630.38	625.61	626.68	624.46	622.17	622.05	621.62	621.35	619.09	616.12	617.2	618.2	615.18	612.46	613.03	612.096
268.2	630.79	626.35	626.95	625.41	622.94	622.28	621.5	621.92	621.07	616.62	617.39	618.28	616.28	613.03	613.833	613.004
268.3	630.99	626.9	626.67	626.08	624.01	622.71	621.86	622.66	622.17	617.51	617.14	618.1	617.56	613.83	614.746	614.052
268.4	630.49	627.1	626.69	627.04	624.98	623.31	622.71	623.08	622.54	618.81	616.85	618.16	618.72	615.03	615.807	615.238
268.5	629.95	627.45	627.2	628.17	625.98	623.74	623.4	622.96	622.85	620.57	617.04	618.37	619.22	616.29	616.384	615.746
268.6	630.19	628.44	627.83	628.46	626.99	624.51	623.68	622.73	623.39	622.26	617.75	618.29	619.18	617.52	616.585	615.78
268.7	631.18	629.9	628.22	628.21	627.68	625.6	624.14	623.05	624.18	623.26	618.77	617.84	619.17	618.91	617.1	616.27
268.8	632.56	631.21	628.38	628.25	628.57	626.54	624.82	623.96	624.56	623.82	620.15	617.62	619.37	619.92	617.602	616.744
268.9	634.39	631.95	628.77	628.74	629.65	627.54	625.31	624.75	624.31	624.32	621.9	618.08	619.42	620.17	617.544	616.466
269	635.62	632.53	629.82	629.29	629.96	628.6	626.09	625.07	623.95	624.93	623.43	618.97	619.04	620.14	617.111	615.714
269.1	635.55	633.28	631.31	629.6	629.75	629.28	627.19	625.57	624.23	625.54	624.47	620.05	618.5	620.35	616.877	615.242
269.2	636.09	633.92	632.59	629.78	629.8	630.09	628.12	626.34	625.2	625.67	625.19	621.46	618.5	620.52	617.171	615.472
269.3	637.86	634.31	633.32	630.25	630.25	631.11	629.12	626.88	626.11	625.28	625.75	623.16	619.23	620.29	617.792	616.142
269.4	639.77	634.76	633.97	631.33	630.72	631.44	630.23	627.68	626.45	624.89	626.34	624.68	620.2	619.68	618.19	616.534
269.5	640.9	635.32	634.8	632.81	630.95	631.29	630.89	628.8	626.98	625.25	626.77	625.85	621.28	619.16	618.361	616.594
269.6	640.64	635.81	635.47	634.06	631.18	631.33	631.61	629.72	627.87	626.28	626.67	626.64	622.73	619.52	619.13	617.384
269.7	639.67	636.45	635.91	634.78	631.74	631.74	632.57	630.72	628.46	627.12	626.05	627.17	624.45	620.48	620.59	619.102
269.8	639.75	637.21	636.4	635.5	632.83	632.13	632.93	631.86	629.25	627.67	625.67	627.66	626.09	621.41	622.07	620.86
269.9	641.41	637.97	636.94	636.38	634.31	632.32	632.83	632.5	630.42	628.4	626.21	627.91	627.36	622.46	623.249	622.176
270	643.01	639.08	637.44	637.03	635.54	632.62	632.86	633.13	631.31	629.07	627.3	627.54	628.09	623.98	624.379	623.44
270.1	643.87	640.62	638.08	637.45	636.26	633.27	633.23	634.03	632.3	629.71	628.2	626.72	628.52	625.86	625.588	624.85
270.2	644.37	641.87	638.87	637.97	637.04	634.37	633.55	634.42	633.52	630.81	628.98	626.43	628.91	627.68	626.663	626.03
270.3	644.65	642.38	639.75	638.53	637.96	635.82	633.69	634.37	634.11	631.91	629.65	627.2	628.96	628.92	627.327	626.66
270.4	645.45	642.73	640.93	639.1	638.56	637.03	634.06	634.39	634.63	632.74	630.17	628.41	628.25	629.47	627.27	626.424
270.5	646.94	643.34	642.38	639.83	638.95	637.75	634.81	634.71	635.49	633.8	631.06	629.48	627.29	629.79	626.747	625.568
270.6	647.84	644.32	643.52	640.67	639.49	638.59	635.92	634.95	635.91	634.75	632.31	630.3	627.24	630.11	626.637	625.202
270.7	647.99	645.48	644.01	641.64	640.08	639.55	637.35	635.06	635.91	635.24	633.25	630.76	628.27	629.9	626.786	625.22
270.8	648.38	646.12	644.42	642.85	640.74	640.08	638.54	635.53	635.91	635.84	634.07	631.36	629.67	628.78	626.388	624.536
270.9	649.2	646.25	645.11	644.22	641.58	640.43	639.25	636.37	636.19	636.43	635.06	632.55	630.88	627.79	626.104	623.958
271	650.48	646.7	646.08	645.27	642.49	640.99	640.17	637.48	636.37	636.61	635.72	633.75	631.49	628.12	626.775	624.654
271.1	652.13	647.75	647.15	645.77	643.53	641.62	641.15	638.89	636.42	636.62	636.2	634.56	631.82	629.5	628.154	626.292
271.2	653.85	648.96	647.77	646.22	644.77	642.38	641.61	640.05	636.98	636.79	636.77	635.36	632.74	631.12	629.945	628.408
271.3	655.34	650.04	647.95	646.9	646.05	643.36	641.9	640.76	637.94	637.09	637.06	636.16	634.09	632.28	631.559	630.3
271.4	656.44	650.78	648.46	647.8	647.02	644.34	642.49	641.74	639.03	637.29	637.18	636.67	635.12	632.52	632.276	631.116
271.5	657.21	651.26	649.55	648.8	647.55	645.44	643.15	642.75	640.43	637.74	637.36	637.15	635.84	632.96	632.886	631.778
271.6	657.67	652.01	650.77	649.47	648.03	646.69	644.03	643.13	641.57	638.71	637.68	637.52	636.56	634.27	633.948	632.948
271.7	657.81	653.15	651.8	649.76	648.67	647.9	645.16	643.37	642.26	639.84	638.01	637.63	637.15	635.59	634.836	633.9
271.8	657.97	654.16	652.57	650.33	649.47	648.8	646.21	643.98	643.31	641.09	638.44	637.84	637.63	636.43	635.247	634.234
271.9	659.13	654.97	653.16	651.41	650.42	649.36	647.37	644.68	644.38	642.34	639.32	638.2	638.02	637.05	635.422	634.234
272	661.04	655.92	653.99	652.61	651.15	649.87	648.64	645.69	644.65	643.15	640.54	638.59	638.11	637.63	635.563	634.216
272.1	662.53	657.15	655.11	653.62	651.58	650.44	649.76	646.96	644.81	643.85	641.81	639.06	638.23	638.1	635.686	634.178
272.2	663.47	658.5	656.07	654.43	652.21	651.13	650.59	648.09	645.48	644.91	643.02	639.86	638.64	638.56	635.874	634.166
272.3	664.59	659.81	656.8	655.12	653.27	652.02	651.2	649.31	646.2	645.67	643.95	641.1	639.11	638.72	636.088	634.214
272.4	666.07	661.03	657.68	656	654.43	652.83	651.72	650.58	647.33	645.94	644.58	642.49	639.57	638.62	636.345	634.38
272.5	667.52	662.03	658.93	657.09	655.43	653.4	652.22	651.62	648.78	646.43	645.39	643.79	640.32	638.94	636.959	634.954
272.6	668.58	662.85	660.35	658.01	656.29	654.11	652.79	652.38	649.97	647.17	646.37	644.77	641.53	639.56	637.862	635.856
272.7	668.48	663.81	661.71	658.72	657.08	655.14	653.62	653.03	651.24	648	646.96	645.41	643.02	640.05	638.736	636.752
272.8	667.51	664.89	662.99	659.58	658.02	656.26	654.52	653.57	652.53	649.15	647.34	646.04	644.53	640.66	639.607	637.628
272.9	667.56	665.72	664.1	660.88	659.07	657.25	655.25	653.99	653.48	650.31	648.01	646.9	645.67	641.83	640.754	638.824
273	669.35	666.36	665.03	662.34	659.95	658.16	656.03	654.44	654.17	651.36	648.74	647.74	646.31	643.39	641.997	640.16
273.1	671.4	667.43	665.99	663.73	660.65	659.04	657.02	655.22	654.88	652.62	649.59	648.3	646.83	645.04	643.1	641.308
273.2	672.91	668.93	667.02	665.04	661.5	660.03	658.1	656.22	655.43	653.81	650.59	648.85	647.51	646.57	644.198	642.442
273.3	674.23	670.33	667.82	666.2	662.84	661.04	659.09	657.1	655.76	654.67	651.46	649.59	648.34	647.35	644.954	643.178
273.4	675.58	671.47	668.45	667.2	664.37	661.89	660.05	657.96	656.07	655.38	652.48	650.31	649.12	647.7	645.382	643.51
273.5	677.52	672.37	669.46	668.18	665.76	662.59	661.02	658.91	656.81	656.1	653.74	651.08	649.74	648.27	645.888	643.922
273.6	680.23	673.06	670.88	669.2	667.08	663.45	662.05	659.94	657.91	656.83	654.89	651.82	650.43	648.95	646.518	644.496
273.7	682.66	673.93	672.25	670.02	668.28	664.84	663.01	660.92	658.96	657.52	655.81	652.53	651.17	649.74	647.294	645.274
273.8	683.85	675.27	673.44	670.67	669.34	666.42	663.83	661.93	659.89	658.18	656.64	653.59	651.82	650.57	648.148	646.144
273.9	684.88	676.39	674.54	671.62	670.34	667.82	664.55	663	660.79	658.99	657.48	654.86	652.4	651.26	648.836	646.782
274	686.35	677	675.47	672.95	671.38	669.13	665.41	664.07	661.78	659.96	658.5	656.03	652.88	652.02	649.428	647.278
274.1	687.94	677.95	676.41	674.29	672.24	670.36	666.87	664.99	662.75	660.8	659.47	657.05	653.58	652.72	650.109	647.904
274.2	690.03	679.59	677.72	675.53	672.91	671.47	668.49	665.78	663.81	661.66	660.2	657.97	654.71	653.2	650.825	648.584
274.3	691.76	681.52	678.84	676.78	673.8	672.49	669.89	666.52	664.97	662.71	661.03	659.05	656.02	653.52	651.449	649.11
274.4	692.9	683.6	679.5	677.86	675.03	673.55	671.2	667.39	666.1	663.65	661.79	660.43	657.27	653.82	652.138	649.72
274.5	693.74	685.58	680.49	678.84	676.34	674.46	672.45	668.9	666.96	664.4	662.39	661.52	658.37	654.62	653.186	650.828
274.6	694.21	687.03	682.15	680.13	677.64	675.16	673.61	670.57	667.72	665.37	663.35	662.21	659.41	655.86	654.352	652.056
274.7	694.98	688.49	684.04	681.32	679.01	676	674.66	671.97	668.49	666.51	664.46	662.95	660.91	657.26	655.803	653.598
274.8	696.1	690.35	686.07	682.11	680.22	677.12	675.74	673.27	669.36	667.53	665.07	663.42	662.58	658.61	657.343	655.31
274.9	697.56	692.1	688.08	683.19	681.22	678.4	676.7	674.54	670.95	668.54	665.71	663.96	663.55	659.75	658.38	656.406
275	699.37	693.53	689.62	684.86	682.5	679.75	677.44	675.74	672.67	669.43	666.74	665.14	664.19	661.03	659.501	657.566
275.1	701.24	694.8	691.1	686.71	683.79	681.25	678.22	676.81	674.05	670.17	667.82	666.04	664.71	663.06	661.161	659.428
275.2	702.87	696.03	692.94	688.73	684.73	682.56	679.24	677.93	675.34	671.38	668.99	666.33	664.87	664.83	662.114	660.392
275.3	704.73	697.3	694.61	690.79	685.9	683.56	680.49	678.95	676.63	673.14	670.2	667.02	665.66	665.5	662.358	660.376
275.4	707.24	698.77	695.89	692.41	687.58	684.84	681.9	679.72	677.88	674.75	671	668.07	666.94	666.05	662.924	660.778
275.5	709.6	700.25	697.07	693.88	689.4	686.25	683.51	680.44	678.96	676.06	671.83	669.18	667.35	666.25	662.904	660.494
275.6	711.94	701.71	698.24	695.65	691.41	687.36	684.91	681.37	680.13	677.25	673.39	670.64	667.52	666.27	662.665	659.882
275.7	714.18	703.34	699.52	697.23	693.55	688.63	685.91	682.59	681.2	678.35	675.08	671.86	668.36	667.5	663.704	660.862
275.8	715.68	705.02	701.1	698.4	695.24	690.32	687.19	684.05	682.01	679.44	676.49	672.54	669.36	668.62	664.659	661.782
275.9	717.39	706.73	702.71	699.5	696.7	692.09	688.72	685.77	682.68	680.51	677.7	673.67	670.74	668.41	664.858	661.742
276	719.54	708.37	704.3	700.61	698.39	694.11	690.01	687.25	683.48	681.63	678.64	675.4	672.46	668.71	665.762	662.56
276.1	721.55	710.22	706.11	701.87	699.86	696.33	691.4	688.25	684.69	682.78	679.59	676.91	673.43	669.7	666.786	663.554
276.2	724.17	712.53	707.95	703.51	700.93	698.1	693.09	689.53	686.2	683.75	680.67	678.19	674.16	670.69	667.703	664.44
276.3	727.17	714.84	709.77	705.21	701.97	699.53	694.83	691.19	688.03	684.63	681.84	679.2	675.68	672.54	669.676	666.642
276.4	729.7	716.96	711.5	706.93	703.02	701.13	696.86	692.67	689.61	685.73	683.11	679.87	677.33	674.31	671.484	668.622
276.5	732.05	719.02	713.41	708.94	704.25	702.49	699.16	694.17	690.58	686.96	684.43	680.78	678.66	674.92	672.195	669.21
276.6	734.67	721.01	715.75	710.97	705.93	703.47	701	695.86	691.86	688.43	685.53	681.96	679.83	675.94	673.134	670.066
276.7	737.62	723.15	718.1	712.93	707.71	704.44	702.4	697.56	693.68	690.22	686.56	683.24	680.48	677.75	674.344	671.242
276.8	741.03	725.59	720.21	714.76	709.55	705.43	703.9	699.61	695.34	691.6	687.73	684.75	681.01	679.13	675.346	672.18
276.9	744.93	727.97	722.23	716.73	711.76	706.63	705.15	701.99	696.95	692.66	688.92	686.23	682.03	680.36	676.593	673.444
277	748.49	730.2	724.28	719.13	714.01	708.34	706.04	703.9	698.65	694.25	690.46	687.42	683.31	681.32	677.449	674.148
277.1	751.36	732.7	726.48	721.53	716.13	710.19	706.96	705.27	700.31	696.13	692.12	688.56	684.8	681.56	677.696	674.05
277.2	754.33	735.36	729.01	723.66	718.06	712.16	707.87	706.67	702.35	697.81	693.34	689.67	686.57	682.13	678.465	674.652
277.3	758.63	738.05	731.47	725.65	720.1	714.57	709.04	707.79	704.84	699.61	694.65	690.85	688.13	683.36	679.614	675.712
277.4	764.21	741.05	733.65	727.72	722.56	717.04	710.78	708.6	706.83	701.45	696.58	692.43	689.4	684.76	680.756	676.7
277.5	769.51	744.22	736.11	729.97	725.02	719.31	712.69	709.47	708.13	703.1	698.49	693.95	690.56	686.52	682.197	678.088
277.6	774.29	747.34	738.87	732.56	727.17	721.35	714.79	710.32	709.45	705.2	700.22	695.18	691.55	688.55	683.549	679.352
277.7	778.69	750.61	741.74	735.11	729.15	723.46	717.41	711.45	710.46	707.43	702.08	696.85	692.78	690.13	684.684	680.294
277.8	783.28	754.04	744.89	737.28	731.22	725.98	720.1	713.22	711.16	708.86	703.71	698.99	694.37	691.41	686.196	681.772
277.9	789.75	757.44	748.13	739.72	733.5	728.51	722.54	715.2	711.99	709.98	705.25	700.89	695.76	692.49	687.533	683.086
278	797.97	761.02	751.22	742.59	736.17	730.69	724.68	717.42	712.78	711.22	707.31	702.69	697.19	693.37	688.61	684.028
278.1	806.09	765.27	754.43	745.64	738.78	732.65	726.87	720.25	713.86	712.18	709.14	704.47	699.25	694.7	690.493	686.008
278.2	813.68	770.04	757.91	748.93	740.96	734.71	729.46	723.16	715.67	713.2	710.23	705.82	701.45	696.26	692.594	688.328
278.3	821.86	774.73	761.46	752.24	743.41	737.03	732.04	725.76	717.72	714.35	711.47	707.32	703.32	697.64	694.349	690.192
278.4	831.15	779.42	765.14	755.34	746.4	739.76	734.26	728.01	720.03	715.36	712.88	709.23	705.17	699.38	696.503	692.536
278.5	841.79	784.4	769.34	758.52	749.63	742.45	736.2	730.27	723.1	716.85	714.12	710.62	706.71	701.76	698.735	694.976
278.6	853.44	789.74	773.99	762.08	753.05	744.63	738.26	732.92	726.23	718.92	715.64	711.61	707.8	703.93	700.234	696.452
278.7	865.7	795.74	778.69	765.77	756.42	747.09	740.6	735.57	729	721.05	717.05	713.1	709.31	705.76	701.758	697.926
278.8	878.32	802.58	783.51	769.54	759.53	750.19	743.4	737.82	731.35	723.48	718.21	714.73	710.95	707.59	703.28	699.376
278.9	892.27	809.72	788.67	773.71	762.72	753.61	746.17	739.75	733.68	726.36	719.89	716.42	711.94	708.75	703.721	699.404
279	908.88	817.08	794.07	778.3	766.36	757.17	748.37	741.8	736.4	729.24	721.91	718.37	713.12	709.65	704.067	699.27
279.1	927.83	825.61	799.87	783.08	770.19	760.59	750.85	744.17	739.13	731.95	723.96	719.86	714.94	711.16	705.194	700.134
279.2	948.82	835.65	806.42	788.08	774.06	763.73	754.07	747.03	741.41	734.43	726.37	721.13	716.85	712.46	706.21	700.864
279.3	971.22	846.47	813.42	793.41	778.21	766.92	757.66	749.87	743.3	736.81	729.03	722.9	719.1	713.24	707.095	701.388
279.4	994.89	857.87	820.8	798.85	782.76	770.64	761.36	752.1	745.36	739.53	731.72	724.82	721.29	714.79	708.457	702.466
279.5	1020.1	870.22	829.2	804.51	787.65	774.61	764.85	754.61	747.75	742.26	734.48	726.78	722.7	717.01	709.962	703.734
279.6	1048.2	883.38	838.73	810.87	792.85	778.56	768	757.94	750.67	744.64	737.09	729.07	724.08	719.31	711.737	705.37
279.7	1080.1	897.73	849.09	817.84	798.36	782.69	771.21	761.71	753.62	746.85	739.6	731.52	725.86	722.09	714.206	707.88
279.8	1113.6	913.95	860.24	825.32	803.83	787.22	775.02	765.55	755.84	748.91	742.38	734.22	727.62	724.29	716.284	709.884
279.9	1147.5	932.03	872.38	833.76	809.37	792.22	779.14	769.1	758.37	751.19	745.14	737.16	729.49	725.52	717.603	710.904
280	1181.6	952.04	885.28	843.25	815.59	797.63	783.17	772.27	761.83	754.09	747.6	739.82	731.59	726.99	718.955	711.934
280.1	1215.9	974.03	899.12	853.53	822.58	803.3	787.29	775.49	765.8	757.04	749.92	742.4	733.94	728.72	720.618	713.356
280.2	1252.4	998.13	914.54	864.69	830.21	808.8	791.81	779.39	769.75	759.62	752.04	745.28	736.88	730.31	722.692	715.314
280.3	1292.2	1024.6	931.93	876.91	838.73	814.21	796.94	783.65	773.37	762.56	754.44	748.1	739.96	732.01	724.74	717.182
280.4	1333.5	1054.4	950.99	889.87	848.22	820.3	802.56	787.78	776.57	766.11	757.39	750.7	742.56	733.95	726.397	718.482
280.5	1373.9	1088.1	971.59	903.58	858.49	827.33	808.41	791.89	779.79	769.9	760.32	753.04	745.26	736.41	728.374	720.17
280.6	1412.4	1124.3	994.24	918.49	869.73	835.11	813.94	796.39	783.81	773.8	763.11	755.16	748.28	739.72	731.117	722.818
280.7	1449	1162.2	1019.2	934.74	882.09	843.7	819.23	801.66	788.21	777.39	766.18	757.65	751.21	742.82	733.817	725.406
280.8	1487	1201.6	1047.3	952.53	895.17	853.16	825.22	807.49	792.43	780.52	769.62	760.7	753.9	745.28	736.144	727.524
280.9	1528	1242.3	1078.9	972.28	908.81	863.41	832.32	813.5	796.52	783.81	773.31	763.76	756.17	748.19	738.534	729.696
281	1566.7	1285.5	1112.8	994.31	923.4	874.72	840.28	819.06	801.02	787.84	777.14	766.65	758.25	751.41	740.733	731.558
281.1	1599.9	1332	1148.6	1018.4	939.16	887.23	848.98	824.24	806.43	792.4	780.67	769.67	760.89	754.44	742.904	733.334
281.2	1628	1379.6	1185.9	1045.2	956.42	900.41	858.46	830.13	812.48	797.02	783.94	772.97	764.16	757.13	745.176	735.22
281.3	1652.3	1440.2	1224.6	1075.2	975.36	913.96	868.74	837.29	818.67	801.59	787.62	776.67	767.31	759.24	746.983	736.482
281.4	1675.5	1497.9	1265.8	1107.5	996.06	928.23	880.16	845.43	824.25	806.36	791.91	780.5	770.15	761.31	748.488	737.302
281.5	1696	1551.8	1309.8	1141.6	1019.1	943.5	892.87	854.25	829.33	811.68	796.6	784.04	773.02	764.23	750.37	738.522
281.6	1710.1	1612.5	1355.6	1177.2	1045.1	960.18	906.21	863.74	835.12	817.5	801.35	787.55	776.28	767.8	752.755	740.308
281.7	1716.4	1661.4	1401.3	1214.2	1073.8	978.49	919.73	874.04	842.37	823.55	805.97	791.53	780.07	770.87	755.02	741.894
281.8	1715.5	1701.6	1445.9	1253.3	1104.8	998.4	933.74	885.58	850.72	829.19	810.77	796.04	783.93	773.48	757.204	743.378
281.9	1710.4	1735.6	1488.3	1295.1	1137.5	1020.2	948.61	898.47	859.65	834.44	816.11	800.92	787.57	776.22	759.558	745.06
282	1702.4	1762.5	1540.8	1338.2	1171.6	1045.4	964.84	911.95	869.18	840.42	821.95	805.76	791.36	779.57	762.125	746.896
282.1	1690.1	1782.5	1598.6	1381.2	1207	1073.6	982.64	925.43	879.52	847.68	827.87	810.32	795.56	783.53	764.809	748.748
282.2	1670.7	1796.9	1645.4	1423.3	1244.4	1103.4	1001.9	939.17	891.19	856.12	833.57	815.1	800.31	787.45	767.33	750.27
282.3	1644.1	1804.9	1686.6	1464.6	1284	1135	1023.1	953.63	904.3	865.59	839.3	820.48	805.4	791.25	769.63	751.372
282.4	1613.8	1805.3	1719.4	1507.1	1324.8	1167.8	1047.1	969.38	917.95	875.76	845.82	826.31	810.17	795.25	771.661	751.994
282.5	1580.9	1797.5	1742.8	1550.1	1365.3	1201.9	1074	986.67	931.42	886.63	853.58	832.28	814.6	799.68	773.49	752.202
282.6	1544.4	1781.2	1762.1	1598.4	1404.8	1237.8	1102.9	1005.3	944.93	898.52	862.41	838.26	819.39	804.73	775.482	752.422
282.7	1503.3	1757.8	1775.3	1645.2	1443.8	1275.7	1133.3	1025.8	959.01	911.33	871.97	844.44	824.84	809.95	777.539	752.55
282.8	1458.8	1728.8	1780.4	1678.5	1483.8	1314.5	1164.9	1048.8	974.35	924.56	882.12	851.41	830.71	814.49	779.193	752.038
282.9	1414.2	1702	1776.9	1706.5	1524.9	1352.9	1197.5	1074.9	991.17	937.72	893.01	859.63	836.93	818.75	781.002	751.6
283	1370.6	1668	1764.9	1729.7	1563.8	1390.3	1231.8	1103	1009.3	950.95	904.74	868.71	843.29	823.64	783.445	751.838
283.1	1326	1620.4	1745.9	1744.4	1600.7	1427.2	1267.8	1132.4	1029.1	964.77	917.21	878.25	849.8	829.16	786.249	752.386
283.2	1279.4	1570.9	1721.9	1751.4	1639.9	1465.2	1304.5	1162.9	1051.4	979.75	930.12	888.39	857.24	835.23	789.57	753.378
283.3	1231.9	1520.8	1693.1	1750	1671.3	1503.9	1340.8	1194.3	1076.5	996.23	943.07	899.16	865.87	841.87	793.464	754.872
283.4	1185.1	1470.5	1658.4	1740.2	1694.2	1540.6	1375.9	1227.2	1103.5	1014	956.27	910.56	874.99	848.53	797.204	755.982
283.5	1141.5	1419.1	1617.9	1723.8	1713.1	1573.8	1410.5	1261.7	1131.9	1033.6	970.34	922.8	884.5	855.28	800.56	756.312
283.6	1100.7	1366.3	1573.5	1702.6	1721.6	1604.4	1446.2	1296.5	1161.3	1055.7	985.7	935.5	894.59	863.24	804.137	756.534
283.7	1061.2	1313.5	1527.3	1676.5	1721.4	1637.9	1482.2	1330.8	1191.4	1080.3	1002.4	948.3	905.04	872.15	807.54	756.174
283.8	1023.4	1261.9	1480.1	1644.6	1713.3	1665.3	1516.4	1363.9	1222.9	1106.8	1020.5	961.6	916.18	881.12	810.536	754.968
283.9	988.74	1212.9	1431.2	1607	1698.8	1681.2	1547.6	1396.6	1255.6	1134.5	1040.5	975.96	928.33	890.61	813.995	754
284	956.59	1165.9	1380.2	1565.5	1679.6	1690.2	1574.9	1430.3	1288.6	1162.8	1062.7	991.65	940.88	900.49	817.772	753.128
284.1	925.73	1120.4	1328.8	1522	1655.7	1690.8	1601.2	1463.9	1320.9	1191.5	1086.8	1008.6	953.62	910.49	821.642	752.122
284.2	897.23	1077.2	1278.4	1477.2	1626.1	1683.8	1630.2	1495.8	1351.9	1221.5	1112.6	1026.9	967.16	921.55	826.34	751.806
284.3	870.97	1037.5	1229.7	1430.3	1591.1	1670.5	1650.9	1525	1382.5	1252.5	1139.5	1047.1	981.83	933.69	832.337	752.808
284.4	845.19	1000.8	1182.6	1381.5	1552.2	1652.9	1660	1550.9	1414	1283.5	1166.6	1069.1	997.83	946.1	839.555	755.198
284.5	820.76	965.91	1136.7	1332.1	1511.2	1630.8	1662.9	1574	1445.2	1313.9	1194.3	1092.7	1015	958.89	848.162	759.23
284.6	799.4	933.68	1093.1	1283.4	1468.7	1603.3	1657.2	1599.6	1474.6	1342.8	1223.2	1118	1033.6	972.71	859.128	766.15
284.7	780.57	904.18	1052.7	1235.6	1424.3	1570.8	1644.7	1622	1501.8	1371.1	1252.5	1143.8	1053.7	987.71	872.088	775.53
284.8	763.1	876.02	1015.2	1188.9	1377.9	1534.4	1628.1	1632.1	1525.9	1400.4	1281.6	1169.7	1075.3	1003.9	886.39	786.46
284.9	747.76	849.48	979.69	1143.7	1330.6	1495.8	1607.2	1633.2	1548.1	1429	1309.9	1196.4	1098.3	1021.3	902.88	800.18
285	734.82	825.93	946.77	1100.5	1283.6	1455.9	1581.4	1627.4	1568.7	1455.9	1337.1	1224.1	1122.7	1039.9	922.02	817.38
285.1	722.73	804.96	916.7	1060.3	1237.4	1414.1	1550.8	1615.7	1590.3	1481	1364.3	1251.7	1147.4	1059.7	942.97	837.02
285.2	711.53	785.4	888.21	1022.8	1192	1370.2	1516.5	1600	1603.9	1503.1	1391.8	1278.9	1172.2	1080.7	966.02	859.58
285.3	701.9	767.83	861.37	987.28	1147.5	1325.2	1480.1	1580.3	1604.5	1523.5	1418.3	1305.5	1197.9	1103.3	991.46	885.38
285.4	693.01	752.74	837.4	954.33	1105.1	1280.1	1442.3	1556.1	1599.9	1542.7	1443.4	1331.2	1224	1126.9	1018.34	913.24
285.5	684.66	739.01	815.97	924.22	1065.2	1235.6	1402.8	1527.5	1589.2	1560.9	1466.5	1357.1	1249.8	1150.3	1045.55	941.76
285.6	677.67	726.38	795.88	895.85	1027.7	1191.6	1361.3	1495.4	1574	1574.3	1487.1	1382.9	1275.3	1174	1075	973.76
285.7	671.4	715.34	777.64	869.11	992.41	1148.3	1318.5	1461.1	1555.2	1577.2	1506.4	1407.7	1300.2	1198.5	1108.92	1012.56
285.8	666.03	705.35	761.84	845.12	959.68	1106.9	1275.2	1425.8	1532.2	1572	1523.6	1431.2	1324.5	1222.9	1145.65	1055.92
285.9	661.83	696.1	747.56	823.61	929.76	1067.9	1232.2	1388.9	1505.2	1561.2	1536.6	1452.4	1348.9	1247	1184.39	1102.78
286	657.31	688.12	734.43	803.38	901.66	1031	1189.6	1349.9	1474.8	1546.7	1546.4	1471.7	1373	1271	1224.32	1151.84
286.1	652.32	681.03	722.84	784.85	875.18	996.06	1147.5	1309.4	1442.4	1528.7	1548.7	1489.6	1396.1	1294.4	1265.14	1203.02
286.2	647.78	674.74	712.38	768.71	851.32	963.65	1107.2	1268.1	1409.2	1506.8	1541.7	1504.1	1417.9	1317.2	1306.64	1256.34
286.3	643.72	669.4	702.75	754.16	829.89	934	1069.1	1226.9	1374.6	1481.5	1531	1514.3	1437.5	1340	1347.91	1310.26
286.4	640.31	664.15	694.38	740.77	809.69	906.22	1032.7	1185.9	1337.9	1453	1517.4	1521.1	1455.6	1362.6	1389.16	1364.9
286.5	638.06	658.78	686.92	728.85	791.05	880.07	998.19	1145.3	1299.7	1422.3	1500	1521.5	1471.2	1384.3	1428.42	1417.94
286.6	635.46	653.94	680.16	718.07	774.72	856.44	966.26	1106.4	1260.1	1391.3	1479.1	1513.5	1483	1404.3	1463.21	1466.2
286.7	632.26	649.67	674.24	708.2	760.01	835.18	937.04	1069.2	1220.6	1359.1	1455.3	1502.3	1491.1	1422.6	1494.92	1511.2
286.8	630.25	645.94	668.59	699.58	746.47	815.11	909.74	1033.5	1181.2	1324.8	1428.5	1488.6	1495.2	1439	1523.75	1553.26
286.9	629.18	643.05	663	691.87	734.28	796.49	884	999.6	1142.1	1288.8	1400.3	1471.7	1493.2	1452	1546.99	1588.92
287	628.27	640.11	657.99	684.75	723.25	780.07	860.65	968.26	1104.5	1251.1	1371.3	1452	1484.9	1461.4	1564.4	1617.82
287.1	627.26	636.94	653.58	678.39	713.19	765.29	839.63	939.54	1068.4	1213.3	1340.6	1429.3	1473.9	1467.8	1577.67	1641.9
287.2	625.38	634.71	649.62	672.43	704.38	751.66	819.73	912.76	1033.3	1175.6	1307.3	1403.8	1460.9	1469.3	1585.68	1659.78
287.3	622.67	633.26	646.4	666.68	696.46	739.28	801.19	887.49	1000.1	1138	1271.7	1377.3	1445	1465.2	1587.75	1670.52
287.4	620.55	631.87	643.33	661.51	689.04	728.03	784.8	864.5	969.44	1101.9	1235.2	1349.7	1426.4	1457.1	1584.54	1674.7
287.5	619.26	630.31	640.23	656.95	682.32	717.81	770.04	843.8	941.27	1066.9	1199.1	1319.4	1404.8	1446.5	1576.81	1673.3
287.6	618.16	628.32	637.92	652.8	676.09	708.86	756.38	824.23	915.04	1032.6	1162.8	1286.2	1380.7	1433.9	1565.39	1667.44
287.7	617.09	625.88	636.24	649.34	670.19	700.77	743.87	805.87	890.29	1000.1	1127.1	1250.9	1355.7	1419	1550.48	1657.12
287.8	616.02	623.79	634.54	646.18	664.87	693.09	732.45	789.51	867.7	970.12	1092.6	1215.7	1329	1401.6	1531.612	1641.548
287.9	614.97	622.26	632.7	643.15	660.15	686.04	722.12	774.78	847.36	942.52	1058.9	1181.1	1298.7	1381	1507.472	1619.148
288	613.92	620.92	630.65	640.8	655.8	679.59	713.07	761.1	828.13	916.93	1026.4	1146.7	1265.2	1358.3	1407.6	1533.04
288.1	612.9	619.58	628.31	638.93	652.12	673.54	704.84	748.45	810	892.71	995.89	1113.1	1230.7	1334.7	1394.4	1519.344
288.2	611.38	618.3	626.16	637	648.9	668.08	696.93	736.86	793.76	870.54	967.36	1080.5	1197	1308.3	1378.3	1501.196
288.3	609.75	617.11	624.43	634.95	645.95	663.18	689.6	726.42	779.11	850.64	941.05	1048.7	1164.2	1277.5	1358.5	1477.1
288.4	608.84	616	622.91	632.86	643.56	658.64	682.95	717.27	765.48	831.78	916.29	1018.3	1131.7	1244.1	1337.4	1449.964
288.5	608.38	614.91	621.46	630.57	641.51	654.77	676.78	708.91	752.73	813.92	892.77	989.5	1100.1	1210.9	1315	1421.412
288.6	607.46	613.49	620.05	628.34	639.38	651.49	671.17	700.79	741	797.85	871.39	962.44	1069.3	1179	1288.1	1389.04
288.7	605.8	612.02	618.75	626.39	637.17	648.62	666.09	693.19	730.47	783.33	851.96	937.21	1039.4	1148	1256.5	1352.575
288.8	604.43	611.03	617.57	624.72	635.04	646.2	661.36	686.34	721.25	769.75	833.57	913.17	1010.9	1117.5	1223.7	1315.145
288.9	603.75	610.38	616.44	623.19	632.79	643.98	657.31	680.05	712.78	756.92	816.26	890.49	983.7	1087.8	1192.1	1278.767
289	604.19	609.38	615.09	621.69	630.45	641.67	653.99	674.28	704.46	745.06	800.43	869.85	957.92	1058.9	1162.1	1243.557
289.1	605.19	607.82	613.71	620.28	628.29	639.34	651.19	669.01	696.63	734.47	785.89	850.82	933.57	1031.1	1133.1	1209.306
289.2	604.74	606.51	612.67	619.03	626.47	637.19	648.75	664.08	689.61	725.18	772.26	832.89	910.21	1004.3	1104.4	1175.519
289.3	603.33	605.77	611.9	617.86	624.89	634.95	646.38	659.85	683.21	716.61	759.57	816.16	888.28	978.37	1076.5	1142.597
289.4	602.46	605.86	610.88	616.56	623.3	632.49	643.91	656.5	677.28	708.12	747.94	800.68	868.24	953.7	1049.7	1111.014
289.5	602.24	606.29	609.4	615.25	621.78	630.11	641.49	653.76	671.81	700.07	737.5	786.29	849.71	930.09	1023.8	1080.398
289.6	602.14	605.71	608.12	614.17	620.46	628.16	639.32	651.29	666.7	692.9	728.32	772.85	832.33	907.37	998.39	1050.25
289.7	601.47	604.47	607.33	613.29	619.25	626.53	637.08	648.76	662.31	686.4	719.76	760.46	816.03	886.12	973.59	1021.188
289.8	599.79	603.69	607.17	612.27	617.99	624.86	634.49	646.16	658.92	680.3	711.27	749.22	800.77	866.69	949.85	993.949
289.9	598.19	603.47	607.29	610.88	616.74	623.23	631.88	643.66	656.25	674.62	703.36	739.26	786.54	848.77	926.86	967.911
290	597.95	603.21	606.63	609.63	615.62	621.83	629.8	641.49	653.75	669.3	696.28	730.41	773.39	831.89	904.66	942.798
290.1	598.15	602.44	605.47	608.76	614.65	620.59	628.15	639.24	651.09	664.75	689.7	721.92	761.36	815.84	884.02	919.336
290.2	597.78	600.97	604.71	608.41	613.64	619.36	626.4	636.5	648.35	661.33	683.58	713.72	750.56	800.75	865.32	897.939
290.3	596.7	599.59	604.41	608.28	612.32	618.17	624.65	633.66	645.8	658.74	677.9	706.24	741.07	786.78	848.03	878.244
290.4	595.18	599.22	604.02	607.57	611.09	617	623.18	631.46	643.63	656.21	672.49	699.33	732.45	774	831.47	859.737
290.5	594.37	599.15	603.24	606.45	610.15	615.95	621.91	629.78	641.36	653.39	667.84	692.77	724.11	762.36	815.53	842.013
290.6	594.66	598.63	601.89	605.68	609.62	614.95	620.7	627.95	638.47	650.54	664.39	686.65	716.3	752.03	800.66	825.382
290.7	594.85	597.62	600.61	605.28	609.29	613.72	619.56	626.09	635.4	647.97	661.68	680.74	709.12	742.95	787.05	810.193
290.8	594.28	596.35	600.15	604.78	608.53	612.5	618.35	624.53	633.07	645.81	659.05	675.13	702.26	734.5	774.64	796.281
290.9	593.63	595.6	599.9	603.99	607.46	611.5	617.22	623.23	631.38	643.5	656.21	670.58	695.75	726.44	763.43	783.572
291	593.36	595.7	599.31	602.76	606.66	610.8	616.24	622.05	629.48	640.46	653.29	667.09	689.54	719.01	753.58	772.252
291.1	593.47	595.71	598.39	601.53	606.14	610.29	615.1	620.94	627.5	637.13	650.46	664.03	683.32	712	744.84	761.949
291.2	593.86	595.14	597.25	600.97	605.54	609.5	613.89	619.7	625.86	634.69	648.09	661.16	677.63	705.16	736.58	752.018
291.3	593.82	594.55	596.5	600.58	604.75	608.46	612.81	618.49	624.52	633	645.79	658.33	673.18	698.68	728.89	742.939
291.4	592.62	594.25	596.47	599.95	603.61	607.6	611.96	617.53	623.36	631.03	642.76	655.48	669.48	692.23	721.76	734.767
291.5	591.09	594.18	596.42	599.13	602.43	606.97	611.29	616.47	622.29	628.9	639.53	652.87	666.17	685.68	714.79	726.807
291.6	590.36	594.28	595.88	598.09	601.77	606.26	610.47	615.27	621.01	627.19	637.08	650.57	663.27	680.08	708.01	719.213
291.7	590.12	594.07	595.35	597.3	601.24	605.49	609.46	614.12	619.73	625.82	635.14	648.03	660.49	675.61	701.48	712.228
291.8	589.97	593.01	594.99	597.17	600.6	604.44	608.54	613.13	618.8	624.67	633.01	645	657.7	671.61	694.61	705.329
291.9	589.81	591.73	594.75	597.08	599.87	603.29	607.77	612.32	617.83	623.63	630.97	642.06	655.24	668.25	687.84	698.851
292	589.47	591.07	594.66	596.6	598.91	602.53	606.97	611.47	616.63	622.32	629.27	639.57	652.92	665.44	682.4	693.559
292.1	589.31	590.79	594.35	596.12	598.08	601.87	606.21	610.48	615.4	620.96	627.68	637.23	650.28	662.64	677.75	688.781
292.2	589.3	590.58	593.36	595.7	597.85	601.22	605.25	609.49	614.29	620.05	626.43	634.97	647.38	659.95	673.55	684.222
292.3	588.95	590.34	592.19	595.29	597.74	600.59	604.12	608.58	613.34	619.19	625.49	633.06	644.51	657.59	670.35	680.475
292.4	588.39	590.02	591.53	595.04	597.32	599.69	603.26	607.69	612.47	617.98	624.2	631.32	641.73	655.24	667.61	677.242
292.5	587.98	589.86	591.21	594.66	596.89	598.81	602.49	606.95	611.49	616.67	622.89	629.69	639.14	652.67	664.74	673.83
292.6	587.71	589.81	590.99	593.71	596.41	598.5	601.84	606.07	610.43	615.45	622	628.43	636.99	649.85	662.17	670.416
292.7	587.67	589.44	590.76	592.6	595.84	598.38	601.3	604.95	609.38	614.38	620.91	627.26	635.14	646.74	659.91	667.236
292.8	587.73	588.87	590.46	591.93	595.45	598.02	600.46	603.98	608.4	613.48	619.63	625.94	633.27	643.64	657.61	664.116
292.9	587.61	588.41	590.31	591.56	595	597.64	599.52	603.11	607.68	612.53	618.38	624.83	631.61	641.08	655.18	661.171
293	587.23	588.08	590.24	591.34	594.08	597.08	599.12	602.47	606.87	611.37	616.97	623.7	630.28	639.09	652.18	658.187
293.1	586.49	587.93	589.86	591.14	593.01	596.37	599.01	602.02	605.76	610.17	615.63	622.21	628.98	637.13	648.62	654.784
293.2	585.25	587.85	589.26	590.87	592.31	595.85	598.72	601.23	604.69	609.11	614.56	620.76	627.8	635.13	645.41	651.553
293.3	583.61	587.65	588.75	590.73	591.89	595.35	598.38	600.22	603.71	608.41	613.52	619.39	626.67	633.45	643.12	649.208
293.4	582.5	587.29	588.35	590.65	591.68	594.45	597.75	599.74	603.09	607.68	612.42	617.94	625.09	632.02	641.17	647.202
293.5	582.25	586.7	588.11	590.25	591.53	593.41	596.89	599.64	602.73	606.57	611.34	616.7	623.32	630.78	638.96	645.016
293.6	581.99	585.7	587.94	589.64	591.28	592.66	596.26	599.42	601.98	605.38	610.31	615.68	621.82	629.73	636.87	643.033
293.7	581.51	584.37	587.66	589.08	591.15	592.18	595.72	599.12	600.9	604.31	609.64	614.63	620.35	628.27	635.15	641.006
293.8	581.14	583.42	587.31	588.6	591.06	591.99	594.83	598.42	600.34	603.72	608.95	613.67	618.92	626.24	633.75	638.957
293.9	581.5	583.11	586.82	588.29	590.65	591.89	593.8	597.42	600.26	603.44	607.86	612.79	617.77	624.39	632.71	637.494
294	582.95	582.81	585.98	588.03	590.02	591.67	592.99	596.68	600.12	602.73	606.72	611.98	616.75	622.86	631.56	636.142
294.1	584.76	582.28	584.85	587.68	589.42	591.54	592.46	596.11	599.85	601.56	605.56	611.32	615.79	621.32	629.53	634.086
294.2	585.62	581.81	584.01	587.34	588.87	591.45	592.29	595.22	599.08	600.92	604.84	610.5	615.05	619.94	627.19	631.746
294.3	585.08	582	583.7	586.93	588.48	591.03	592.24	594.2	597.95	600.88	604.63	609.38	614.35	618.84	625.43	629.844
294.4	584.1	583.09	583.42	586.22	588.14	590.39	592.05	593.32	597.12	600.82	603.91	608.22	613.64	617.84	623.85	628.342
294.5	583.61	584.48	582.89	585.24	587.72	589.74	591.92	592.72	596.51	600.57	602.77	607.17	612.94	617.08	622.26	627.111
294.6	583.5	585.14	582.37	584.5	587.37	589.12	591.83	592.57	595.63	599.73	602.14	606.48	612.02	616.58	620.95	625.95
294.7	582.78	584.75	582.42	584.2	587.03	588.66	591.4	592.58	594.59	598.47	601.88	605.9	610.91	615.99	619.86	624.723
294.8	581.26	584.08	583.27	583.96	586.44	588.24	590.75	592.42	593.64	597.55	601.69	604.91	609.74	615.28	618.98	623.605
294.9	579.47	583.83	584.41	583.46	585.6	587.76	590.07	592.3	592.98	596.93	601.54	603.86	608.71	614.54	618.51	622.818
295	578.23	583.8	584.95	582.9	584.94	587.4	589.38	592.2	592.85	596.05	600.66	603.21	607.89	613.57	618.22	622.354
295.1	578.45	583.15	584.62	582.83	584.67	587.12	588.85	591.78	592.92	594.97	599.25	602.74	607.03	612.43	617.63	621.751
295.2	579.22	581.78	584.1	583.49	584.47	586.63	588.35	591.12	592.79	593.95	598.17	602.37	605.95	611.27	616.89	620.832
295.3	579.35	580.23	583.96	584.41	584.02	585.92	587.8	590.41	592.66	593.22	597.3	601.89	604.91	610.16	616.13	619.857
295.4	578.94	579.17	583.97	584.85	583.43	585.35	587.43	589.65	592.57	593.12	596.37	600.89	604.09	609.12	615.11	618.829
295.5	578.79	579.19	583.37	584.57	583.25	585.1	587.2	589.04	592.15	593.26	595.54	599.76	603.43	608.12	613.93	617.698
295.6	579.24	579.6	582.12	584.14	583.73	584.95	586.81	588.47	591.49	593.14	594.69	598.95	602.9	607	612.72	616.485
295.7	579.71	579.48	580.73	584.06	584.46	584.55	586.21	587.85	590.74	593.01	594.06	598.24	602.22	605.82	611.42	615.042
295.8	579.35	579	579.77	584.11	584.8	583.95	585.72	587.46	589.92	592.93	594.06	597.53	601.28	604.82	610.23	613.473
295.9	578.36	578.9	579.68	583.56	584.56	583.66	585.5	587.28	589.25	592.52	594.2	596.84	600.42	604	609.23	612.104
296	577.81	579.37	579.88	582.41	584.2	583.97	585.41	586.97	588.6	591.86	594.07	596.12	599.79	603.32	607.95	610.738
296.1	577.74	579.76	579.61	581.16	584.16	584.53	585.07	586.48	587.91	591.08	594.01	595.72	599.29	602.62	606.53	609.216
296.2	578.11	579.39	579.09	580.28	584.23	584.78	584.45	586.07	587.49	590.2	593.89	595.66	598.81	601.83	605.38	607.859
296.3	578.41	578.51	579.02	580.1	583.73	584.56	584.07	585.89	587.36	589.45	593.25	595.38	598.22	601.17	604.46	606.959
296.4	577.99	578.02	579.49	580.13	582.68	584.25	584.23	585.86	587.12	588.73	592.42	594.96	597.63	600.75	603.74	606.429
296.5	577.82	578.01	579.83	579.76	581.56	584.24	584.62	585.59	586.74	587.97	591.48	594.7	597.35	600.5	603.14	606.17
296.6	578.27	578.3	579.46	579.21	580.75	584.32	584.79	584.96	586.41	587.52	590.39	594.18	597.02	600.17	602.49	605.907
296.7	578.17	578.45	578.62	579.16	580.48	583.88	584.59	584.49	586.26	587.43	589.63	593.38	596.32	599.68	601.97	605.49
296.8	577.23	578.05	578.15	579.61	580.37	582.92	584.31	584.5	586.3	587.27	588.97	592.65	595.73	599.22	601.85	605.383
296.9	576.27	577.84	578.16	579.9	579.92	581.94	584.31	584.74	586.09	586.97	588.25	591.77	595.19	598.86	601.84	605.463
297	575.73	578.19	578.42	579.53	579.35	581.18	584.4	584.83	585.46	586.72	587.99	590.98	594.34	598.11	601.62	604.925
297.1	575.92	578.19	578.51	578.71	579.31	580.85	584.01	584.63	584.9	586.61	588.06	590.55	593.58	597.11	601.19	603.944
297.2	576.22	577.47	578.1	578.27	579.74	580.61	583.15	584.38	584.77	586.72	587.98	590	592.94	596.37	600.8	603.221
297.3	576.15	576.65	577.84	578.29	579.98	580.08	582.29	584.37	584.88	586.59	587.81	589.44	592.16	595.48	600.13	602.208
297.4	576.14	576.2	578.13	578.52	579.61	579.5	581.6	584.48	584.88	585.96	587.62	589.38	591.77	594.48	598.93	600.752
297.5	576.4	576.25	578.21	578.58	578.82	579.46	581.19	584.14	584.69	585.31	587.44	589.36	591.6	593.88	597.78	599.572
297.6	576.87	576.37	577.64	578.15	578.38	579.87	580.84	583.38	584.45	585.06	587.52	589.08	591.06	593.27	596.82	598.387
297.7	576.82	576.3	576.93	577.85	578.42	580.06	580.24	582.63	584.43	585.04	587.34	588.78	590.72	592.74	595.61	597.188
297.8	575.82	576.28	576.51	578.09	578.63	579.68	579.66	582	584.54	584.95	586.58	588.41	590.76	592.79	594.66	596.802
297.9	574.54	576.48	576.45	578.23	578.65	578.91	579.62	581.53	584.25	584.75	585.85	588.13	590.53	592.68	594.24	596.685
298	573.89	576.82	576.48	577.8	578.21	578.49	579.99	581.07	583.59	584.52	585.44	588.08	590.1	592.19	593.67	596.067
298.1	574.05	576.74	576.44	577.17	577.87	578.53	580.13	580.42	582.96	584.48	585.22	587.69	589.64	592.1	593.55	595.961
298.2	574.19	575.96	576.44	576.76	578.05	578.72	579.74	579.83	582.39	584.59	585.11	586.92	589.06	592.07	593.95	596.271
298.3	573.84	574.99	576.57	576.62	578.26	578.72	579	579.79	581.86	584.36	584.98	586.3	588.73	591.59	593.75	595.919
298.4	573.54	574.48	576.81	576.59	577.96	578.27	578.59	580.12	581.3	583.79	584.81	585.92	588.58	591.04	593.42	595.456
298.5	574.16	574.49	576.71	576.58	577.41	577.88	578.64	580.21	580.61	583.27	584.79	585.65	588.04	590.36	593.51	595.115
298.6	575.38	574.4	576.08	576.61	577	578.01	578.81	579.81	580.01	582.76	584.9	585.5	587.3	589.61	593.25	594.355
298.7	576.35	573.97	575.31	576.68	576.78	578.28	578.79	579.09	579.96	582.18	584.7	585.38	586.75	589.31	592.54	593.619
298.8	576.52	573.71	574.88	576.81	576.69	578.1	578.32	578.69	580.25	581.53	584.19	585.19	586.34	589.05	591.85	593.078
298.9	575.34	574.23	574.78	576.7	576.74	577.62	577.89	578.75	580.28	580.8	583.74	585.07	586.04	588.4	590.91	592.133
299	573.84	575.18	574.54	576.2	576.79	577.21	577.98	578.91	579.88	580.2	583.19	585.02	585.93	587.7	590.1	591.338
299.1	573.03	575.89	574.08	575.6	576.79	576.92	578.3	578.85	579.18	580.13	582.51	584.77	585.79	587.16	589.86	591.145
299.2	572.4	575.95	573.85	575.23	576.82	576.79	578.24	578.38	578.79	580.38	581.83	584.39	585.47	586.71	589.48	590.862
299.3	571.76	575.04	574.31	575.02	576.7	576.89	577.82	577.91	578.85	580.35	581.1	584.03	585.24	586.45	588.73	590.414
299.4	571.35	573.94	575.06	574.66	576.32	576.97	577.41	577.95	579	579.94	580.47	583.45	585.14	586.39	588.07	590.146
299.5	571.25	573.35	575.57	574.19	575.89	576.89	577.05	578.33	578.92	579.27	580.38	582.68	584.91	586.12	587.52	589.638
299.6	571.41	572.83	575.57	574	575.56	576.83	576.89	578.38	578.44	578.89	580.62	582.08	584.67	585.62	587.06	588.936
299.7	571.99	572.2	574.82	574.39	575.24	576.71	577.05	578.02	577.93	578.95	580.63	581.58	584.35	585.37	586.9	588.665
299.8	572.55	571.71	573.94	574.96	574.78	576.44	577.15	577.6	577.92	579.09	580.35	581.14	583.62	585.31	586.82	588.581
299.9	572.49	571.54	573.5	575.3	574.31	576.15	577	577.18	578.35	578.99	579.7	581.07	582.86	585.16	586.31	588.213
300	572.31	571.65	573.06	575.25	574.16	575.87	576.84	577	578.51	578.48	579.24	581.16	582.52	585.02	585.67	587.738
300.1	572.06	572.12	572.44	574.62	574.48	575.45	576.71	577.21	578.2	577.95	579.23	581.06	582.17	584.61	585.53	587.365
300.2	571.89	572.55	571.95	573.92	574.88	574.88	576.56	577.33	577.77	577.9	579.32	580.79	581.76	583.72	585.55	586.845
300.3	572.23	572.45	571.75	573.59	575.06	574.43	576.41	577.11	577.3	578.38	579.33	580.42	581.66	583.19	585.49	586.545
300.4	572.69	572.23	571.83	573.21	574.97	574.32	576.15	576.86	577.1	578.65	578.94	580.15	581.65	583.14	585.39	586.621
300.5	573.01	572.02	572.26	572.62	574.44	574.57	575.64	576.72	577.37	578.37	578.34	580.09	581.54	582.77	584.74	586.14
300.6	573.34	571.95	572.61	572.14	573.9	574.8	574.99	576.68	577.52	577.93	578.18	580.1	581.43	582.3	583.84	585.226
300.7	573.59	572.25	572.46	571.93	573.67	574.83	574.55	576.66	577.22	577.42	578.59	579.88	581.26	582.19	583.74	584.915
300.8	573.16	572.63	572.19	572	573.33	574.7	574.48	576.43	576.87	577.21	578.85	579.29	580.98	582.13	583.85	584.872
300.9	572.35	572.88	572	572.4	572.78	574.27	574.67	575.83	576.73	577.54	578.64	578.68	580.87	582.14	583.26	584.528
301	571.54	573.14	571.98	572.7	572.32	573.87	574.73	575.09	576.8	577.71	578.25	578.49	580.79	582.26	582.76	584.347
301.1	570.35	573.34	572.27	572.49	572.11	573.71	574.61	574.68	576.9	577.33	577.61	578.66	580.34	582.08	582.7	584.358
301.2	569.53	573.03	572.6	572.18	572.17	573.43	574.44	574.66	576.7	576.87	577.28	578.72	579.6	581.72	582.67	584.132
301.3	569.54	572.4	572.8	571.98	572.55	572.92	574.11	574.77	576	576.75	577.66	578.47	578.92	581.62	582.93	584.027
301.4	569.45	571.69	573	572	572.8	572.48	573.83	574.66	575.19	576.93	577.85	578.08	578.61	581.39	583.16	583.997
301.5	569.42	570.71	573.18	572.29	572.54	572.28	573.75	574.4	574.81	577.14	577.53	577.71	578.64	580.71	582.78	583.524
301.6	570.02	570.01	572.93	572.57	572.18	572.33	573.5	574.2	574.83	576.95	577.19	577.82	578.6	579.85	582.4	582.907
301.7	571.08	569.92	572.4	572.73	571.98	572.7	573.03	573.95	574.88	576.16	577.07	578.26	578.33	579.02	582.33	582.386
301.8	572.08	569.82	571.76	572.89	572.03	572.9	572.63	573.79	574.6	575.29	577.25	578.31	578.05	578.59	581.89	581.686
301.9	572.31	569.73	570.91	573.04	572.31	572.59	572.44	573.77	574.2	574.95	577.51	577.9	578.02	578.59	581	580.905
302	571.64	570.12	570.29	572.85	572.55	572.18	572.49	573.56	573.97	575.02	577.31	577.54	578.42	578.49	579.96	580.219
302.1	570.39	570.98	570.17	572.39	572.67	571.98	572.84	573.13	573.8	574.99	576.43	577.41	578.84	578.25	578.94	579.732
302.2	569.2	571.82	570.07	571.81	572.79	572.05	573.01	572.77	573.75	574.54	575.46	577.48	578.72	578.21	578.52	579.733
302.3	568.59	572.04	569.97	571.06	572.92	572.32	572.64	572.59	573.78	574.01	575.05	577.47	578.24	578.5	578.56	579.979
302.4	568.43	571.54	570.23	570.51	572.77	572.52	572.19	572.65	573.6	573.75	575.05	576.96	577.84	579.04	578.38	580.076
302.5	568.05	570.54	570.95	570.38	572.38	572.6	571.98	572.99	573.22	573.67	574.97	576.06	577.65	579.38	578.27	580.242
302.6	567.58	569.51	571.7	570.3	571.85	572.69	572.08	573.11	572.91	573.71	574.51	575.39	577.58	579.09	578.54	580.55
302.7	567.94	568.92	571.92	570.2	571.19	572.79	572.34	572.7	572.75	573.77	573.97	575.22	577.29	578.53	579.08	580.877
302.8	568.85	568.7	571.52	570.36	570.71	572.7	572.49	572.21	572.81	573.63	573.72	575.26	576.59	578.09	579.68	581.093
302.9	569.78	568.31	570.64	570.95	570.58	572.37	572.54	571.99	573.14	573.29	573.68	575.12	575.82	577.79	579.87	580.971
303	570.9	567.86	569.68	571.63	570.52	571.88	572.6	572.11	573.22	573.03	573.8	574.65	575.44	577.53	579.4	580.388
303.1	571.91	568.08	569.08	571.85	570.42	571.3	572.68	572.36	572.76	572.9	573.95	574.21	575.4	577.01	578.75	579.584
303.2	572.11	568.78	568.84	571.52	570.49	570.89	572.62	572.47	572.23	572.97	573.88	574.07	575.48	576.28	578.27	578.893
303.3	571.63	569.59	568.47	570.74	570.97	570.76	572.36	572.48	572.01	573.29	573.64	574.18	575.3	575.74	577.83	578.32
303.4	570.95	570.57	568.05	569.8	571.58	570.72	571.9	572.51	572.14	573.34	573.45	574.41	574.82	575.55	577.35	577.798
303.5	570.12	571.48	568.18	569.18	571.8	570.63	571.4	572.57	572.37	572.82	573.3	574.55	574.48	575.61	576.71	577.294
303.6	569.53	571.71	568.75	568.94	571.54	570.62	571.06	572.55	572.45	572.24	573.32	574.44	574.49	575.72	576.07	576.842
303.7	569.36	571.34	569.47	568.6	570.83	570.99	570.93	572.34	572.42	572.02	573.63	574.28	574.76	575.49	575.76	576.425
303.8	568.99	570.8	570.39	568.21	569.91	571.54	570.91	571.92	572.42	572.18	573.65	574.18	575.06	575.01	575.69	576.191
303.9	567.94	570.17	571.25	568.27	569.27	571.76	570.84	571.49	572.46	572.39	573.11	574.07	575.15	574.82	575.86	576.477
304	566.86	569.7	571.48	568.73	569.03	571.56	570.75	571.22	572.48	572.42	572.49	574.05	575.05	575.02	575.99	576.911
304.1	566.45	569.51	571.14	569.38	568.73	570.91	571.02	571.09	572.33	572.36	572.13	574	574.99	575.41	575.66	576.979
304.2	566.74	569.12	570.67	570.26	568.37	570.01	571.51	571.09	571.93	572.34	572.15	573.59	574.95	575.71	575.24	576.818
304.3	567.82	568.23	570.14	571.08	568.36	569.35	571.74	571.05	571.58	572.36	572.34	572.96	574.79	575.75	575.24	576.793
304.4	568.98	567.35	569.74	571.29	568.71	569.1	571.59	570.88	571.37	572.41	572.4	572.46	574.56	575.71	575.65	577.081
304.5	569.6	566.98	569.56	570.96	569.31	568.85	570.99	571.05	571.24	572.31	572.42	572.24	574.12	575.76	576.09	577.384
304.6	569.89	567.15	569.18	570.54	570.16	568.52	570.1	571.49	571.27	571.94	572.45	572.37	573.46	575.7	576.34	577.397
304.7	570.02	567.91	568.41	570.09	570.94	568.45	569.41	571.72	571.25	571.65	572.45	572.6	572.88	575.38	576.37	577.122
304.8	569.99	568.73	567.7	569.75	571.12	568.69	569.17	571.61	571.02	571.51	572.53	572.73	572.47	574.82	576.44	576.771
