0	0	0.1	0.2	0.3	0.4	0.5	0.6	0.7	0.8	0.9	1	1.1	1.2	1.3	1.4	1.5	1.6	1.7	1.8	1.9	2
256.1	0	102.25	106.83	109.26	111.36	112.67	113.78	114.58	115.27	115.82	116.3	116.72	117.09	117.43	117.73	118	118.32	118.623	118.926	119.229	119.532
256.2	0	102.21	106.79	109.22	111.32	112.63	113.74	114.54	115.22	115.77	116.26	116.67	117.05	117.38	117.68	117.96	118.275	118.578	118.881	119.184	119.487
256.3	0	102.16	106.75	109.18	111.28	112.58	113.69	114.49	115.18	115.73	116.21	116.63	117	117.34	117.64	117.91	118.23	118.533	118.836	119.139	119.442
256.4	0	102.12	106.71	109.13	111.24	112.54	113.65	114.45	115.14	115.68	116.17	116.58	116.96	117.29	117.6	117.87	118.19	118.494	118.798	119.102	119.406
256.5	0	102.07	106.67	109.09	111.19	112.5	113.61	114.4	115.09	115.64	116.12	116.54	116.91	117.25	117.55	117.83	118.15	118.456	118.762	119.068	119.374
256.6	0	102.03	106.63	109.05	111.15	112.45	113.56	114.36	115.05	115.59	116.08	116.49	116.87	117.21	117.51	117.78	118.1	118.403	118.706	119.009	119.312
256.7	0	101.98	106.59	109	111.1	112.4	113.51	114.31	115	115.55	116.03	116.45	116.82	117.16	117.46	117.74	118.06	118.366	118.672	118.978	119.284
256.8	0	101.94	106.54	108.96	111.06	112.36	113.47	114.27	114.95	115.5	115.99	116.4	116.78	117.11	117.42	117.69	118.01	118.314	118.618	118.922	119.226
256.9	0	101.89	106.5	108.91	111.01	112.31	113.42	114.22	114.91	115.46	115.94	116.36	116.73	117.07	117.37	117.65	117.97	118.276	118.582	118.888	119.194
257	0	101.84	106.46	108.87	110.97	112.27	113.38	114.17	114.86	115.41	115.9	116.31	116.68	117.02	117.33	117.6	117.925	118.232	118.539	118.846	119.153
257.1	0	101.8	106.41	108.82	110.92	112.22	113.33	114.12	114.81	115.36	115.85	116.26	116.64	116.97	117.28	117.55	117.87	118.174	118.478	118.782	119.086
257.2	0	101.75	106.37	108.77	110.87	112.17	113.28	114.08	114.77	115.32	115.8	116.22	116.59	116.93	117.23	117.51	117.83	118.136	118.442	118.748	119.054
257.3	0	101.7	106.33	108.73	110.83	112.12	113.23	114.03	114.72	115.27	115.75	116.17	116.54	116.88	117.19	117.46	117.785	118.092	118.399	118.706	119.013
257.4	0	101.65	106.28	108.68	110.78	112.07	113.19	113.98	114.67	115.22	115.71	116.12	116.5	116.83	117.14	117.41	117.73	118.034	118.338	118.642	118.946
257.5	0	101.61	106.24	108.63	110.73	112.03	113.14	113.93	114.62	115.17	115.66	116.07	116.45	116.79	117.09	117.37	117.69	117.996	118.302	118.608	118.914
257.6	0	101.56	106.19	108.59	110.69	111.98	113.09	113.88	114.57	115.12	115.61	116.02	116.4	116.74	117.04	117.32	117.64	117.946	118.252	118.558	118.864
257.7	0	101.51	106.15	108.54	110.64	111.93	113.04	113.83	114.52	115.07	115.56	115.98	116.35	116.69	116.99	117.27	117.59	117.896	118.202	118.508	118.814
257.8	0	101.46	106.1	108.49	110.59	111.88	112.99	113.78	114.48	115.02	115.51	115.93	116.3	116.64	116.95	117.22	117.545	117.852	118.159	118.466	118.773
257.9	0	101.41	106.06	108.44	110.54	111.83	112.94	113.73	114.43	114.97	115.46	115.88	116.25	116.59	116.9	117.17	117.495	117.802	118.109	118.416	118.723
258	0	101.36	106.01	108.4	110.49	111.78	112.89	113.68	114.38	114.92	115.41	115.83	116.2	116.54	116.85	117.12	117.445	117.752	118.059	118.366	118.673
258.1	0	101.31	105.97	108.35	110.45	111.73	112.84	113.63	114.33	114.87	115.36	115.78	116.15	116.49	116.8	117.08	117.405	117.715	118.025	118.335	118.645
258.2	0	101.26	105.92	108.3	110.4	111.68	112.79	113.58	114.28	114.82	115.31	115.73	116.11	116.44	116.75	117.03	117.35	117.657	117.964	118.271	118.578
258.3	0	101.21	105.87	108.25	110.35	111.63	112.74	113.53	114.22	114.77	115.26	115.68	116.06	116.39	116.7	116.98	117.3	117.607	117.914	118.221	118.528
258.4	0	101.16	105.83	108.2	110.3	111.58	112.69	113.48	114.17	114.72	115.21	115.63	116.01	116.34	116.65	116.93	117.25	117.557	117.864	118.171	118.478
258.5	0	101.11	105.78	108.15	110.25	111.53	112.64	113.43	114.12	114.67	115.16	115.58	115.96	116.29	116.6	116.88	117.2	117.507	117.814	118.121	118.428
258.6	0	101.06	105.73	108.1	110.2	111.48	112.59	113.38	114.07	114.62	115.11	115.53	115.9	116.24	116.55	116.83	117.155	117.465	117.775	118.085	118.395
258.7	0	101.01	105.68	108.05	110.15	111.43	112.54	113.33	114.02	114.57	115.06	115.48	115.85	116.19	116.5	116.78	117.105	117.415	117.725	118.035	118.345
258.8	0	100.95	105.64	108	110.1	111.38	112.49	113.28	113.97	114.52	115.01	115.42	115.8	116.14	116.45	116.73	117.055	117.365	117.675	117.985	118.295
258.9	0	100.9	105.59	107.95	110.05	111.33	112.44	113.22	113.92	114.46	114.96	115.37	115.75	116.09	116.4	116.68	117.005	117.315	117.625	117.935	118.245
259	0	100.85	105.54	107.9	110	111.27	112.38	113.17	113.86	114.41	114.9	115.32	115.7	116.04	116.35	116.63	116.955	117.265	117.575	117.885	118.195
259.1	0	100.8	105.49	107.85	109.95	111.22	112.33	113.12	113.81	114.36	114.85	115.27	115.65	115.99	116.3	116.57	116.895	117.202	117.509	117.816	118.123
259.2	0	100.75	105.44	107.8	109.9	111.17	112.28	113.07	113.76	114.31	114.8	115.22	115.6	115.94	116.24	116.52	116.84	117.146	117.452	117.758	118.064
259.3	0	100.69	105.39	107.75	109.85	111.12	112.23	113.01	113.71	114.25	114.75	115.16	115.55	115.88	116.19	116.47	116.79	117.097	117.404	117.711	118.018
259.4	0	100.64	105.34	107.7	109.8	111.07	112.17	112.96	113.65	114.2	114.69	115.11	115.49	115.83	116.14	116.42	116.745	117.055	117.365	117.675	117.985
259.5	0	100.59	105.29	107.65	109.74	111.01	112.12	112.91	113.6	114.15	114.64	115.06	115.44	115.78	116.09	116.37	116.695	117.005	117.315	117.625	117.935
259.6	0	100.53	105.24	107.59	109.69	110.96	112.07	112.85	113.55	114.09	114.59	115.01	115.39	115.73	116.04	116.32	116.645	116.955	117.265	117.575	117.885
259.7	0	100.48	105.19	107.54	109.64	110.91	112.02	112.8	113.49	114.04	114.53	114.95	115.33	115.68	115.99	116.26	116.59	116.9	117.21	117.52	117.83
259.8	0	100.43	105.14	107.49	109.59	110.85	111.96	112.74	113.44	113.99	114.48	114.9	115.28	115.62	115.93	116.21	116.535	116.845	117.155	117.465	117.775
259.9	0	100.37	105.09	107.44	109.54	110.8	111.91	112.69	113.38	113.93	114.43	114.84	115.23	115.57	115.88	116.16	116.485	116.795	117.105	117.415	117.725
260	0	100.32	105.04	107.38	109.48	110.75	111.85	112.64	113.33	113.88	114.37	114.79	115.17	115.52	115.83	116.11	116.44	116.753	117.066	117.379	117.692
260.1	0	100.27	104.99	107.33	109.43	110.69	111.8	112.58	113.27	113.82	114.32	114.74	115.12	115.46	115.78	116.05	116.38	116.691	117.002	117.313	117.624
260.2	0	100.21	104.94	107.28	109.38	110.64	111.75	112.53	113.22	113.77	114.26	114.68	115.07	115.41	115.72	116	116.325	116.635	116.945	117.255	117.565
260.3	0	100.16	104.89	107.22	109.32	110.58	111.69	112.47	113.16	113.71	114.21	114.63	115.01	115.36	115.67	115.95	116.28	116.593	116.906	117.219	117.532
260.4	0	100.1	104.84	107.17	109.27	110.53	111.64	112.42	113.11	113.66	114.15	114.57	114.96	115.3	115.62	115.89	116.22	116.531	116.842	117.153	117.464
260.5	0	100.05	104.79	107.12	109.22	110.47	111.58	112.36	113.05	113.6	114.1	114.52	114.9	115.25	115.56	115.84	116.17	116.483	116.796	117.109	117.422
260.6	0	99.993	104.74	107.06	109.16	110.42	111.53	112.3	113	113.55	114.04	114.46	114.85	115.19	115.51	115.79	116.12	116.434	116.748	117.062	117.376
260.7	0	99.938	104.68	107.01	109.11	110.36	111.47	112.25	112.94	113.49	113.99	114.41	114.79	115.14	115.45	115.73	116.06	116.373	116.686	116.999	117.312
260.8	0	99.883	104.63	106.95	109.05	110.31	111.42	112.19	112.89	113.44	113.93	114.35	114.74	115.08	115.4	115.68	116.01	116.324	116.638	116.952	117.266
260.9	0	99.827	104.58	106.9	109	110.25	111.36	112.14	112.83	113.38	113.88	114.3	114.68	115.03	115.34	115.63	115.96	116.276	116.592	116.908	117.224
261	0	99.771	104.53	106.84	108.94	110.19	111.3	112.08	112.77	113.32	113.82	114.24	114.63	114.97	115.29	115.57	115.9	116.214	116.528	116.842	117.156
261.1	0	99.715	104.48	106.79	108.89	110.14	111.25	112.02	112.72	113.27	113.76	114.18	114.57	114.92	115.23	115.52	115.85	116.166	116.482	116.798	117.114
261.2	0	99.659	104.42	106.73	108.83	110.08	111.19	111.97	112.66	113.21	113.71	114.13	114.52	114.86	115.18	115.46	115.79	116.104	116.418	116.732	117.046
261.3	0	99.602	104.37	106.68	108.78	110.03	111.14	111.91	112.6	113.15	113.65	114.07	114.46	114.81	115.12	115.41	115.74	116.056	116.372	116.688	117.004
261.4	0	99.545	104.32	106.62	108.72	109.97	111.08	111.85	112.55	113.1	113.59	114.01	114.4	114.75	115.07	115.35	115.685	116.002	116.319	116.636	116.953
261.5	0	99.488	104.26	106.56	108.66	109.91	111.02	111.79	112.49	113.04	113.54	113.96	114.35	114.69	115.01	115.3	115.63	115.947	116.264	116.581	116.898
261.6	0	99.431	104.21	106.51	108.61	109.85	110.96	111.74	112.43	112.98	113.48	113.9	114.29	114.64	114.96	115.24	115.575	115.892	116.209	116.526	116.843
261.7	0	99.374	104.15	106.45	108.55	109.8	110.91	111.68	112.37	112.92	113.42	113.84	114.23	114.58	114.9	115.19	115.525	115.845	116.165	116.485	116.805
261.8	0	99.316	104.1	106.4	108.49	109.74	110.85	111.62	112.32	112.86	113.37	113.79	114.17	114.52	114.84	115.13	115.465	115.785	116.105	116.425	116.745
261.9	0	99.258	104.05	106.34	108.44	109.68	110.79	111.56	112.26	112.81	113.31	113.73	114.12	114.47	114.79	115.08	115.415	115.735	116.055	116.375	116.695
262	0	99.2	103.99	106.28	108.38	109.62	110.73	111.5	112.2	112.75	113.25	113.67	114.06	114.41	114.73	115.02	115.355	115.675	115.995	116.315	116.635
262.1	0	99.141	103.94	106.22	108.32	109.56	110.67	111.45	112.14	112.69	113.19	113.61	114	114.35	114.67	114.96	115.295	115.615	115.935	116.255	116.575
262.2	0	99.083	103.88	106.17	108.26	109.5	110.62	111.39	112.08	112.63	113.13	113.55	113.94	114.29	114.62	114.91	115.25	115.574	115.898	116.222	116.546
262.3	0	99.024	103.83	106.11	108.21	109.44	110.56	111.33	112.02	112.57	113.07	113.49	113.89	114.24	114.56	114.85	115.185	115.505	115.825	116.145	116.465
262.4	0	98.965	103.77	106.05	108.15	109.38	110.5	111.27	111.96	112.51	113.01	113.44	113.83	114.18	114.5	114.79	115.125	115.445	115.765	116.085	116.405
262.5	0	98.906	103.71	105.99	108.09	109.33	110.44	111.21	111.91	112.45	112.95	113.38	113.77	114.12	114.44	114.74	115.075	115.398	115.721	116.044	116.367
262.6	0	98.846	103.66	105.93	108.03	109.27	110.38	111.15	111.85	112.39	112.9	113.32	113.71	114.06	114.39	114.68	115.02	115.344	115.668	115.992	116.316
262.7	0	98.786	103.6	105.87	107.97	109.21	110.32	111.09	111.79	112.33	112.84	113.26	113.65	114	114.33	114.62	114.96	115.284	115.608	115.932	116.256
262.8	0	98.727	103.55	105.81	107.91	109.15	110.26	111.03	111.73	112.27	112.78	113.2	113.59	113.94	114.27	114.56	114.9	115.224	115.548	115.872	116.196
262.9	0	98.667	103.49	105.76	107.85	109.08	110.2	110.97	111.66	112.21	112.72	113.14	113.53	113.88	114.21	114.51	114.85	115.177	115.504	115.831	116.158
263	0	98.606	103.43	105.7	107.79	109.02	110.14	110.9	111.6	112.15	112.65	113.08	113.47	113.83	114.15	114.45	114.79	115.116	115.442	115.768	116.094
263.1	0	98.546	103.37	105.64	107.73	108.96	110.08	110.84	111.54	112.09	112.59	113.02	113.41	113.77	114.09	114.39	114.73	115.056	115.382	115.708	116.034
263.2	0	98.485	103.31	105.58	107.67	108.9	110.01	110.78	111.48	112.03	112.53	112.96	113.35	113.71	114.04	114.33	114.675	115.002	115.329	115.656	115.983
263.3	0	98.424	103.25	105.52	107.61	108.84	109.95	110.72	111.42	111.97	112.47	112.9	113.29	113.65	113.98	114.27	114.615	114.942	115.269	115.596	115.923
263.4	0	98.363	103.19	105.46	107.55	108.78	109.89	110.66	111.36	111.91	112.41	112.84	113.23	113.59	113.92	114.21	114.555	114.882	115.209	115.536	115.863
263.5	0	98.302	103.13	105.4	107.49	108.72	109.83	110.6	111.3	111.85	112.35	112.77	113.17	113.53	113.86	114.15	114.495	114.822	115.149	115.476	115.803
263.6	0	98.241	103.06	105.34	107.43	108.66	109.77	110.53	111.23	111.78	112.29	112.71	113.11	113.47	113.8	114.09	114.435	114.762	115.089	115.416	115.743
263.7	0	98.179	103	105.27	107.37	108.59	109.71	110.47	111.17	111.72	112.23	112.65	113.05	113.4	113.74	114.03	114.375	114.703	115.031	115.359	115.687
263.8	0	98.117	102.94	105.21	107.31	108.53	109.64	110.41	111.11	111.66	112.17	112.59	112.99	113.34	113.68	113.97	114.315	114.643	114.971	115.299	115.627
263.9	0	98.055	102.88	105.15	107.25	108.47	109.58	110.35	111.05	111.6	112.1	112.53	112.93	113.28	113.62	113.91	114.255	114.583	114.911	115.239	115.567
264	0	97.993	102.81	105.09	107.19	108.41	109.52	110.28	110.98	111.53	112.04	112.47	112.86	113.22	113.55	113.85	114.195	114.525	114.855	115.185	115.515
264.1	0	97.93	102.75	105.03	107.12	108.34	109.46	110.22	110.92	111.47	111.98	112.4	112.8	113.16	113.49	113.79	114.135	114.465	114.795	115.125	115.455
264.2	0	97.868	102.69	104.97	107.06	108.28	109.39	110.16	110.86	111.41	111.92	112.34	112.74	113.1	113.43	113.73	114.075	114.405	114.735	115.065	115.395
264.3	0	97.805	102.62	104.9	107	108.22	109.33	110.09	110.79	111.34	111.85	112.28	112.68	113.03	113.37	113.67	114.015	114.346	114.677	115.008	115.339
264.4	0	97.742	102.56	104.84	106.94	108.15	109.27	110.03	110.73	111.28	111.79	112.21	112.61	112.97	113.31	113.61	113.96	114.294	114.628	114.962	115.296
264.5	0	97.678	102.5	104.78	106.87	108.09	109.2	109.96	110.67	111.22	111.73	112.15	112.55	112.91	113.25	113.55	113.9	114.234	114.568	114.902	115.236
264.6	0	97.615	102.43	104.72	106.81	108.02	109.14	109.9	110.6	111.15	111.66	112.09	112.49	112.85	113.18	113.49	113.835	114.168	114.501	114.834	115.167
264.7	0	97.551	102.37	104.65	106.75	107.96	109.07	109.83	110.54	111.09	111.6	112.02	112.42	112.78	113.12	113.42	113.77	114.104	114.438	114.772	115.106
264.8	0	97.487	102.3	104.59	106.68	107.89	109.01	109.77	110.47	111.02	111.53	111.96	112.36	112.72	113.06	113.36	113.71	114.044	114.378	114.712	115.046
264.9	0	97.422	102.24	104.52	106.62	107.83	108.94	109.7	110.41	110.96	111.47	111.9	112.3	112.66	113	113.3	113.65	113.984	114.318	114.652	114.986
265	0	97.358	102.17	104.46	106.56	107.76	108.88	109.64	110.34	110.89	111.41	111.83	112.23	112.59	112.93	113.24	113.59	113.927	114.264	114.601	114.938
265.1	0	97.293	102.1	104.4	106.49	107.7	108.81	109.57	110.28	110.83	111.34	111.77	112.17	112.53	112.87	113.17	113.52	113.854	114.188	114.522	114.856
265.2	0	97.228	102.04	104.33	106.43	107.63	108.75	109.51	110.21	110.76	111.28	111.7	112.1	112.47	112.81	113.11	113.465	113.802	114.139	114.476	114.813
265.3	0	97.162	101.97	104.27	106.36	107.56	108.68	109.44	110.15	110.7	111.21	111.64	112.04	112.4	112.74	113.05	113.4	113.737	114.074	114.411	114.748
265.4	0	97.097	101.91	104.2	106.3	107.5	108.61	109.37	110.08	110.63	111.14	111.57	111.98	112.34	112.68	112.98	113.33	113.664	113.998	114.332	114.666
265.5	0	97.031	101.84	104.14	106.23	107.43	108.55	109.31	110.01	110.56	111.08	111.51	111.91	112.27	112.61	112.92	113.27	113.607	113.944	114.281	114.618
265.6	0	96.964	101.77	104.07	106.16	107.36	108.48	109.24	109.95	110.5	111.01	111.44	111.85	112.21	112.55	112.86	113.21	113.547	113.884	114.221	114.558
265.7	0	96.898	101.7	104	106.1	107.3	108.41	109.17	109.88	110.43	110.95	111.37	111.78	112.14	112.48	112.79	113.14	113.477	113.814	114.151	114.488
265.8	0	96.831	101.64	103.94	106.03	107.23	108.35	109.11	109.81	110.36	110.88	111.31	111.71	112.08	112.42	112.73	113.085	113.425	113.765	114.105	114.445
265.9	0	96.764	101.57	103.87	105.96	107.16	108.28	109.04	109.75	110.3	110.81	111.24	111.65	112.01	112.35	112.66	113.01	113.347	113.684	114.021	114.358
266	0	96.697	101.5	103.8	105.9	107.09	108.21	108.97	109.68	110.23	110.74	111.17	111.58	111.94	112.29	112.6	112.955	113.296	113.637	113.978	114.319
266.1	0	96.629	101.43	103.73	105.83	107.03	108.14	108.9	109.61	110.16	110.68	111.11	111.51	111.88	112.22	112.53	112.885	113.225	113.565	113.905	114.245
266.2	0	96.561	101.36	103.67	105.76	106.96	108.07	108.83	109.54	110.09	110.61	111.04	111.45	111.81	112.16	112.47	112.825	113.166	113.507	113.848	114.189
266.3	0	96.493	101.29	103.6	105.69	106.89	108.01	108.76	109.47	110.02	110.54	110.97	111.38	111.75	112.09	112.4	112.755	113.095	113.435	113.775	114.115
266.4	0	96.425	101.22	103.53	105.62	106.82	107.94	108.69	109.4	109.96	110.47	110.9	111.31	111.68	112.02	112.34	112.695	113.038	113.381	113.724	114.067
266.5	0	96.356	101.15	103.46	105.55	106.75	107.87	108.62	109.34	109.89	110.4	110.84	111.25	111.61	111.96	112.27	112.625	112.966	113.307	113.648	113.989
266.6	0	96.287	101.08	103.39	105.49	106.68	107.8	108.55	109.27	109.82	110.34	110.77	111.18	111.54	111.89	112.2	112.555	112.896	113.237	113.578	113.919
266.7	0	96.218	101.01	103.32	105.42	106.61	107.73	108.48	109.2	109.75	110.27	110.7	111.11	111.48	111.82	112.14	112.495	112.838	113.181	113.524	113.867
266.8	0	96.148	100.94	103.25	105.35	106.54	107.66	108.41	109.13	109.68	110.2	110.63	111.04	111.41	111.76	112.07	112.43	112.774	113.118	113.462	113.806
266.9	0	96.078	100.87	103.18	105.28	106.47	107.59	108.34	109.05	109.61	110.13	110.56	110.97	111.34	111.69	112	112.36	112.704	113.048	113.392	113.736
267	0	96.008	100.8	103.11	105.21	106.39	107.52	108.27	108.98	109.54	110.06	110.49	110.9	111.27	111.62	111.94	112.3	112.647	112.994	113.341	113.688
267.1	0	95.938	100.72	103.04	105.14	106.32	107.44	108.2	108.91	109.47	109.99	110.42	110.83	111.2	111.55	111.87	112.23	112.577	112.924	113.271	113.618
267.2	0	95.867	100.65	102.97	105.06	106.25	107.37	108.13	108.84	109.4	109.92	110.35	110.77	111.14	111.49	111.8	112.16	112.504	112.848	113.192	113.536
267.3	0	95.796	100.58	102.9	104.99	106.18	107.3	108.06	108.77	109.32	109.85	110.28	110.7	111.07	111.42	111.73	112.09	112.434	112.778	113.122	113.466
267.4	0	95.724	100.51	102.83	104.92	106.11	107.23	107.98	108.7	109.25	109.78	110.21	110.63	111	111.35	111.66	112.02	112.364	112.708	113.052	113.396
267.5	0	95.652	100.43	102.76	104.85	106.03	107.16	107.91	108.63	109.18	109.71	110.14	110.56	110.93	111.28	111.6	111.96	112.307	112.654	113.001	113.348
267.6	0	95.58	100.36	102.69	104.78	105.96	107.08	107.84	108.55	109.11	109.63	110.07	110.49	110.86	111.21	111.53	111.89	112.237	112.584	112.931	113.278
267.7	0	95.507	100.29	102.61	104.71	105.89	107.01	107.77	108.48	109.04	109.56	110	110.41	110.79	111.14	111.46	111.825	112.175	112.525	112.875	113.225
267.8	0	95.434	100.21	102.54	104.63	105.81	106.94	107.69	108.41	108.96	109.49	109.93	110.34	110.72	111.07	111.39	111.755	112.105	112.455	112.805	113.155
267.9	0	95.361	100.14	102.47	104.56	105.74	106.86	107.62	108.34	108.89	109.42	109.86	110.27	110.65	111	111.32	111.685	112.035	112.385	112.735	113.085
268	0	95.287	100.06	102.4	104.49	105.66	106.79	107.54	108.26	108.82	109.35	109.78	110.2	110.57	110.93	111.25	111.615	111.966	112.317	112.668	113.019
268.1	0	95.213	99.987	102.32	104.41	105.59	106.71	107.47	108.19	108.74	109.27	109.71	110.13	110.5	110.86	111.18	111.545	111.896	112.247	112.598	112.949
268.2	0	95.139	99.911	102.25	104.34	105.51	106.64	107.4	108.11	108.67	109.2	109.64	110.06	110.43	110.79	111.11	111.475	111.826	112.177	112.528	112.879
268.3	0	95.064	99.835	102.17	104.26	105.44	106.56	107.32	108.04	108.6	109.13	109.57	109.99	110.36	110.72	111.04	111.405	111.756	112.107	112.458	112.809
268.4	0	94.989	99.759	102.1	104.19	105.36	106.49	107.24	107.97	108.52	109.05	109.49	109.91	110.29	110.65	110.97	111.34	111.694	112.048	112.402	112.756
268.5	0	94.914	99.682	102.02	104.11	105.29	106.41	107.17	107.89	108.45	108.98	109.42	109.84	110.22	110.58	110.9	111.27	111.624	111.978	112.332	112.686
268.6	0	94.838	99.606	101.95	104.04	105.21	106.33	107.09	107.81	108.37	108.9	109.34	109.77	110.14	110.5	110.82	111.185	111.536	111.887	112.238	112.589
268.7	0	94.762	99.528	101.87	103.96	105.13	106.26	107.02	107.74	108.3	108.83	109.27	109.69	110.07	110.43	110.75	111.12	111.474	111.828	112.182	112.536
268.8	0	94.686	99.451	101.8	103.89	105.06	106.18	106.94	107.66	108.22	108.75	109.2	109.62	110	110.36	110.68	111.05	111.404	111.758	112.112	112.466
268.9	0	94.609	99.373	101.72	103.81	104.98	106.1	106.86	107.59	108.14	108.68	109.12	109.55	109.92	110.29	110.61	110.98	111.335	111.69	112.045	112.4
269	0	94.532	99.294	101.64	103.73	104.9	106.03	106.78	107.51	108.07	108.6	109.05	109.47	109.85	110.21	110.53	110.9	111.254	111.608	111.962	112.316
269.1	0	94.455	99.216	101.57	103.66	104.82	105.95	106.71	107.43	107.99	108.53	108.97	109.4	109.78	110.14	110.46	110.83	111.184	111.538	111.892	112.246
269.2	0	94.378	99.137	101.49	103.58	104.74	105.87	106.63	107.35	107.91	108.45	108.9	109.32	109.7	110.07	110.39	110.765	111.123	111.481	111.839	112.197
269.3	0	94.3	99.057	101.41	103.5	104.67	105.79	106.55	107.28	107.84	108.37	108.82	109.25	109.63	109.99	110.32	110.69	111.047	111.404	111.761	112.118
269.4	0	94.221	98.978	101.33	103.42	104.59	105.71	106.47	107.2	107.76	108.3	108.74	109.17	109.55	109.92	110.24	110.615	110.973	111.331	111.689	112.047
269.5	0	94.143	98.898	101.25	103.34	104.51	105.63	106.39	107.12	107.68	108.22	108.67	109.09	109.48	109.84	110.17	110.545	110.905	111.265	111.625	111.985
269.6	0	94.064	98.817	101.17	103.26	104.43	105.56	106.31	107.04	107.6	108.14	108.59	109.02	109.4	109.77	110.09	110.465	110.823	111.181	111.539	111.897
269.7	0	93.984	98.737	101.09	103.18	104.35	105.48	106.23	106.96	107.52	108.06	108.51	108.94	109.33	109.69	110.02	110.395	110.755	111.115	111.475	111.835
269.8	0	93.905	98.655	101.01	103.09	104.26	105.39	106.15	106.88	107.45	107.99	108.43	108.86	109.25	109.62	109.94	110.32	110.681	111.042	111.403	111.764
269.9	0	93.825	98.574	100.93	103.01	104.18	105.31	106.07	106.8	107.37	107.91	108.36	108.79	109.17	109.54	109.87	110.245	110.606	110.967	111.328	111.689
270	0	93.745	98.492	100.85	102.93	104.1	105.23	105.99	106.72	107.29	107.83	108.28	108.71	109.1	109.47	109.79	110.17	110.531	110.892	111.253	111.614
270.1	0	93.664	98.409	100.77	102.84	104.02	105.15	105.91	106.64	107.21	107.75	108.2	108.63	109.02	109.39	109.72	110.1	110.464	110.828	111.192	111.556
270.2	0	93.583	98.326	100.69	102.76	103.94	105.07	105.83	106.56	107.12	107.67	108.12	108.55	108.94	109.31	109.64	110.02	110.384	110.748	111.112	111.476
270.3	0	93.502	98.243	100.61	102.67	103.85	104.99	105.74	106.48	107.04	107.59	108.04	108.48	108.86	109.24	109.57	109.95	110.315	110.68	111.045	111.41
270.4	0	93.42	98.16	100.53	102.59	103.77	104.9	105.66	106.39	106.96	107.51	107.96	108.4	108.79	109.16	109.49	109.87	110.234	110.598	110.962	111.326
270.5	0	93.338	98.075	100.44	102.5	103.69	104.82	105.58	106.31	106.88	107.43	107.88	108.32	108.71	109.08	109.41	109.79	110.154	110.518	110.882	111.246
270.6	0	93.255	97.991	100.36	102.42	103.6	104.74	105.49	106.23	106.8	107.35	107.8	108.24	108.63	109	109.34	109.72	110.087	110.454	110.821	111.188
270.7	0	93.172	97.906	100.28	102.33	103.52	104.65	105.41	106.15	106.72	107.26	107.72	108.16	108.55	108.93	109.26	109.645	110.013	110.381	110.749	111.117
270.8	0	93.088	97.82	100.19	102.24	103.43	104.57	105.33	106.06	106.63	107.18	107.64	108.08	108.47	108.85	109.18	109.565	109.933	110.301	110.669	111.037
270.9	0	93.004	97.734	100.11	102.16	103.35	104.48	105.24	105.98	106.55	107.1	107.56	108	108.39	108.77	109.1	109.485	109.853	110.221	110.589	110.957
271	0	92.92	97.648	100.02	102.07	103.26	104.4	105.16	105.89	106.47	107.02	107.47	107.92	108.31	108.69	109.02	109.405	109.773	110.141	110.509	110.877
271.1	0	92.835	97.561	99.939	101.98	103.18	104.31	105.07	105.81	106.38	106.93	107.39	107.83	108.23	108.61	108.94	109.33	109.701	110.072	110.443	110.814
271.2	0	92.749	97.474	99.853	101.89	103.09	104.23	104.99	105.72	106.3	106.85	107.31	107.75	108.15	108.53	108.87	109.26	109.634	110.008	110.382	110.756
271.3	0	92.663	97.386	99.766	101.8	103	104.14	104.9	105.64	106.21	106.77	107.23	107.67	108.07	108.45	108.79	109.18	109.554	109.928	110.302	110.676
271.4	0	92.577	97.298	99.679	101.71	102.92	104.05	104.81	105.55	106.13	106.68	107.14	107.59	107.98	108.37	108.71	109.1	109.475	109.85	110.225	110.6
271.5	0	92.489	97.209	99.592	101.62	102.83	103.97	104.73	105.47	106.04	106.6	107.06	107.5	107.9	108.29	108.63	109.025	109.403	109.781	110.159	110.537
271.6	0	92.402	97.119	99.504	101.53	102.74	103.88	104.64	105.38	105.95	106.51	106.97	107.42	107.82	108.2	108.54	108.93	109.304	109.678	110.052	110.426
271.7	0	92.314	97.029	99.416	101.44	102.65	103.79	104.55	105.29	105.87	106.43	106.89	107.34	107.74	108.12	108.46	108.85	109.224	109.598	109.972	110.346
271.8	0	92.225	96.939	99.327	101.35	102.56	103.7	104.46	105.21	105.78	106.34	106.8	107.25	107.65	108.04	108.38	108.775	109.153	109.531	109.909	110.287
271.9	0	92.135	96.848	99.237	101.26	102.47	103.61	104.37	105.12	105.69	106.25	106.72	107.17	107.57	107.96	108.3	108.695	109.073	109.451	109.829	110.207
272	0	92.045	96.756	99.147	101.16	102.38	103.52	104.28	105.03	105.6	106.17	106.63	107.08	107.48	107.87	108.22	108.615	108.996	109.377	109.758	110.139
272.1	0	91.955	96.664	99.057	101.07	102.29	103.43	104.19	104.94	105.52	106.08	106.55	107	107.4	107.79	108.14	108.535	108.916	109.297	109.678	110.059
272.2	0	91.864	96.571	98.965	100.98	102.2	103.34	104.1	104.85	105.43	105.99	106.46	106.91	107.31	107.7	108.05	108.445	108.826	109.207	109.588	109.969
272.3	0	91.772	96.478	98.874	100.88	102.11	103.25	104.01	104.76	105.34	105.9	106.37	106.82	107.23	107.62	107.97	108.37	108.754	109.138	109.522	109.906
272.4	0	91.68	96.384	98.782	100.79	102.01	103.15	103.92	104.67	105.25	105.81	106.28	106.74	107.14	107.54	107.89	108.29	108.675	109.06	109.445	109.83
272.5	0	91.587	96.289	98.689	100.69	101.92	103.06	103.83	104.58	105.16	105.72	106.2	106.65	107.06	107.45	107.8	108.2	108.584	108.968	109.352	109.736
272.6	0	91.494	96.194	98.595	100.6	101.83	102.97	103.73	104.49	105.07	105.63	106.11	106.56	106.97	107.36	107.72	108.12	108.507	108.894	109.281	109.668
272.7	0	91.4	96.098	98.501	100.5	101.73	102.87	103.64	104.39	104.98	105.54	106.02	106.48	106.88	107.28	107.63	108.03	108.415	108.8	109.185	109.57
272.8	0	91.306	96.002	98.407	100.4	101.64	102.78	103.55	104.3	104.88	105.45	105.93	106.39	106.79	107.19	107.55	107.95	108.338	108.726	109.114	109.502
272.9	0	91.211	95.905	98.311	100.3	101.54	102.68	103.45	104.21	104.79	105.36	105.84	106.3	106.71	107.11	107.46	107.865	108.253	108.641	109.029	109.417
273	0	91.115	95.807	98.216	100.21	101.45	102.59	103.36	104.11	104.7	105.27	105.75	106.21	106.62	107.02	107.38	107.785	108.176	108.567	108.958	109.349
273.1	0	91.019	95.709	98.119	100.11	101.35	102.49	103.26	104.02	104.61	105.18	105.66	106.12	106.53	106.93	107.29	107.695	108.086	108.477	108.868	109.259
273.2	0	90.922	95.61	98.022	100.01	101.25	102.39	103.17	103.93	104.51	105.09	105.57	106.03	106.44	106.84	107.2	107.605	107.996	108.387	108.778	109.169
273.3	0	90.825	95.511	97.925	99.908	101.15	102.29	103.07	103.83	104.42	104.99	105.47	105.94	106.35	106.75	107.11	107.515	107.906	108.297	108.688	109.079
273.4	0	90.727	95.411	97.827	99.807	101.06	102.2	102.98	103.73	104.32	104.9	105.38	105.85	106.26	106.66	107.03	107.435	107.829	108.223	108.617	109.011
273.5	0	90.628	95.31	97.728	99.706	100.96	102.1	102.88	103.64	104.23	104.81	105.29	105.76	106.17	106.57	106.94	107.345	107.739	108.133	108.527	108.921
273.6	0	90.529	95.209	97.628	99.605	100.86	102	102.78	103.54	104.13	104.71	105.2	105.66	106.08	106.48	106.85	107.26	107.657	108.054	108.451	108.848
273.7	0	90.429	95.107	97.528	99.502	100.76	101.9	102.68	103.44	104.04	104.62	105.1	105.57	105.99	106.39	106.76	107.17	107.567	107.964	108.361	108.758
273.8	0	90.329	95.005	97.428	99.399	100.66	101.79	102.58	103.35	103.94	104.52	105.01	105.48	105.9	106.3	106.67	107.08	107.477	107.874	108.271	108.668
273.9	0	90.228	94.902	97.327	99.296	100.56	101.69	102.48	103.25	103.84	104.43	104.91	105.39	105.8	106.21	106.58	106.99	107.388	107.786	108.184	108.582
274	0	90.126	94.798	97.225	99.192	100.45	101.59	102.38	103.15	103.74	104.33	104.82	105.29	105.71	106.12	106.49	106.905	107.306	107.707	108.108	108.509
274.1	0	90.024	94.693	97.122	99.087	100.35	101.49	102.28	103.05	103.65	104.23	104.72	105.2	105.62	106.03	106.4	106.815	107.216	107.617	108.018	108.419
274.2	0	89.921	94.588	97.019	98.981	100.25	101.38	102.18	102.95	103.55	104.14	104.63	105.1	105.52	105.94	106.31	106.73	107.135	107.54	107.945	108.35
274.3	0	89.817	94.483	96.915	98.875	100.14	101.28	102.08	102.85	103.45	104.04	104.53	105.01	105.43	105.84	106.21	106.625	107.026	107.427	107.828	108.229
274.4	0	89.713	94.376	96.811	98.768	100.04	101.17	101.98	102.74	103.35	103.94	104.43	104.91	105.34	105.75	106.12	106.54	106.944	107.348	107.752	108.156
274.5	0	89.608	94.269	96.705	98.661	99.934	101.07	101.87	102.64	103.25	103.84	104.33	104.82	105.24	105.66	106.03	106.45	106.855	107.26	107.665	108.07
274.6	0	89.502	94.161	96.599	98.553	99.828	100.96	101.77	102.54	103.15	103.74	104.24	104.72	105.14	105.56	105.94	106.36	106.768	107.176	107.584	107.992
274.7	0	89.395	94.052	96.493	98.444	99.722	100.85	101.66	102.43	103.04	103.64	104.14	104.62	105.05	105.47	105.84	106.265	106.673	107.081	107.489	107.897
274.8	0	89.288	93.942	96.385	98.334	99.615	100.75	101.56	102.33	102.94	103.54	104.04	104.52	104.95	105.37	105.75	106.175	106.586	106.997	107.408	107.819
274.9	0	89.18	93.832	96.277	98.224	99.507	100.64	101.45	102.23	102.84	103.44	103.94	104.42	104.85	105.28	105.65	106.08	106.492	106.904	107.316	107.728
275	0	89.071	93.721	96.168	98.112	99.398	100.53	101.35	102.12	102.73	103.34	103.84	104.32	104.76	105.18	105.56	105.99	106.404	106.818	107.232	107.646
275.1	0	88.961	93.609	96.058	98	99.289	100.42	101.24	102.01	102.63	103.23	103.73	104.22	104.66	105.08	105.46	105.89	106.304	106.718	107.132	107.546
275.2	0	88.85	93.496	95.947	97.888	99.179	100.31	101.13	101.91	102.53	103.13	103.63	104.12	104.56	104.99	105.37	105.805	106.223	106.641	107.059	107.477
275.3	0	88.739	93.382	95.835	97.774	99.068	100.2	101.02	101.8	102.42	103.03	103.53	104.02	104.46	104.89	105.27	105.705	106.123	106.541	106.959	107.377
275.4	0	88.627	93.267	95.723	97.66	98.957	100.09	100.91	101.69	102.31	102.92	103.43	103.92	104.36	104.79	105.17	105.605	106.023	106.441	106.859	107.277
275.5	0	88.513	93.152	95.609	97.544	98.845	99.974	100.8	101.58	102.21	102.81	103.32	103.82	104.26	104.69	105.08	105.515	105.936	106.357	106.778	107.199
275.6	0	88.399	93.036	95.495	97.428	98.731	99.86	100.69	101.47	102.1	102.71	103.22	103.72	104.16	104.59	104.98	105.415	105.836	106.257	106.678	107.099
275.7	0	88.284	92.918	95.38	97.311	98.618	99.746	100.58	101.36	101.99	102.6	103.11	103.61	104.06	104.49	104.88	105.32	105.744	106.168	106.592	107.016
275.8	0	88.168	92.8	95.263	97.193	98.503	99.632	100.47	101.25	101.88	102.49	103.01	103.51	103.95	104.39	104.78	105.22	105.645	106.07	106.495	106.92
275.9	0	88.051	92.681	95.146	97.073	98.387	99.516	100.36	101.14	101.77	102.38	102.9	103.4	103.85	104.29	104.68	105.125	105.553	105.981	106.409	106.837
276	0	87.932	92.56	95.028	96.953	98.27	99.4	100.24	101.03	101.66	102.28	102.79	103.3	103.75	104.19	104.58	105.025	105.453	105.881	106.309	106.737
276.1	0	87.813	92.439	94.909	96.832	98.153	99.283	100.13	100.91	101.55	102.17	102.69	103.19	103.64	104.09	104.48	104.93	105.362	105.794	106.226	106.658
276.2	0	87.693	92.317	94.789	96.71	98.034	99.165	100.01	100.8	101.44	102.05	102.58	103.08	103.54	103.98	104.38	104.83	105.264	105.698	106.132	106.566
276.3	0	87.571	92.193	94.668	96.587	97.915	99.046	99.895	100.69	101.33	101.94	102.47	102.98	103.43	103.88	104.28	104.73	105.165	105.6	106.035	106.47
276.4	0	87.449	92.069	94.546	96.462	97.794	98.926	99.778	100.57	101.21	101.83	102.36	102.87	103.33	103.78	104.17	104.625	105.06	105.495	105.93	106.365
276.5	0	87.325	91.943	94.423	96.337	97.673	98.805	99.66	100.45	101.1	101.72	102.25	102.76	103.22	103.67	104.07	104.525	104.963	105.401	105.839	106.277
276.6	0	87.2	91.816	94.299	96.211	97.55	98.684	99.541	100.34	100.98	101.61	102.14	102.65	103.11	103.57	103.97	104.43	104.872	105.314	105.756	106.198
276.7	0	87.074	91.688	94.173	96.084	97.427	98.561	99.422	100.22	100.87	101.49	102.03	102.54	103	103.46	103.86	104.32	104.762	105.204	105.646	106.088
276.8	0	86.946	91.559	94.047	95.956	97.302	98.437	99.301	100.1	100.75	101.38	101.91	102.43	102.9	103.35	103.76	104.22	104.664	105.108	105.552	105.996
276.9	0	86.818	91.428	93.919	95.826	97.177	98.313	99.18	99.978	100.63	101.26	101.8	102.32	102.79	103.24	103.65	104.11	104.554	104.998	105.442	105.886
277	0	86.688	91.297	93.791	95.696	97.05	98.187	99.057	99.858	100.52	101.14	101.69	102.21	102.68	103.14	103.54	104.005	104.45	104.895	105.34	105.785
277.1	0	86.557	91.164	93.661	95.565	96.922	98.061	98.934	99.736	100.4	101.03	101.57	102.09	102.56	103.03	103.44	103.91	104.362	104.814	105.266	105.718
277.2	0	86.424	91.029	93.53	95.432	96.794	97.933	98.809	99.613	100.28	100.91	101.46	101.98	102.45	102.92	103.33	103.8	104.252	104.704	105.156	105.608
277.3	0	86.29	90.894	93.398	95.298	96.664	97.804	98.684	99.489	100.16	100.79	101.34	101.87	102.34	102.81	103.22	103.69	104.142	104.594	105.046	105.498
277.4	0	86.155	90.757	93.265	95.163	96.533	97.674	98.557	99.365	100.03	100.67	101.22	101.75	102.23	102.69	103.11	103.58	104.034	104.488	104.942	105.396
277.5	0	86.019	90.619	93.13	95.027	96.401	97.543	98.43	99.239	99.912	100.55	101.1	101.64	102.11	102.58	103	103.41	103.877	104.32	104.763	105.206
277.6	0	85.881	90.479	92.994	94.89	96.268	97.411	98.302	99.113	99.788	100.43	100.99	101.52	102	102.47	102.89	103.3	103.771	104.216	104.661	105.106
277.7	0	85.741	90.338	92.857	94.752	96.134	97.278	98.172	98.985	99.664	100.31	100.87	101.4	101.89	102.36	102.78	103.2	103.673	104.122	104.571	105.02
277.8	0	85.6	90.196	92.719	94.612	95.998	97.144	98.041	98.857	99.539	100.19	100.75	101.28	101.77	102.24	102.67	103.09	103.566	104.018	104.47	104.922
277.9	0	85.458	90.052	92.58	94.472	95.862	97.009	97.91	98.727	99.412	100.06	100.62	101.16	101.65	102.13	102.56	102.97	103.453	103.906	104.359	104.812
278	0	85.314	89.907	92.439	94.329	95.724	96.872	97.777	98.597	99.285	99.936	100.5	101.04	101.54	102.01	102.44	102.86	103.34	103.794	104.248	104.702
278.1	0	85.169	89.76	92.296	94.186	95.585	96.734	97.643	98.465	99.157	99.811	100.38	100.92	101.42	101.9	102.33	102.75	103.235	103.692	104.149	104.606
278.2	0	85.022	89.611	92.152	94.042	95.445	96.596	97.508	98.332	99.028	99.684	100.25	100.8	101.3	101.78	102.21	102.64	103.123	103.582	104.041	104.5
278.3	0	84.874	89.462	92.007	93.896	95.303	96.455	97.372	98.198	98.897	99.556	100.13	100.68	101.18	101.66	102.1	102.52	103.008	103.468	103.928	104.388
278.4	0	84.724	89.31	91.86	93.749	95.16	96.314	97.234	98.064	98.766	99.428	100	100.56	101.06	101.54	101.98	102.41	102.896	103.358	103.82	104.282
278.5	0	84.572	89.157	91.712	93.6	95.016	96.171	97.096	97.928	98.633	99.298	99.878	100.43	100.94	101.42	101.87	102.3	102.793	103.26	103.727	104.194
278.6	0	84.419	89.002	91.562	93.45	94.871	96.027	96.956	97.79	98.5	99.167	99.75	100.31	100.81	101.3	101.75	102.18	102.674	103.142	103.61	104.078
278.7	0	84.264	88.846	91.411	93.298	94.724	95.882	96.815	97.652	98.365	99.036	99.622	100.18	100.69	101.18	101.63	102.06	102.558	103.028	103.498	103.968
278.8	0	84.107	88.687	91.257	93.145	94.576	95.736	96.672	97.512	98.23	98.903	99.492	100.05	100.56	101.06	101.51	101.95	102.451	102.926	103.401	103.876
278.9	0	83.948	88.527	91.102	92.99	94.427	95.588	96.529	97.372	98.093	98.769	99.361	99.925	100.44	100.94	101.39	101.83	102.333	102.809	103.285	103.761
279	0	83.788	88.365	90.945	92.833	94.275	95.439	96.384	97.23	97.955	98.634	99.23	99.796	100.31	100.82	101.27	101.71	102.2176	102.6964	103.1752	103.654
279.1	0	83.625	88.202	90.786	92.675	94.123	95.288	96.238	97.086	97.816	98.499	99.097	99.666	100.19	100.69	101.15	101.59	102.0996	102.5804	103.0612	103.542
279.2	0	83.46	88.036	90.626	92.515	93.969	95.136	96.09	96.942	97.675	98.361	98.963	99.535	100.06	100.57	101.02	101.47	101.98	102.463	102.946	103.429
279.3	0	83.294	87.868	90.463	92.353	93.813	94.982	95.941	96.796	97.534	98.223	98.829	99.403	99.929	100.44	100.9	101.35	101.8639	102.3504	102.8369	103.3234
279.4	0	83.125	87.698	90.298	92.189	93.655	94.827	95.79	96.649	97.391	98.084	98.693	99.27	99.799	100.31	100.78	101.23	101.7481	102.2382	102.7283	103.2184
279.5	0	82.954	87.526	90.132	92.023	93.496	94.67	95.639	96.501	97.246	97.943	98.556	99.136	99.668	100.18	100.65	101.1	101.6198	102.1108	102.6018	103.0928
279.6	0	82.781	87.351	89.963	91.855	93.335	94.512	95.485	96.351	97.101	97.801	98.417	99.001	99.536	100.05	100.52	100.98	101.5	101.9942	102.4884	102.9826
279.7	0	82.605	87.174	89.792	91.686	93.172	94.352	95.33	96.199	96.954	97.658	98.278	98.864	99.403	99.924	100.4	100.86	101.3869	101.8858	102.3847	102.8836
279.8	0	82.427	86.995	89.619	91.514	93.007	94.191	95.174	96.047	96.806	97.513	98.137	98.727	99.269	99.792	100.27	100.73	101.2597	101.7604	102.2611	102.7618
279.9	0	82.246	86.813	89.443	91.34	92.84	94.028	95.016	95.892	96.656	97.367	97.995	98.588	99.133	99.66	100.14	100.6	101.1335	101.6366	102.1397	102.6428
280	0	82.063	86.629	89.265	91.163	92.671	93.862	94.857	95.737	96.505	97.22	97.852	98.448	98.997	99.526	100.01	100.48	101.0153	101.523	102.0307	102.5384
280.1	0	81.877	86.442	89.085	90.985	92.5	93.696	94.695	95.579	96.353	97.071	97.708	98.307	98.859	99.392	99.879	100.35	100.8892	101.3998	101.9104	102.421
280.2	0	81.687	86.253	88.902	90.804	92.327	93.527	94.532	95.42	96.198	96.921	97.562	98.165	98.721	99.256	99.746	100.22	100.7621	101.2756	101.7891	102.3026
280.3	0	81.495	86.061	88.717	90.621	92.152	93.356	94.368	95.26	96.043	96.77	97.415	98.021	98.581	99.119	99.613	100.09	100.6358	101.1528	101.6698	102.1868
280.4	0	81.299	85.865	88.529	90.436	91.975	93.183	94.201	95.098	95.886	96.617	97.266	97.877	98.44	98.982	99.479	99.957	100.5067	101.0266	101.5465	102.0664
280.5	0	81.099	85.667	88.339	90.248	91.795	93.008	94.033	94.934	95.727	96.462	97.117	97.731	98.298	98.843	99.343	99.825	100.3779	100.9012	101.4245	101.9478
280.6	0	80.895	85.466	88.145	90.057	91.613	92.831	93.862	94.768	95.566	96.306	96.965	97.583	98.154	98.703	99.207	99.692	100.2491	100.7762	101.3033	101.8304
280.7	0	80.687	85.261	87.949	89.864	91.429	92.652	93.69	94.6	95.404	96.149	96.813	97.434	98.009	98.562	99.069	99.558	100.1188	100.6496	101.1804	101.7112
280.8	0	80.474	85.053	87.749	89.668	91.242	92.471	93.516	94.431	95.241	95.989	96.658	97.284	97.863	98.419	98.931	99.422	99.987	100.5214	101.0558	101.5902
280.9	0	80.257	84.84	87.547	89.469	91.053	92.287	93.34	94.26	95.075	95.829	96.502	97.133	97.716	98.276	98.791	99.286	99.8547	100.3928	100.9309	101.469
281	0	80.034	84.624	87.341	89.267	90.861	92.101	93.161	94.087	94.908	95.666	96.345	96.98	97.567	98.131	98.65	99.148	99.7209	100.2628	100.8047	101.3466
281.1	0	79.804	84.403	87.132	89.063	90.666	91.913	92.981	93.911	94.739	95.502	96.186	96.825	97.417	97.985	98.508	99.01	99.5873	100.1334	100.6795	101.2256
281.2	0	79.569	84.178	86.918	88.855	90.468	91.721	92.798	93.734	94.568	95.336	96.026	96.669	97.266	97.837	98.364	98.87	99.4512	100.0012	100.5512	101.1012
281.3	0	79.326	83.947	86.701	88.644	90.268	91.528	92.612	93.555	94.395	95.169	95.864	96.512	97.113	97.689	98.22	98.729	99.3149	99.869	100.4231	100.9772
281.4	0	79.075	83.71	86.48	88.429	90.064	91.331	92.425	93.374	94.221	94.999	95.7	96.353	96.959	97.539	98.074	98.587	99.1773	99.7356	100.2939	100.8522
281.5	0	78.816	83.467	86.254	88.21	89.858	91.132	92.235	93.19	94.044	94.828	95.535	96.193	96.803	97.387	97.927	98.444	99.0386	99.6012	100.1638	100.7264
281.6	0	78.547	83.218	86.023	87.988	89.648	90.93	92.042	93.005	93.865	94.655	95.368	96.031	96.646	97.234	97.778	98.299	98.898	99.4648	100.0316	100.5984
281.7	0	78.267	82.96	85.786	87.761	89.434	90.725	91.847	92.817	93.685	94.48	95.199	95.867	96.487	97.08	97.628	98.153	98.7569	99.3282	99.8995	100.4708
281.8	0	77.976	82.695	85.544	87.53	89.217	90.517	91.649	92.627	93.502	94.303	95.028	95.702	96.327	96.924	97.476	98.006	98.6141	99.1898	99.7655	100.3412
281.9	0	77.672	82.421	85.295	87.295	88.997	90.305	91.448	92.434	93.317	94.124	94.856	95.535	96.165	96.767	97.324	97.857	98.4705	99.0508	99.6311	100.2114
282	0	77.322	82.136	85.04	87.054	88.772	90.09	91.244	92.238	93.129	93.943	94.681	95.366	96.002	96.608	97.169	97.707	98.3251	98.91	99.4949	100.0798
282.1	0	76.937	81.841	84.777	86.807	88.542	89.872	91.037	92.041	92.94	93.76	94.505	95.195	95.837	96.448	97.014	97.555	98.1789	98.7686	99.3583	99.948
282.2	0	76.534	81.534	84.506	86.555	88.309	89.649	90.827	91.84	92.748	93.575	94.326	95.023	95.67	96.286	96.856	97.402	98.0306	98.625	99.2194	99.8138
282.3	0	76.109	81.214	84.225	86.295	88.07	89.423	90.614	91.636	92.553	93.387	94.146	94.848	95.501	96.122	96.698	97.247	97.8817	98.4812	99.0807	99.6802
282.4	0	75.661	80.88	83.935	86.029	87.826	89.193	90.397	91.43	92.356	93.197	93.963	94.672	95.331	95.957	96.537	97.091	97.7308	98.3352	98.9396	99.544
282.5	0	75.188	80.529	83.634	85.755	87.577	88.958	90.176	91.22	92.156	93.005	93.778	94.494	95.158	95.79	96.376	96.934	97.5798	98.1896	98.7994	99.4092
282.6	0	74.686	80.162	83.321	85.472	87.321	88.719	89.952	91.007	91.953	92.81	93.591	94.313	94.984	95.621	96.212	96.775	97.4266	98.0418	98.657	99.2722
282.7	0	74.155	79.775	82.994	85.181	87.059	88.474	89.723	90.791	91.748	92.612	93.402	94.131	94.808	95.45	96.047	96.615	97.2723	97.893	98.5137	99.1344
282.8	0	73.59	79.367	82.654	84.878	86.789	88.225	89.491	90.571	91.539	92.412	93.209	93.946	94.629	95.278	95.88	96.452	97.1159	97.7422	98.3685	98.9948
282.9	0	72.989	78.936	82.297	84.565	86.512	87.97	89.253	90.348	91.328	92.209	93.015	93.759	94.449	95.103	95.711	96.289	96.9588	97.591	98.2232	98.8554
283	0	72.349	78.481	81.923	84.24	86.226	87.708	89.012	90.12	91.112	92.003	92.818	93.569	94.267	94.927	95.54	96.123	96.7995	97.4376	98.0757	98.7138
283.1	0	71.668	77.998	81.531	83.901	85.93	87.44	88.765	89.888	90.894	91.794	92.618	93.377	94.082	94.748	95.368	95.956	96.6394	97.2838	97.9282	98.5726
283.2	0	70.942	77.48	81.117	83.548	85.625	87.164	88.512	89.652	90.672	91.582	92.416	93.183	93.895	94.568	95.193	95.787	96.477	97.1276	97.7782	98.4288
283.3	0	70.168	76.9	80.682	83.179	85.308	86.881	88.254	89.411	90.446	91.366	92.21	92.986	93.706	94.385	95.017	95.616	96.3133	96.9704	97.6275	98.2846
283.4	0	69.343	76.282	80.221	82.792	84.979	86.588	87.989	89.165	90.215	91.147	92.002	92.787	93.515	94.2	94.839	95.444	96.1484	96.8122	97.476	98.1398
283.5	0	68.464	75.623	79.734	82.387	84.637	86.287	87.718	88.914	89.981	90.925	91.79	92.584	93.321	94.014	94.658	95.269	95.9813	96.652	97.3227	97.9934
283.6	0	67.529	74.922	79.218	81.96	84.28	85.975	87.439	88.657	89.742	90.699	91.576	92.379	93.124	93.825	94.476	95.093	95.8134	96.4914	97.1694	97.8474
283.7	0	66.536	74.174	78.672	81.511	83.908	85.652	87.152	88.394	89.498	90.469	91.358	92.171	92.926	93.633	94.292	94.914	95.6428	96.328	97.0132	97.6984
283.8	0	65.481	73.376	78.091	81.037	83.518	85.317	86.857	88.124	89.249	90.235	91.136	91.96	92.724	93.439	94.105	94.734	95.4711	96.164	96.8569	97.5498
283.9	0	64.362	72.527	77.47	80.537	83.109	84.968	86.552	87.848	88.995	89.996	90.911	91.746	92.519	93.243	93.916	94.552	95.2979	95.9988	96.6997	97.4006
284	0	63.179	71.622	76.781	80.008	82.679	84.605	86.236	87.563	88.734	89.753	90.682	91.528	92.312	93.045	93.725	94.367	95.1227	95.8318	96.5409	97.25
284.1	0	61.929	70.66	76.047	79.448	82.228	84.226	85.91	87.271	88.468	89.505	90.449	91.307	92.102	92.843	93.532	94.181	94.9464	95.6642	96.382	97.0998
284.2	0	60.613	69.638	75.266	78.855	81.752	83.83	85.571	86.969	88.195	89.252	90.212	91.082	91.888	92.639	93.336	93.992	94.7678	95.4946	96.2214	96.9482
284.3	0	59.23	68.553	74.435	78.227	81.25	83.415	85.219	86.658	87.914	88.993	89.97	90.854	91.672	92.432	93.138	93.801	94.5874	95.3234	96.0594	96.7954
284.4	0	57.78	67.404	73.551	77.561	80.719	82.98	84.853	86.336	87.626	88.728	89.724	90.622	91.451	92.222	92.937	93.607	94.4046	95.1502	95.8958	96.6414
284.5	0	56.266	66.19	72.613	76.842	80.159	82.522	84.471	86.002	87.33	88.457	89.472	90.385	91.228	92.01	92.733	93.411	94.2205	94.9762	95.7319	96.4876
284.6	0	54.691	64.909	71.617	76.078	79.567	82.041	84.071	85.656	87.024	88.18	89.216	90.144	91	91.794	92.527	93.213	94.0351	94.8016	95.5681	96.3346
284.7	0	53.057	63.561	70.562	75.266	78.94	81.534	83.654	85.297	86.708	87.894	88.953	89.899	90.769	91.574	92.318	93.012	93.8469	94.6244	95.4019	96.1794
284.8	0	51.297	62.146	69.446	74.405	78.277	80.999	83.216	84.922	86.381	87.601	88.685	89.649	90.534	91.352	92.106	92.809	93.6576	94.4468	95.236	96.0252
284.9	0	49.224	60.666	68.268	73.492	77.575	80.434	82.756	84.532	86.043	87.299	88.41	89.393	90.295	91.125	91.891	92.602	93.4654	94.2668	95.0682	95.8696
285	0	47.149	59.123	67.027	72.526	76.804	79.838	82.273	84.124	85.692	86.988	88.129	89.132	90.051	90.895	91.672	92.393	93.2715	94.0858	94.9001	95.7144
285.1	0	45.083	57.519	65.723	71.503	75.988	79.208	81.765	83.698	85.327	86.667	87.839	88.866	89.802	90.661	91.45	92.181	93.0754	93.9032	94.731	95.5588
285.2	0	43.034	55.859	64.356	70.424	75.124	78.542	81.229	83.251	84.947	86.335	87.542	88.593	89.548	90.422	91.225	91.966	92.8777	93.72	94.5623	95.4046
285.3	0	41.011	54.148	62.928	69.287	74.209	77.838	80.665	82.783	84.551	85.99	87.236	88.313	89.289	90.18	90.996	91.748	92.6783	93.536	94.3937	95.2514
285.4	0	39.025	52.393	61.44	68.091	73.243	77.085	80.07	82.292	84.138	85.633	86.92	88.027	89.025	89.932	90.763	91.526	92.4754	93.349	94.2226	95.0962
285.5	0	37.083	50.533	59.895	66.837	72.225	76.282	79.442	81.775	83.706	85.262	86.594	87.732	88.754	89.68	90.525	91.301	92.2711	93.162	94.0529	94.9438
285.6	0	35.193	48.616	58.296	65.525	71.151	75.434	78.78	81.232	83.254	84.877	86.257	87.429	88.477	89.422	90.284	91.072	92.0647	92.974	93.8833	94.7926
285.7	0	33.364	46.698	56.65	64.156	70.023	74.538	78.082	80.66	82.78	84.474	85.908	87.117	88.193	89.159	90.038	90.839	91.8559	92.7848	93.7137	94.6426
285.8	0	31.602	44.787	54.961	62.732	68.84	73.593	77.338	80.058	82.284	84.055	85.546	86.795	87.901	88.89	89.787	90.603	91.6458	92.596	93.5462	94.4964
285.9	0	29.913	42.893	53.237	61.257	67.601	72.598	76.537	79.424	81.763	83.616	85.17	86.463	87.602	88.615	89.531	90.362	91.4327	92.4054	93.3781	94.3508
286	0	28.302	41.028	51.475	59.733	66.308	71.551	75.691	78.756	81.215	83.158	84.779	86.12	87.294	88.332	89.27	90.116	91.2168	92.2136	93.2104	94.2072
286.1	0	26.773	39.201	49.637	58.166	64.962	70.453	74.799	78.053	80.64	82.678	84.372	85.764	86.976	88.043	89.002	89.866	90.9992	92.0222	93.0452	94.0682
286.2	0	25.252	37.421	47.8	56.56	63.565	69.304	73.861	77.307	80.035	82.175	83.948	85.395	86.649	87.746	88.729	89.611	90.7796	91.8308	92.882	93.9332
286.3	0	23.721	35.697	45.976	54.923	62.121	68.102	72.874	76.513	79.398	81.647	83.505	85.011	86.311	87.441	88.45	89.351	90.5585	91.6404	92.7223	93.8042
286.4	0	22.32	34.037	44.174	53.26	60.632	66.851	71.839	75.676	78.729	81.094	83.041	84.613	85.961	87.127	88.163	89.086	90.3344	91.4492	92.564	93.6788
286.5	0	21.038	32.446	42.404	51.574	59.104	65.551	70.755	74.796	78.026	80.512	82.557	84.198	85.599	86.803	87.869	88.814	90.1072	91.2574	92.4076	93.5578
286.6	0	19.868	30.93	40.676	49.823	57.541	64.204	69.621	73.872	77.28	79.902	82.049	83.765	85.223	86.469	87.567	88.536	89.8778	91.0664	92.255	93.4436
286.7	0	18.8	29.493	38.998	48.083	55.95	62.814	68.439	72.903	76.484	79.261	81.518	83.314	84.833	86.124	87.257	88.252	89.646	90.876	92.106	93.336
286.8	0	17.828	28.137	37.378	46.361	54.338	61.385	67.21	71.888	75.649	78.588	80.961	82.843	84.428	85.768	86.937	87.96	89.4101	90.6844	91.9587	93.233
286.9	0	16.942	26.864	35.821	44.667	52.71	59.92	65.936	70.827	74.771	77.882	80.377	82.35	84.006	85.398	86.608	87.66	89.171	90.4932	91.8154	93.1376
287	0	16.138	25.673	34.334	43.01	51.07	58.424	64.62	69.722	73.852	77.133	79.765	81.835	83.567	85.016	86.268	87.352	88.9281	90.3016	91.6751	93.0486
287.1	0	15.407	24.562	32.92	41.396	49.428	56.904	63.263	68.572	72.89	76.341	79.123	81.295	83.108	84.618	85.917	87.036	88.6821	90.1112	91.5403	92.9694
287.2	0	14.745	23.537	31.581	39.835	47.803	55.366	61.87	67.379	71.885	75.511	78.45	80.731	82.63	84.206	85.554	86.71	88.4308	89.919	91.4072	92.8954
287.3	0	14.145	22.593	30.32	38.331	46.203	53.816	60.446	66.145	70.837	74.641	77.745	80.139	82.131	83.776	85.179	86.374	88.1752	89.727	91.2788	92.8306
287.4	0	13.602	21.726	29.136	36.89	44.635	52.261	58.994	64.872	69.748	73.732	76.995	79.52	81.609	83.329	84.79	86.027	87.9135	89.533	91.1525	92.772
287.5	0	13.11	20.931	28.03	35.515	43.108	50.687	57.521	63.563	68.617	72.782	76.204	78.872	81.063	82.863	84.386	85.669	87.6457	89.3374	91.0291	92.7208
287.6	0	12.665	20.204	27	34.21	41.626	49.118	56.032	62.223	67.448	71.792	75.376	78.194	80.493	82.377	83.966	85.298	87.3699	89.138	90.9061	92.6742
287.7	0	12.263	19.541	26.044	32.977	40.196	47.574	54.534	60.854	66.24	70.763	74.511	77.483	79.896	81.87	83.53	84.915	87.0882	88.938	90.7878	92.6376
287.8	0	11.9	18.935	25.168	31.815	38.821	46.061	53.033	59.461	64.998	69.695	73.608	76.729	79.272	81.34	83.077	84.517	86.8013	88.7394	90.6775	92.6156
287.9	0	11.571	18.383	24.361	30.726	37.506	44.586	51.534	58.049	63.723	68.59	72.666	75.941	78.62	80.787	82.604	84.105	86.505	88.5362	90.5674	92.5986
288	0	11.273	17.879	23.618	29.707	36.254	43.155	50.042	56.624	62.42	67.449	71.687	75.117	77.938	80.209	82.112	83.677	86.1988	88.3282	90.4576	92.587
288.1	0	11.003	17.421	22.936	28.758	35.066	41.771	48.575	55.191	61.091	66.274	70.67	74.259	77.221	79.605	81.598	83.231	85.8791	88.1112	90.3433	92.5754
288.2	0	10.757	17.003	22.309	27.876	33.944	40.441	47.137	53.757	59.742	65.067	69.617	73.365	76.464	78.974	81.062	82.768	85.5478	87.8882	90.2286	92.569
288.3	0	10.534	16.623	21.734	27.059	32.887	39.166	45.735	52.327	58.377	63.833	68.529	72.435	75.675	78.316	80.503	82.286	85.202	87.655	90.108	92.561
288.4	0	10.331	16.275	21.207	26.303	31.895	37.95	44.374	50.898	57	62.573	67.408	71.47	74.853	77.629	79.92	81.784	84.8397	87.4092	89.9787	92.5482
288.5	0	10.145	15.958	20.724	25.608	30.967	36.793	43.057	49.483	55.618	61.292	66.256	70.471	73.997	76.903	79.311	81.261	84.4568	87.1462	89.8356	92.525
288.6	0	9.9749	15.667	20.281	24.972	30.1	35.698	41.789	48.097	54.236	59.993	65.075	69.439	73.107	76.146	78.677	80.717	84.055	86.8676	89.6802	92.4928
288.7	0	9.818	15.4	19.875	24.385	29.293	34.664	40.573	46.746	52.86	58.682	63.869	68.375	72.184	75.357	78.015	80.149	83.6297	86.5676	89.5055	92.4434
288.8	0	9.673	15.154	19.501	23.845	28.543	33.691	39.41	45.434	51.496	57.362	62.64	67.281	71.229	74.537	77.322	79.557	83.1787	86.2432	89.3077	92.3722
288.9	0	9.5384	14.927	19.157	23.346	27.847	32.778	38.303	44.164	50.149	56.038	61.393	66.159	70.241	73.685	76.592	78.941	82.6981	85.8896	89.0811	92.2726
289	0	9.4128	14.717	18.839	22.885	27.202	31.923	37.252	42.941	48.829	54.717	60.131	65.012	69.223	72.802	75.832	78.3	82.1893	85.5078	88.8263	92.1448
289.1	0	9.2952	14.521	18.546	22.46	26.605	31.124	36.257	41.767	47.543	53.404	58.858	63.842	68.175	71.888	75.043	77.632	81.6504	85.0952	88.54	91.9848
289.2	0	9.1846	14.338	18.273	22.066	26.053	30.379	35.318	40.644	46.293	52.102	57.579	62.653	67.101	70.944	74.224	76.93	81.0735	84.6412	88.2089	91.7766
289.3	0	9.08	14.167	18.02	21.702	25.543	29.686	34.433	39.573	45.083	50.811	56.299	61.449	66.001	69.971	73.375	76.2	80.462	84.1496	87.8372	91.5248
289.4	0	8.9808	14.005	17.783	21.363	25.072	29.041	33.603	38.556	43.916	49.543	55.023	60.232	64.879	68.97	72.497	75.442	79.8154	83.6192	87.423	91.2268
289.5	0	8.8861	13.852	17.562	21.049	24.635	28.441	32.824	37.591	42.795	48.306	53.755	59.007	63.738	67.943	71.591	74.656	77.261	80.6175	83.7194	86.8213
289.6	0	8.7955	13.707	17.353	20.755	24.229	27.884	32.096	36.679	41.721	47.104	52.501	57.778	62.581	66.892	70.657	73.842	76.556	80.031	83.2487	86.4664
289.7	0	8.7085	13.568	17.157	20.48	23.85	27.366	31.415	35.818	40.696	45.94	51.265	56.55	61.411	65.819	69.696	73	75.825	79.4155	82.7477	86.0799
289.8	0	8.6247	13.435	16.97	20.223	23.498	26.885	30.779	35.008	39.72	44.817	50.055	55.327	60.232	64.727	68.71	72.131	75.068	78.77	82.2144	85.6588
289.9	0	8.5436	13.307	16.792	19.98	23.168	26.437	30.185	34.247	38.794	43.736	48.876	54.113	59.047	63.618	67.7	71.236	74.284	78.093	81.6464	85.1998
290	0	8.465	13.184	16.623	19.751	22.859	26.02	29.631	33.532	37.916	42.701	47.729	52.913	57.861	62.496	66.67	70.316	73.474	77.384	81.042	84.7
290.1	0	8.3887	13.065	16.46	19.534	22.569	25.634	29.115	32.863	37.087	41.711	46.619	51.73	56.678	61.365	65.62	69.371	72.638	76.641	80.398	84.155
290.2	0	8.3144	12.95	16.304	19.327	22.296	25.275	28.633	32.236	36.304	40.767	45.547	50.566	55.501	60.227	64.553	68.404	71.776	75.8645	79.7143	83.5641
290.3	0	8.242	12.837	16.153	19.13	22.037	24.938	28.182	31.649	35.567	39.87	44.516	49.43	54.334	59.086	63.472	67.416	70.889	75.054	78.9893	82.9246
290.4	0	8.1714	12.728	16.008	18.941	21.793	24.621	27.761	31.099	34.873	39.019	43.526	48.326	53.182	57.946	62.381	66.41	69.98	74.212	78.2251	82.2382
290.5	0	8.1023	12.622	15.867	18.76	21.56	24.322	27.366	30.584	34.221	38.213	42.579	47.258	52.048	56.81	61.281	65.387	69.048	73.3365	77.4185	81.5005
290.6	0	8.0349	12.517	15.73	18.585	21.338	24.039	26.995	30.102	33.609	37.451	41.676	46.226	50.937	55.683	60.177	64.35	68.096	72.4295	76.5707	80.7119
290.7	0	7.9688	12.416	15.596	18.417	21.125	23.772	26.647	29.65	33.034	36.732	40.815	45.233	49.854	54.567	59.072	63.301	67.126	71.493	75.6836	79.8742
290.8	0	7.9042	12.316	15.467	18.254	20.921	23.517	26.319	29.226	32.493	36.054	39.997	44.28	48.801	53.465	57.969	62.244	66.139	70.5285	74.7582	78.9879
290.9	0	7.8409	12.219	15.34	18.096	20.725	23.274	26.009	28.828	31.986	35.415	39.222	43.367	47.782	52.382	56.872	61.181	65.138	69.5375	73.7952	78.0529
291	0	7.779	12.123	15.216	17.942	20.537	23.042	25.716	28.452	31.509	34.813	38.487	42.496	46.796	51.319	55.785	60.115	64.125	68.523	72.7978	77.0726
291.1	0	7.7183	12.03	15.095	17.793	20.354	22.82	25.437	28.098	31.06	34.246	37.792	41.665	45.847	50.28	54.71	59.05	63.103	67.488	71.7689	76.0498
291.2	0	7.6589	11.938	14.976	17.647	20.177	22.606	25.172	27.764	30.638	33.713	37.135	40.874	44.936	49.27	53.651	57.989	62.074	66.4335	70.7085	74.9835
291.3	0	7.6007	11.848	14.86	17.505	20.006	22.4	24.918	27.447	30.239	33.21	36.514	40.123	44.062	48.292	52.61	56.936	61.042	65.364	69.6216	73.8792
291.4	0	7.5437	11.76	14.746	17.366	19.839	22.202	24.675	27.146	29.863	32.736	35.928	39.41	43.226	47.346	51.591	55.893	60.009	64.2825	68.5116	72.7407
291.5	0	7.4879	11.673	14.635	17.23	19.677	22.009	24.442	26.86	29.506	32.289	35.375	38.734	42.428	46.434	50.6	54.863	58.979	63.1935	67.3833	71.5731
291.6	0	7.4333	11.588	14.525	17.097	19.518	21.823	24.218	26.586	29.169	31.867	34.852	38.095	41.668	45.557	49.636	53.849	57.954	62.1	66.2404	70.3808
291.7	0	7.3797	11.505	14.418	16.966	19.364	21.642	24.002	26.325	28.848	31.468	34.359	37.489	40.945	44.716	48.702	52.855	56.938	61.0075	65.0894	69.1713
291.8	0	7.3273	11.423	14.312	16.838	19.212	21.466	23.792	26.074	28.542	31.089	33.892	36.916	40.257	43.911	47.799	51.881	55.932	59.917	63.9315	67.946
291.9	0	7.2759	11.343	14.209	16.713	19.065	21.294	23.59	25.833	28.251	30.731	33.45	36.373	39.604	43.142	46.929	50.931	54.941	58.8355	62.7754	66.7153
292	0	7.2256	11.264	14.107	16.59	18.92	21.126	23.393	25.603	27.972	30.39	33.032	35.86	38.984	42.407	46.091	50.007	53.966	57.766	61.6253	65.4846
292.1	0	7.1764	11.187	14.008	16.469	18.778	20.963	23.202	25.38	27.704	30.065	32.636	35.374	38.396	41.707	45.286	49.112	53.01	56.7125	60.486	64.2595
292.2	0	7.1281	11.111	13.91	16.351	18.639	20.803	23.016	25.164	27.447	29.755	32.259	34.914	37.839	41.041	44.515	48.246	52.076	55.6785	59.3621	63.0457
292.3	0	7.0809	11.037	13.814	16.234	18.502	20.646	22.834	24.954	27.199	29.459	31.901	34.478	37.311	40.407	43.777	47.411	51.167	54.669	58.2604	61.8518
292.4	0	7.0346	10.964	13.72	16.12	18.368	20.492	22.657	24.751	26.96	29.176	31.56	34.064	36.809	39.805	43.072	46.607	50.285	53.686	57.1835	60.681
292.5	0	6.9893	10.893	13.627	16.008	18.236	20.342	22.484	24.553	26.729	28.903	31.235	33.67	36.334	39.232	42.399	45.835	49.431	52.7325	56.1358	59.5391
292.6	0	6.945	10.823	13.536	15.898	18.107	20.194	22.315	24.361	26.505	28.641	30.923	33.295	35.882	38.688	41.757	45.093	48.604	51.8065	55.1149	58.4233
292.7	0	6.9015	10.754	13.447	15.79	17.98	20.05	22.149	24.173	26.288	28.388	30.625	32.938	35.453	38.172	41.145	44.383	47.807	51.44	54.771	58.2019
292.8	0	6.859	10.686	13.36	15.684	17.856	19.907	21.986	23.989	26.077	28.144	30.339	32.597	35.045	37.681	40.562	43.703	47.039	50.593	53.8315	57.1744
292.9	0	6.8173	10.62	13.274	15.579	17.733	19.768	21.827	23.81	25.872	27.907	30.064	32.271	34.656	37.214	40.007	43.052	46.3	49.772	52.9185	56.1728
293	0	6.7764	10.555	13.189	15.477	17.613	19.631	21.671	23.634	25.671	27.678	29.799	31.958	34.285	36.77	39.478	42.431	45.59	48.978	52.034	55.1999
293.1	0	6.7364	10.491	13.106	15.376	17.495	19.496	21.518	23.463	25.476	27.456	29.542	31.659	33.931	36.347	38.975	41.837	44.909	48.212	51.179	54.2573
293.2	0	6.6972	10.428	13.025	15.277	17.379	19.364	21.367	23.294	25.285	27.239	29.295	31.37	33.592	35.944	38.496	41.271	44.256	47.472	50.352	53.3433
293.3	0	6.6587	10.367	12.945	15.18	17.265	19.234	21.22	23.129	25.098	27.029	29.055	31.092	33.267	35.559	38.04	40.731	43.631	46.761	49.5565	52.4628
293.4	0	6.621	10.306	12.867	15.085	17.153	19.106	21.075	22.967	24.915	26.824	28.822	30.824	32.955	35.192	37.604	40.215	43.033	46.077	48.7915	51.6152
293.5	0	6.5841	10.247	12.789	14.991	17.042	18.98	20.932	22.808	24.737	26.623	28.596	30.565	32.655	34.84	37.189	39.723	42.46	45.42	48.0555	50.7985
293.6	0	6.5478	10.188	12.714	14.899	16.934	18.857	20.792	22.653	24.561	26.427	28.375	30.314	32.366	34.503	36.793	39.254	41.913	44.79	47.35	50.015
293.7	0	6.5122	10.131	12.639	14.808	16.828	18.735	20.654	22.499	24.39	26.236	28.161	30.071	32.087	34.179	36.414	38.806	41.39	44.186	46.674	49.264
293.8	0	6.4774	10.075	12.566	14.719	16.723	18.616	20.519	22.349	24.221	26.049	27.952	29.834	31.817	33.868	36.05	38.377	40.89	43.606	46.026	48.5441
293.9	0	6.4431	10.019	12.494	14.631	16.621	18.499	20.386	22.201	24.056	25.865	27.747	29.604	31.556	33.568	35.702	37.968	40.411	43.052	45.4065	47.8558
294	0	6.4096	9.965	12.423	14.545	16.52	18.383	20.255	22.056	23.894	25.686	27.547	29.38	31.303	33.278	35.368	37.576	39.954	42.52	44.813	47.1964
294.1	0	6.3766	9.9115	12.354	14.461	16.421	18.27	20.126	21.913	23.734	25.51	27.352	29.162	31.058	32.999	35.047	37.201	39.516	42.012	44.2465	46.5675
294.2	0	6.3443	9.859	12.285	14.378	16.323	18.159	20	21.772	23.578	25.337	27.161	28.949	30.819	32.728	34.737	36.841	39.097	41.524	43.704	45.9657
294.3	0	6.3126	9.8073	12.218	14.296	16.227	18.049	19.875	21.634	23.424	25.168	26.973	28.74	30.586	32.466	34.438	36.495	38.696	41.058	43.187	45.3931
294.4	0	6.2815	9.7565	12.152	14.215	16.133	17.941	19.753	21.498	23.273	25.002	26.789	28.537	30.36	32.211	34.149	36.163	38.311	40.61	42.691	44.8441
294.5	0	6.2509	9.7066	12.087	14.136	16.04	17.835	19.632	21.364	23.124	24.838	26.609	28.337	30.139	31.963	33.87	35.843	37.941	40.181	42.2165	44.3196
294.6	0	6.2209	9.6574	12.023	14.058	15.949	17.731	19.514	21.233	22.978	24.677	26.432	28.142	29.923	31.722	33.599	35.534	37.586	39.77	41.7635	43.82
294.7	0	6.1914	9.6091	11.96	13.981	15.859	17.629	19.398	21.103	22.834	24.52	26.258	27.951	29.711	31.488	33.337	35.236	37.244	39.374	41.3275	43.3394
294.8	0	6.1625	9.5616	11.897	13.906	15.771	17.528	19.283	20.976	22.693	24.364	26.087	27.763	29.505	31.259	33.082	34.948	36.915	38.994	40.9105	42.8808
294.9	0	6.1341	9.5148	11.836	13.832	15.683	17.428	19.17	20.851	22.554	24.212	25.919	27.579	29.303	31.035	32.833	34.669	36.598	38.629	40.5115	42.4432
295	0	6.1061	9.4687	11.776	13.759	15.598	17.33	19.059	20.727	22.417	24.061	25.754	27.398	29.104	30.817	32.592	34.398	36.292	38.278	40.128	42.0232
295.1	0	6.0786	9.4234	11.717	13.686	15.513	17.234	18.95	20.606	22.282	23.914	25.592	27.221	28.91	30.603	32.356	34.136	35.996	37.939	39.759	41.6199
295.2	0	6.0516	9.3788	11.659	13.615	15.43	17.139	18.843	20.486	22.149	23.768	25.432	27.046	28.719	30.394	32.126	33.88	35.709	37.612	39.4035	41.2322
295.3	0	6.025	9.3349	11.601	13.546	15.348	17.046	18.737	20.369	22.019	23.625	25.275	26.875	28.532	30.189	31.901	33.631	35.431	37.296	39.061	40.8595
295.4	0	5.9989	9.2916	11.545	13.477	15.267	16.954	18.632	20.253	21.89	23.484	25.12	26.707	28.348	29.988	31.681	33.389	35.161	36.991	38.731	40.5012
295.5	0	5.9732	9.249	11.489	13.409	15.188	16.863	18.53	20.139	21.764	23.346	24.968	26.541	28.168	29.791	31.465	33.152	34.899	36.696	38.413	40.157
295.6	0	5.9479	9.207	11.434	13.342	15.109	16.774	18.428	20.027	21.639	23.209	24.818	26.378	27.991	29.597	31.254	32.92	34.644	36.41	38.105	39.8242
295.7	0	5.923	9.1657	11.38	13.276	15.032	16.686	18.329	19.916	21.516	23.075	24.67	26.218	27.816	29.408	31.048	32.694	34.395	36.132	37.8055	39.5008
295.8	0	5.8985	9.125	11.327	13.211	14.956	16.599	18.23	19.807	21.395	22.943	24.525	26.061	27.645	29.221	30.845	32.473	34.153	35.862	37.516	39.1891
295.9	0	5.8744	9.0848	11.274	13.147	14.881	16.513	18.134	19.699	21.276	22.812	24.382	25.906	27.477	29.038	30.646	32.256	33.915	35.6	37.2345	38.8866
296	0	5.8507	9.0453	11.223	13.084	14.807	16.429	18.038	19.593	21.158	22.684	24.242	25.753	27.311	28.858	30.451	32.043	33.684	35.345	36.9615	38.5938
296.1	0	5.8273	9.0063	11.172	13.022	14.734	16.346	17.944	19.489	21.043	22.557	24.103	25.603	27.148	28.682	30.259	31.835	33.457	35.096	36.695	38.3083
296.2	0	5.8043	8.9678	11.121	12.961	14.662	16.264	17.851	19.386	20.929	22.433	23.967	25.456	26.988	28.508	30.071	31.63	33.235	34.853	36.435	38.0301
296.3	0	5.7816	8.9299	11.072	12.9	14.591	16.183	17.76	19.285	20.816	22.31	23.832	25.311	26.83	28.337	29.886	31.43	33.018	34.616	36.182	37.7598
296.4	0	5.7593	8.8925	11.023	12.84	14.521	16.103	17.669	19.185	20.706	22.189	23.7	25.168	26.675	28.169	29.704	31.233	32.805	34.385	35.9355	37.497
296.5	0	5.7373	8.8556	10.974	12.782	14.452	16.024	17.58	19.086	20.596	22.069	23.569	25.027	26.523	28.004	29.525	31.039	32.596	34.158	35.6935	37.2391
296.6	0	5.7156	8.8192	10.927	12.724	14.384	15.947	17.493	18.989	20.489	21.952	23.441	24.888	26.373	27.841	29.35	30.849	32.391	33.936	35.4565	36.9865
296.7	0	5.6942	8.7833	10.88	12.666	14.317	15.87	17.406	18.893	20.383	21.836	23.314	24.751	26.225	27.681	29.177	30.663	32.189	33.719	35.225	36.7402
296.8	0	5.6731	8.7478	10.833	12.61	14.25	15.794	17.32	18.798	20.278	21.722	23.189	24.617	26.079	27.524	29.007	30.479	31.992	33.506	34.9985	36.4995
296.9	0	5.6524	8.7128	10.788	12.554	14.185	15.72	17.236	18.705	20.175	21.609	23.066	24.484	25.936	27.369	28.84	30.299	31.797	33.296	34.7745	36.2611
297	0	5.6319	8.6783	10.743	12.499	14.12	15.646	17.153	18.613	20.073	21.498	22.945	24.353	25.794	27.216	28.676	30.121	31.606	33.091	34.556	36.029
297.1	0	5.6117	8.6442	10.698	12.444	14.056	15.573	17.071	18.522	19.973	21.388	22.825	24.224	25.655	27.065	28.514	29.946	31.419	32.889	34.3415	35.8013
297.2	0	5.5918	8.6106	10.654	12.391	13.993	15.502	16.99	18.432	19.874	21.28	22.707	24.097	25.518	26.917	28.354	29.774	31.234	32.691	34.131	35.5781
297.3	0	5.5722	8.5773	10.61	12.338	13.931	15.431	16.91	18.344	19.776	21.174	22.591	23.971	25.382	26.771	28.197	29.605	31.052	32.497	33.9245	35.3592
297.4	0	5.5528	8.5445	10.568	12.285	13.869	15.361	16.831	18.256	19.68	21.068	22.476	23.847	25.249	26.627	28.043	29.439	30.873	32.305	33.72	35.142
297.5	0	5.5336	8.5121	10.525	12.233	13.809	15.292	16.753	18.17	19.585	20.965	22.363	23.725	25.117	26.486	27.89	29.275	30.697	32.117	33.5205	34.9308
297.6	0	5.5148	8.48	10.483	12.182	13.749	15.223	16.676	18.085	19.491	20.862	22.251	23.605	24.987	26.346	27.74	29.113	30.524	31.931	33.323	34.7214
297.7	0	5.4961	8.4484	10.442	12.132	13.69	15.156	16.599	18.001	19.398	20.761	22.141	23.486	24.859	26.208	27.592	28.954	30.354	31.749	33.13	34.5171
297.8	0	5.4777	8.4171	10.401	12.082	13.631	15.089	16.524	17.918	19.307	20.661	22.032	23.369	24.733	26.072	27.446	28.797	30.186	31.57	32.94	34.3161
297.9	0	5.4595	8.3862	10.36	12.032	13.573	15.024	16.45	17.836	19.216	20.563	21.925	23.253	24.608	25.938	27.302	28.643	30.02	31.393	32.752	34.117
298	0	5.4416	8.3556	10.32	11.984	13.516	14.959	16.377	17.755	19.127	20.466	21.818	23.139	24.485	25.806	27.16	28.491	29.857	31.219	32.5675	33.9218
298.1	0	5.4238	8.3254	10.281	11.936	13.46	14.894	16.305	17.675	19.039	20.37	21.714	23.026	24.363	25.675	27.02	28.34	29.696	31.047	32.385	33.7287
298.2	0	5.4063	8.2955	10.242	11.888	13.404	14.831	16.233	17.595	18.952	20.275	21.611	22.915	24.243	25.547	26.881	28.192	29.538	30.879	32.2075	33.5415
298.3	0	5.3889	8.266	10.203	11.841	13.349	14.768	16.163	17.517	18.866	20.181	21.509	22.805	24.125	25.42	26.745	28.046	29.382	30.712	32.0305	33.3542
298.4	0	5.3718	8.2368	10.165	11.794	13.294	14.706	16.093	17.44	18.781	20.089	21.408	22.696	24.008	25.295	26.611	27.902	29.228	30.548	31.8565	33.1702
298.5	0	5.3549	8.208	10.127	11.748	13.24	14.645	16.024	17.364	18.697	19.998	21.308	22.589	23.892	25.171	26.478	27.76	29.076	30.386	31.685	32.989
298.6	0	5.3381	8.1794	10.09	11.703	13.187	14.584	15.956	17.289	18.614	19.907	21.21	22.483	23.778	25.049	26.347	27.62	28.927	30.227	31.517	32.8117
298.7	0	5.3215	8.1512	10.053	11.658	13.134	14.524	15.888	17.214	18.532	19.818	21.113	22.378	23.665	24.929	26.218	27.482	28.779	30.07	31.3505	32.6358
298.8	0	5.3051	8.1233	10.016	11.613	13.082	14.465	15.822	17.14	18.451	19.73	21.017	22.275	23.553	24.809	26.091	27.345	28.633	29.915	31.186	32.462
298.9	0	5.2888	8.0957	9.9798	11.569	13.031	14.406	15.756	17.068	18.371	19.643	20.923	22.172	23.443	24.692	25.965	27.211	28.49	29.762	31.0245	32.2915
299	0	5.2727	8.0683	9.944	11.525	12.98	14.348	15.69	16.995	18.292	19.557	20.829	22.071	23.334	24.576	25.841	27.078	28.348	29.611	30.8645	32.1225
299.1	0	5.2568	8.0413	9.9086	11.482	12.929	14.291	15.626	16.924	18.214	19.471	20.736	21.972	23.226	24.461	25.718	26.947	28.208	29.463	30.708	31.9576
299.2	0	5.241	8.0145	9.8735	11.439	12.879	14.234	15.562	16.854	18.136	19.387	20.645	21.873	23.12	24.347	25.597	26.818	28.071	29.316	30.553	31.794
299.3	0	5.2254	7.988	9.8389	11.397	12.83	14.177	15.499	16.784	18.059	19.304	20.554	21.776	23.015	24.235	25.478	26.691	27.935	29.171	30.3995	31.6318
299.4	0	5.2098	7.9618	9.8046	11.355	12.781	14.122	15.436	16.715	17.983	19.221	20.464	21.679	22.911	24.124	25.359	26.565	27.8	29.028	30.2485	31.4727
299.5	0	5.1945	7.9358	9.7706	11.314	12.733	14.067	15.374	16.646	17.908	19.139	20.376	21.584	22.809	24.015	25.243	26.44	27.668	28.887	30.0995	31.3155
299.6	0	5.1792	7.91	9.737	11.273	12.685	14.012	15.313	16.579	17.833	19.059	20.288	21.49	22.707	23.906	25.127	26.317	27.537	28.748	29.953	31.1613
299.7	0	5.1641	7.8845	9.7038	11.232	12.637	13.958	15.252	16.511	17.76	18.979	20.201	21.397	22.607	23.799	25.013	26.196	27.408	28.61	29.8075	31.0078
299.8	0	5.1491	7.8593	9.6708	11.192	12.59	13.905	15.192	16.445	17.687	18.899	20.115	21.304	22.508	23.693	24.9	26.076	27.28	28.474	29.664	30.8566
299.9	0	5.1343	7.8343	9.6382	11.152	12.544	13.852	15.133	16.379	17.614	18.821	20.03	21.213	22.41	23.589	24.788	25.957	27.154	28.34	29.523	30.7083
300	0	5.1196	7.8095	9.6059	11.113	12.498	13.799	15.074	16.314	17.543	18.743	19.946	21.123	22.313	23.485	24.677	25.84	27.029	28.207	29.383	30.5609
300.1	0	5.1049	7.7849	9.5739	11.074	12.452	13.747	15.015	16.249	17.472	18.666	19.863	21.033	22.217	23.382	24.568	25.724	26.906	28.076	29.245	30.4156
300.2	0	5.0904	7.7606	9.5422	11.035	12.407	13.696	14.957	16.185	17.401	18.59	19.781	20.945	22.122	23.281	24.459	25.609	26.784	27.947	29.1095	30.2734
300.3	0	5.0761	7.7364	9.5107	10.997	12.362	13.645	14.9	16.122	17.332	18.515	19.699	20.857	22.028	23.18	24.352	25.496	26.664	27.819	28.975	30.1319
300.4	0	5.0618	7.7125	9.4795	10.959	12.317	13.594	14.843	16.059	17.263	18.44	19.618	20.771	21.935	23.081	24.246	25.383	26.545	27.692	28.8415	29.9915
300.5	0	5.0477	7.6888	9.4486	10.921	12.273	13.544	14.787	15.997	17.194	18.366	19.538	20.685	21.843	22.983	24.141	25.272	26.427	27.567	28.71	29.8533
300.6	0	5.0337	7.6653	9.4179	10.884	12.23	13.495	14.731	15.935	17.127	18.292	19.459	20.6	21.752	22.885	24.037	25.162	26.311	27.443	28.58	29.7167
300.7	0	5.0198	7.6419	9.3874	10.847	12.186	13.445	14.676	15.874	17.059	18.219	19.38	20.515	21.661	22.789	23.934	25.053	26.195	27.321	28.4515	29.5818
300.8	0	5.006	7.6188	9.3572	10.81	12.144	13.397	14.621	15.814	16.993	18.147	19.302	20.432	21.572	22.693	23.832	24.945	26.081	27.2	28.3245	29.4485
300.9	0	4.9924	7.5959	9.3273	10.774	12.101	13.348	14.567	15.754	16.927	18.076	19.225	20.349	21.483	22.599	23.73	24.839	25.968	27.08	28.199	29.3169
301	0	4.9789	7.5731	9.2976	10.738	12.059	13.301	14.513	15.694	16.862	18.005	19.149	20.267	21.396	22.505	23.63	24.733	25.856	26.962	28.075	29.1869
301.1	0	4.9655	7.5506	9.2681	10.702	12.017	13.253	14.46	15.635	16.797	17.935	19.073	20.186	21.309	22.412	23.531	24.628	25.746	26.845	27.9525	29.0585
301.2	0	4.9522	7.5282	9.2389	10.667	11.976	13.206	14.407	15.577	16.733	17.866	18.998	20.106	21.222	22.32	23.433	24.525	25.636	26.729	27.8305	28.9304
301.3	0	4.939	7.5061	9.21	10.632	11.935	13.16	14.355	15.519	16.669	17.797	18.924	20.027	21.137	22.229	23.336	24.422	25.528	26.614	27.71	28.804
301.4	0	4.926	7.4841	9.1813	10.597	11.894	13.114	14.303	15.462	16.607	17.729	18.85	19.948	21.053	22.14	23.24	24.321	25.421	26.501	27.5915	28.6798
301.5	0	4.9131	7.4623	9.1528	10.563	11.854	13.068	14.251	15.406	16.544	17.661	18.778	19.87	20.969	22.05	23.145	24.22	25.314	26.389	27.4735	28.5561
301.6	0	4.9003	7.4408	9.1246	10.528	11.814	13.023	14.201	15.349	16.483	17.595	18.705	19.792	20.886	21.962	23.051	24.121	25.209	26.278	27.357	28.4339
301.7	0	4.8876	7.4194	9.0967	10.494	11.774	12.978	14.15	15.294	16.422	17.528	18.634	19.716	20.804	21.875	22.957	24.022	25.105	26.168	27.242	28.3136
301.8	0	4.8751	7.3982	9.0689	10.461	11.735	12.933	14.101	15.239	16.361	17.463	18.563	19.64	20.723	21.788	22.865	23.925	25.002	26.059	27.1275	28.1934
301.9	0	4.8626	7.3773	9.0415	10.427	11.696	12.889	14.051	15.184	16.302	17.398	18.493	19.565	20.643	21.703	22.774	23.828	24.9	25.952	27.015	28.0756
302	0	4.8503	7.3565	9.0143	10.394	11.658	12.846	14.002	15.13	16.242	17.334	18.424	19.491	20.563	21.618	22.684	23.733	24.799	25.845	26.9025	27.9574
302.1	0	4.8381	7.3359	8.9873	10.362	11.62	12.802	13.954	15.077	16.184	17.27	18.355	19.417	20.484	21.534	22.594	23.638	24.699	25.74	26.7925	27.8424
302.2	0	4.826	7.3154	8.9605	10.329	11.582	12.76	13.906	15.024	16.126	17.207	18.286	19.344	20.406	21.451	22.506	23.544	24.6	25.636	26.683	27.7276
302.3	0	4.814	7.2952	8.934	10.297	11.544	12.717	13.858	14.971	16.068	17.145	18.219	19.272	20.329	21.369	22.418	23.452	24.502	25.533	26.575	27.6145
302.4	0	4.8021	7.2751	8.9078	10.265	11.507	12.675	13.811	14.919	16.011	17.083	18.152	19.2	20.252	21.288	22.332	23.36	24.405	25.431	26.4675	27.5017
302.5	0	4.7903	7.2553	8.8818	10.234	11.471	12.633	13.764	14.868	15.955	17.021	18.086	19.129	20.176	21.207	22.246	23.269	24.309	25.329	26.3605	27.3894
302.6	0	4.7787	7.2355	8.856	10.202	11.434	12.592	13.718	14.817	15.899	16.961	18.02	19.059	20.101	21.128	22.161	23.179	24.214	25.229	26.2555	27.2794
302.7	0	4.7671	7.216	8.8304	10.171	11.398	12.551	13.672	14.766	15.843	16.901	17.955	18.989	20.027	21.049	22.077	23.09	24.119	25.13	26.151	27.1698
302.8	0	4.7556	7.1966	8.8051	10.141	11.362	12.51	13.626	14.716	15.788	16.841	17.891	18.921	19.953	20.97	21.994	23.002	24.026	25.032	26.048	27.0618
302.9	0	4.7442	7.1773	8.7799	10.11	11.327	12.47	13.581	14.666	15.734	16.782	17.827	18.852	19.881	20.893	21.912	22.915	23.934	24.935	25.946	26.9548
303	0	4.7329	7.1583	8.755	10.08	11.291	12.43	13.536	14.617	15.68	16.723	17.763	18.785	19.808	20.816	21.831	22.829	23.842	24.839	25.852	26.8542
303.1	0	4.7217	7.1393	8.7303	10.05	11.256	12.39	13.492	14.568	15.626	16.665	17.701	18.718	19.737	20.74	21.75	22.743	23.751	24.744	25.752	26.7495
303.2	0	4.7105	7.1206	8.7058	10.021	11.222	12.351	13.448	14.519	15.573	16.608	17.639	18.651	19.666	20.665	21.67	22.658	23.662	24.649	25.652	26.6447
303.3	0	4.6995	7.102	8.6815	9.9911	11.187	12.312	13.404	14.471	15.52	16.551	17.577	18.585	19.596	20.59	21.591	22.575	23.573	24.556	25.554	26.5419
303.4	0	4.6886	7.0835	8.6574	9.962	11.153	12.273	13.361	14.423	15.468	16.494	17.516	18.52	19.526	20.516	21.512	22.492	23.485	24.464	25.457	26.4406
303.5	0	4.6777	7.0651	8.6335	9.9331	11.12	12.235	13.318	14.376	15.416	16.438	17.455	18.455	19.457	20.443	21.435	22.409	23.398	24.372	25.361	26.3395
303.6	0	4.667	7.047	8.6098	9.9044	11.086	12.197	13.276	14.329	15.365	16.383	17.395	18.391	19.389	20.37	21.357	22.328	23.311	24.281	25.266	26.2399
303.7	0	4.6563	7.0289	8.5863	9.876	11.053	12.159	13.233	14.283	15.314	16.328	17.336	18.327	19.321	20.298	21.281	22.247	23.226	24.191	25.171	26.1404
303.8	0	4.6457	7.011	8.563	9.8478	11.02	12.121	13.191	14.236	15.264	16.273	17.277	18.264	19.253	20.227	21.205	22.167	23.141	24.102	25.078	26.0429
303.9	0	4.6352	6.9933	8.5398	9.8198	10.987	12.084	13.15	14.191	15.214	16.219	17.219	18.202	19.187	20.156	21.13	22.088	23.057	24.014	24.985	25.9456
304	0	4.6247	6.9757	8.5169	9.7921	10.955	12.047	13.109	14.145	15.164	16.165	17.161	18.14	19.12	20.086	21.055	22.009	22.974	23.926	24.893	25.8493
304.1	0	4.6144	6.9582	8.4941	9.7646	10.922	12.011	13.068	14.1	15.115	16.112	17.103	18.078	19.055	20.016	20.981	21.931	22.892	23.84	24.802	25.7545
304.2	0	4.6041	6.9409	8.4715	9.7373	10.89	11.975	13.027	14.056	15.066	16.059	17.046	18.017	18.99	19.947	20.908	21.854	22.81	23.754	24.712	25.66
304.3	0	4.594	6.9237	8.4491	9.7102	10.859	11.939	12.987	14.011	15.017	16.006	16.99	17.956	18.925	19.878	20.835	21.777	22.729	23.669	24.622	25.5662
304.4	0	4.5839	6.9066	8.4268	9.6833	10.827	11.903	12.947	13.967	14.969	15.954	16.934	17.896	18.861	19.81	20.763	21.701	22.649	23.584	24.533	25.4729
304.5	0	4.5738	6.8896	8.4048	9.6566	10.796	11.867	12.908	13.924	14.922	15.903	16.878	17.837	18.797	19.743	20.692	21.626	22.57	23.501	24.445	25.3811
304.6	0	4.5639	6.8728	8.3828	9.6301	10.765	11.832	12.868	13.881	14.874	15.852	16.823	17.778	18.734	19.676	20.621	21.552	22.491	23.418	24.358	25.29
304.7	0	4.554	6.8562	8.3611	9.6038	10.734	11.798	12.829	13.838	14.828	15.801	16.768	17.719	18.671	19.61	20.55	21.478	22.413	23.336	24.272	25.2004
304.8	0	4.5442	6.8396	8.3395	9.5777	10.704	11.763	12.791	13.795	14.781	15.751	16.714	17.661	18.609	19.544	20.481	21.404	22.336	23.254	24.186	25.1102
304.9	0	4.5345	6.8232	8.3181	9.5518	10.674	11.729	12.752	13.753	14.735	15.701	16.66	17.604	18.547	19.479	20.412	21.331	22.26	23.174	24.101	25.0219
305	0	4.5248	6.8069	8.2969	9.5261	10.644	11.695	12.714	13.711	14.689	15.651	16.607	17.546	18.486	19.414	20.343	21.259	22.184	23.094	24.017	24.9343
305.1	0	4.5152	6.7907	8.2758	9.5006	10.614	11.661	12.677	13.67	14.644	15.602	16.554	17.49	18.426	19.35	20.275	21.188	22.108	23.015	23.933	24.8467
305.2	0	4.5057	6.7746	8.2549	9.4752	10.584	11.628	12.639	13.628	14.599	15.553	16.501	17.433	18.365	19.286	20.208	21.116	22.033	22.936	23.85	24.7598
305.3	0	4.4963	6.7587	8.2341	9.4501	10.555	11.595	12.602	13.587	14.554	15.505	16.449	17.378	18.306	19.223	20.141	21.046	21.959	22.858	23.768	24.6742
305.4	0	4.4869	6.7428	8.2134	9.4251	10.526	11.562	12.565	13.547	14.509	15.457	16.397	17.322	18.247	19.16	20.075	20.976	21.886	22.781	23.687	24.5897
305.5	0	4.4775	6.7271	8.193	9.4003	10.497	11.529	12.529	13.507	14.465	15.409	16.346	17.268	18.188	19.098	20.009	20.907	21.812	22.704	23.606	24.5049
305.6	0	4.4683	6.7115	8.1726	9.3757	10.469	11.497	12.493	13.467	14.422	15.362	16.295	17.213	18.13	19.036	19.944	20.838	21.74	22.628	23.527	24.4222
305.7	0	4.4591	6.696	8.1524	9.3512	10.44	11.465	12.457	13.427	14.378	15.315	16.245	17.159	18.072	18.975	19.879	20.77	21.668	22.553	23.447	24.3391
305.8	0	4.4499	6.6806	8.1324	9.327	10.412	11.433	12.421	13.388	14.335	15.268	16.195	17.105	18.015	18.914	19.815	20.702	21.597	22.478	23.369	24.2574
305.9	0	4.4408	6.6653	8.1125	9.3029	10.384	11.401	12.386	13.349	14.293	15.222	16.145	17.052	17.958	18.854	19.751	20.635	21.526	22.404	23.291	24.1761
306	0	4.4318	6.6501	8.0927	9.279	10.356	11.37	12.35	13.31	14.25	15.176	16.096	17	17.902	18.794	19.688	20.568	21.455	22.33	23.214	24.0952
306.1	0	4.4228	6.635	8.073	9.2552	10.329	11.338	12.316	13.271	14.208	15.131	16.047	16.947	17.846	18.735	19.625	20.502	21.386	22.257	23.137	24.0151
306.2	0	4.4139	6.62	8.0536	9.2317	10.302	11.307	12.281	13.233	14.167	15.086	15.998	16.895	17.79	18.676	19.563	20.437	21.317	22.185	23.062	23.9366
306.3	0	4.4051	6.6051	8.0342	9.2083	10.274	11.277	12.246	13.195	14.125	15.041	15.95	16.844	17.735	18.618	19.501	20.372	21.248	22.113	22.986	23.8573
306.4	0	4.3963	6.5903	8.015	9.185	10.248	11.246	12.212	13.158	14.084	14.997	15.902	16.793	17.681	18.56	19.44	20.307	21.18	22.042	22.912	23.7799
306.5	0	4.3876	6.5757	7.9959	9.162	10.221	11.216	12.178	13.12	14.044	14.953	15.854	16.742	17.627	18.502	19.379	20.243	21.112	21.971	22.838	23.7024
306.6	0	4.3789	6.5611	7.977	9.1391	10.194	11.186	12.145	13.083	14.003	14.909	15.807	16.692	17.573	18.445	19.319	20.179	21.045	21.901	22.764	23.6252
306.7	0	4.3703	6.5466	7.9581	9.1163	10.168	11.156	12.111	13.047	13.963	14.865	15.76	16.642	17.52	18.389	19.259	20.116	20.979	21.831	22.691	23.5489
306.8	0	4.3617	6.5322	7.9394	9.0938	10.142	11.126	12.078	13.01	13.923	14.822	15.714	16.592	17.467	18.333	19.2	20.054	20.913	21.762	22.619	23.4734
306.9	0	4.3532	6.5179	7.9209	9.0713	10.116	11.096	12.045	12.974	13.883	14.779	15.668	16.543	17.414	18.277	19.141	19.992	20.848	21.694	22.547	23.3986
307	0	4.3448	6.5037	7.9024	9.0491	10.09	11.067	12.012	12.938	13.844	14.737	15.622	16.494	17.362	18.222	19.082	19.93	20.783	21.626	22.476	23.3246
307.1	0	4.3364	6.4896	7.8841	9.027	10.064	11.038	11.98	12.902	13.805	14.694	15.576	16.445	17.311	18.167	19.024	19.869	20.718	21.558	22.406	23.2509
307.2	0	4.3281	6.4755	7.8659	9.005	10.038	11.009	11.948	12.866	13.766	14.652	15.531	16.397	17.26	18.113	18.966	19.808	20.654	21.491	22.335	23.1771
307.3	0	4.3198	6.4616	7.8478	8.9832	10.013	10.98	11.916	12.831	13.727	14.611	15.486	16.349	17.209	18.059	18.909	19.748	20.591	21.425	22.266	23.1051
307.4	0	4.3116	6.4478	7.8298	8.9615	9.9879	10.952	11.884	12.796	13.689	14.569	15.442	16.302	17.158	18.005	18.853	19.688	20.528	21.359	22.197	23.0327
307.5	0	4.3035	6.434	7.8119	8.9399	9.9629	10.923	11.852	12.761	13.651	14.528	15.397	16.254	17.108	17.952	18.796	19.629	20.466	21.293	22.128	22.9608
307.6	0	4.2954	6.4204	7.7941	8.9185	9.938	10.895	11.821	12.726	13.613	14.487	15.353	16.208	17.058	17.899	18.74	19.57	20.404	21.228	22.06	22.8898
307.7	0	4.2873	6.4068	7.7765	8.8972	9.9133	10.867	11.789	12.692	13.576	14.447	15.31	16.161	17.009	17.847	18.685	19.511	20.342	21.164	21.993	22.8197
307.8	0	4.2794	6.3933	7.7589	8.876	9.8888	10.839	11.759	12.658	13.539	14.406	15.266	16.115	16.96	17.795	18.63	19.453	20.281	21.1	21.925	22.7489
307.9	0	4.2714	6.3799	7.7415	8.855	9.8644	10.812	11.728	12.624	13.502	14.366	15.223	16.069	16.911	17.743	18.575	19.396	20.221	21.036	21.859	22.6798
308	0	4.2636	6.3666	7.7242	8.8341	9.8401	10.784	11.697	12.591	13.465	14.327	15.18	16.023	16.862	17.692	18.521	19.339	20.16	20.973	21.793	22.6106
308.1	0	4.2557	6.3534	7.7069	8.8134	9.816	10.757	11.667	12.557	13.428	14.287	15.138	15.978	16.814	17.641	18.467	19.282	20.101	20.911	21.727	22.5423
308.2	0	4.248	6.3402	7.6898	8.7927	9.7921	10.73	11.637	12.524	13.392	14.248	15.096	15.933	16.766	17.59	18.413	19.225	20.041	20.849	21.662	22.4746
308.3	0	4.2403	6.3272	7.6728	8.7722	9.7683	10.703	11.607	12.491	13.356	14.209	15.054	15.888	16.719	17.54	18.36	19.169	19.982	20.787	21.597	22.4066
308.4	0	4.2326	6.3142	7.6559	8.7519	9.7446	10.676	11.577	12.458	13.321	14.17	15.012	15.844	16.672	17.49	18.307	19.114	19.924	20.726	21.533	22.34
308.5	0	4.225	6.3013	7.6391	8.7316	9.7212	10.65	11.547	12.426	13.285	14.132	14.971	15.8	16.625	17.441	18.255	19.059	19.866	20.665	21.47	22.2738
308.6	0	4.2174	6.2885	7.6224	8.7115	9.6978	10.623	11.518	12.394	13.25	14.094	14.93	15.756	16.578	17.391	18.203	19.004	19.808	20.604	21.406	22.2068
308.7	0	4.2099	6.2757	7.6059	8.6915	9.6747	10.597	11.489	12.362	13.215	14.056	14.89	15.712	16.532	17.342	18.151	18.949	19.751	20.544	21.343	22.1413
308.8	0	4.2024	6.263	7.5894	8.6717	9.6517	10.571	11.46	12.33	13.18	14.019	14.849	15.669	16.486	17.294	18.1	18.895	19.694	20.485	21.281	22.0766
308.9	0	4.1949	6.2504	7.573	8.6519	9.6288	10.545	11.431	12.298	13.146	13.981	14.809	15.626	16.44	17.246	18.049	18.842	19.637	20.425	21.219	22.0113
309	0	4.1876	6.2379	7.5567	8.6324	9.6061	10.52	11.403	12.267	13.112	13.944	14.769	15.584	16.395	17.198	17.998	18.788	19.581	20.367	21.157	21.9473
309.1	0	4.1802	6.2254	7.5405	8.6129	9.5835	10.494	11.374	12.236	13.078	13.908	14.73	15.542	16.35	17.15	17.948	18.735	19.525	20.308	21.096	21.8831
309.2	0	4.1729	6.213	7.5245	8.5936	9.5611	10.469	11.346	12.205	13.044	13.871	14.69	15.5	16.305	17.102	17.898	18.682	19.47	20.25	21.036	21.8204
309.3	0	4.1656	6.2007	7.5085	8.5743	9.5389	10.444	11.318	12.174	13.01	13.835	14.651	15.458	16.261	17.055	17.848	18.63	19.415	20.192	20.975	21.7568
309.4	0	4.1584	6.1884	7.4926	8.5552	9.5168	10.419	11.29	12.143	12.977	13.799	14.613	15.416	16.217	17.009	17.798	18.578	19.36	20.135	20.915	21.6945
309.5	0	4.1512	6.1762	7.4767	8.5363	9.4948	10.394	11.262	12.113	12.943	13.763	14.574	15.375	16.173	16.962	17.749	18.526	19.306	20.078	20.855	21.632
309.6	0	4.1441	6.1641	7.461	8.5174	9.4729	10.369	11.235	12.082	12.91	13.727	14.536	15.334	16.129	16.916	17.7	18.475	19.252	20.021	20.796	21.5702
309.7	0	4.1369	6.152	7.4454	8.4986	9.4512	10.344	11.207	12.052	12.877	13.692	14.498	15.293	16.086	16.87	17.652	18.424	19.198	19.965	20.737	21.5085
