0	0	0.1	0.2	0.3	0.4	0.5	0.6	0.7	0.8	0.9	1	1.1	1.2	1.3	1.4	1.5
263.9	581.68	586.68	585.23	584.29	583.89	584.91	582.99	583.67	581.43	584.77	583.52	582.83	582.64	581.67	580.962	580.254
264	583.01	586.63	586.03	584.45	584.34	584.97	584.1	583.51	582.85	584.69	584.08	582.6	583.17	582.125	581.521	580.917
264.1	583.84	586.45	586.77	585.06	585.04	584.66	585.25	583.23	584.03	584.28	584.34	582.6	583.88	583.04	582.746	582.452
264.2	585.17	586.32	587.13	585.81	585.19	584.61	585.77	583.7	584.27	583.5	584.82	582.98	584.63	584.37	584.525	584.68
264.3	587.25	585.91	587.06	586.57	585.27	585.34	585.66	585.03	584.04	582.9	585.5	583.69	584.95	585.345	585.779	586.213
264.4	589.37	585.35	587.11	587.3	585.76	586.05	585.23	586.17	583.73	583.39	585.86	584.34	584.68	585.155	585.39	585.625
264.5	591.27	585.1	587.24	587.56	586.38	586.09	585.39	586.58	584.46	584.5	585.82	584.7	584.17	584.27	584.059	583.848
264.6	592.25	585.07	586.96	587.48	587.13	586.1	586.4	586.28	586.01	585.12	585.41	585.11	583.9	583.895	583.499	583.103
264.7	591.32	585.52	586.5	587.7	587.81	586.43	587.06	585.81	587.1	585.16	584.78	585.88	584.12	584.48	584.278	584.076
264.8	589.77	586.64	586.28	587.98	587.96	586.95	586.98	586.27	587.36	584.97	584.61	586.66	584.61	585.455	585.552	585.649
264.9	589.09	587.72	586.24	587.79	587.91	587.69	586.89	587.5	586.86	585.12	585.2	587.04	585	585.96	586.108	586.256
265	589.05	588.72	586.79	587.51	588.31	588.3	587.06	588.04	586.4	586.11	585.81	587.01	585.36	585.81	585.705	585.6
265.1	589.42	590.01	587.82	587.43	588.69	588.34	587.51	587.83	587.24	587.38	586.01	586.64	586.07	585.7	585.37	585.04
265.2	589.6	591.03	588.6	587.52	588.63	588.37	588.26	587.62	588.67	588.13	586.05	586.3	587.07	586.155	585.862	585.569
265.3	589.64	591.6	589.43	588.14	588.55	588.93	588.77	587.63	589.01	588.24	586.13	586.37	587.89	586.955	586.874	586.793
265.4	590.16	591.99	590.57	589.07	588.63	589.38	588.7	588.06	588.64	587.99	586.65	586.67	588.29	587.63	587.722	587.814
265.5	591.02	591.85	591.46	589.64	588.85	589.48	588.86	588.82	588.28	588.14	587.66	586.81	588.26	587.595	587.546	587.497
265.6	592.1	591.36	592.13	590.36	589.51	589.64	589.58	589.21	588.17	589.12	588.55	586.89	588.05	586.935	586.448	585.961
265.7	593.17	591.17	592.57	591.33	590.27	589.88	590.11	589.06	588.61	590.02	589.05	587.11	587.97	586.515	585.706	584.897
265.8	593.32	591.29	592.33	592.01	590.68	590.21	590.4	589.39	589.38	590.1	589.33	587.52	587.93	589.22	588.0013333	587.7407619
265.9	592.76	591.67	591.89	592.61	591.3	590.87	590.8	590.26	589.64	589.78	589.5	588.19	587.78	589.62	588.344	588.1322857
266	592.7	592.15	591.87	592.95	592.06	591.45	591.19	590.87	589.41	589.53	589.97	588.97	587.67	589.62	588.642	588.484
266.1	592.91	592.47	592.12	592.65	592.55	591.73	591.59	591.39	589.97	589.62	590.77	589.55	587.86	589.66	588.7666667	588.5366667
266.2	593.2	592.94	592.65	592.42	593.05	592.25	592.22	592.04	590.98	590.14	591.26	590.09	588.4	589.63	588.7693333	588.3939048
266.3	594.01	593.5	593.08	592.6	593.24	592.75	592.6	592.54	591.7	590.74	591.23	590.75	589.01	589.16	588.5946667	588.0698095
266.4	594.46	593.88	593.31	593	592.98	593.05	592.77	592.97	592.48	590.91	591	591.24	589.56	588.63	588.3306667	587.6718095
266.5	594.34	594.34	593.72	593.61	593	593.41	593.15	593.51	593.35	591.03	590.93	591.67	590.04	588.54	588.2986667	587.5478095
266.6	594.78	594.71	594.18	594	593.37	593.47	593.37	593.71	593.92	591.71	591.09	592.16	590.52	589.05	588.7233333	587.9561905
266.7	595.31	594.65	594.57	594.19	593.92	593.36	593.5	593.78	594.32	592.51	591.56	592.45	591.43	589.9	589.5833333	588.8847619
266.8	595.42	594.8	595.12	594.57	594.58	593.65	593.72	593.99	594.78	593.1	592.1	592.43	592.47	590.44	590.2273333	589.5627619
266.9	595.48	595.3	595.38	594.93	594.91	594.19	593.7	593.91	594.79	593.65	592.32	592.33	592.97	590.71	590.552	589.9111429
267	595.2	595.65	595.25	595.3	595.08	594.87	593.83	593.88	594.74	594.09	592.62	592.36	593.12	590.99	590.7946667	590.168381
267.1	595.05	596.07	595.52	595.82	595.41	595.54	594.38	593.97	594.76	594.37	593.28	592.48	593.41	591.64	591.3953333	590.8444762
267.2	596.17	596.55	596.07	595.95	595.68	595.82	595.06	593.97	594.36	594.71	593.88	592.94	593.67	593.16	592.7806667	592.4932381
267.3	597.78	596.64	596.5	595.86	596.03	595.98	595.86	594.39	594.21	595.07	594.26	593.54	593.7	594.38	593.7953333	593.681619
267.4	598.51	596.71	597.01	596.29	596.47	596.25	596.51	595.16	594.19	595.22	594.48	593.85	593.73	594.5	593.9733333	593.8719048
267.5	598.98	596.98	597.36	596.92	596.49	596.42	596.72	595.97	594.29	595.4	594.58	594.18	593.72	594.34	593.8993333	593.7510476
267.6	599.54	597.1	597.34	597.41	596.5	596.74	596.89	596.85	595.05	595.52	594.71	594.73	593.79	594.68	594.0446667	593.8440952
267.7	600.04	597.27	597.44	597.91	597.1	597.07	597.06	597.46	596.02	595.61	595.11	595.14	594.38	594.99	594.3273333	594.075619
267.8	600.78	597.64	597.75	598.13	597.79	597.02	597.14	597.62	596.91	595.84	595.54	595.19	595.08	595.05	594.4086667	594.0678095
267.9	601.02	598	597.91	598.04	598.35	597.2	597.42	597.78	597.87	595.94	595.89	595.04	595.37	595.18	594.2806667	593.8232381
268	600.45	598.65	598.05	598.18	598.79	597.95	597.63	597.84	598.41	596.2	596.25	594.91	595.65	594.98	594.0526667	593.4772381
268.1	600.08	599.72	598.24	598.5	598.86	598.71	597.57	597.83	598.52	596.86	596.61	595.05	596.08	595.08	594.2566667	593.6538095
268.2	600.51	600.59	598.56	598.66	598.75	599.29	597.96	598.07	598.65	597.68	597.15	595.55	596.19	595.98	594.9246667	594.3698095
268.3	601.35	601.17	599.37	598.74	598.92	599.61	598.85	598.17	598.59	598.57	597.56	596.16	595.84	596.72	595.346	594.8048571
268.4	602.07	601.67	600.5	598.89	599.25	599.57	599.66	598.16	598.49	599.29	597.67	596.69	595.37	596.81	595.2726667	594.6686667
268.5	602.43	602.02	601.32	599.3	599.38	599.46	600.21	598.78	598.7	599.55	597.96	597.25	595.15	597.03	595.3806667	594.7446667
268.6	602.9	602.37	601.86	600.24	599.4	599.66	600.4	599.78	598.7	599.59	598.54	598.04	595.4	597.33	595.9413333	595.3721905
268.7	604.18	602.71	602.32	601.34	599.56	599.98	600.27	600.62	598.78	599.61	599.32	598.92	596.13	597	596.3193333	595.7553333
268.8	605.36	602.83	602.78	602.09	600.11	600.07	600.18	601.1	599.66	599.66	600.14	599.33	596.93	596.21	596.03	595.28
268.9	605.3	602.98	603.3	602.58	601.13	600.05	600.41	601.14	600.75	599.95	600.58	599.4	597.61	595.56	595.56	594.5842857
269	604.4	603.4	603.61	603.04	602.16	600.29	600.72	600.96	601.6	600.22	600.65	599.63	598.53	595.4	595.6293333	594.569619
269.1	603.76	603.96	603.62	603.59	602.85	601.01	600.73	600.89	601.96	600.2	600.64	600.15	599.79	595.85	596.538	595.616
269.2	603.92	604.61	603.83	604.17	603.3	602.03	600.71	601.16	601.86	600.45	600.65	600.95	600.79	596.9	597.9186667	597.2478095
269.3	604.49	605.19	604.36	604.39	603.78	602.99	601.08	601.43	601.66	601.17	600.94	601.58	601.07	597.83	598.8273333	598.2899048
269.4	605.05	605.46	604.97	604.39	604.45	603.62	601.92	601.37	601.59	602.06	601.46	601.75	601.04	598.71	599.3846667	598.8940952
269.5	604.83	605.75	605.55	604.77	605.01	604.03	602.92	601.39	601.91	602.83	601.67	601.71	601.18	600.16	600.2106667	599.820381
269.6	604.52	606.2	605.87	605.4	605.11	604.58	603.81	601.94	602.15	603.11	601.71	601.65	601.76	601.8	601.444	601.2765714
269.7	605.9	606.29	605.99	606	605.2	605.32	604.37	602.85	601.99	602.98	602.01	601.81	602.5	602.69	602.516	602.5691429
269.8	607.89	605.99	606.46	606.46	605.76	605.79	604.76	603.79	602.1	602.84	602.56	602.42	602.84	602.74	602.8893333	602.9767619
269.9	608.79	605.83	607.05	606.58	606.47	605.83	605.41	604.62	602.84	603.01	603.41	603	602.82	602.57	602.7086667	602.6420952
270	608.81	606	606.99	606.66	607.03	606.09	606.19	605.12	603.78	603.52	604.11	603.16	602.71	602.69	602.4453333	602.1930476
270.1	608.52	606.27	606.52	607.24	607.32	606.82	606.53	605.51	604.64	603.77	604.3	603.24	602.68	603.37	602.5986667	602.2935238
270.2	608.54	606.85	606.38	607.77	607.26	607.54	606.56	606.27	605.44	603.73	604.22	603.4	603.17	603.94	602.9833333	602.697619
270.3	609.18	607.52	606.66	607.5	607.37	608.02	607.04	607.03	605.86	603.98	604.17	603.86	604.03	603.96	603.344	603.068
270.4	609.61	607.83	607.14	606.98	608.04	608.13	607.91	607.24	606.27	604.7	604.56	604.77	604.52	603.87	603.5486667	603.196381
270.5	609.21	608.44	607.82	606.97	608.41	607.93	608.62	607.34	607.16	605.6	605.17	605.4	604.68	603.7	603.302	602.7354286
270.6	608.99	609.56	608.2	607.4	607.94	608.13	608.98	608.07	607.86	606.42	605.41	605.54	604.65	603.82	603.0786667	602.3535238
270.7	609.76	610.45	608.27	608.03	607.45	608.8	608.89	609.03	607.94	606.87	605.43	605.5	604.59	604.76	603.5813333	602.933619
270.8	611.01	610.94	609.06	608.7	607.61	608.95	608.61	609.66	608.17	607.07	605.77	605.59	605.18	605.71	604.4333333	603.9147619
270.9	612.11	611.2	610.39	608.85	608.19	608.33	608.91	609.88	609.16	607.69	606.49	606.2	606.14	606.06	604.9126667	604.3286667
271	612.54	611.26	611.37	608.91	608.95	607.97	609.54	609.6	610.16	608.62	607.34	606.9	606.68	606.19	605.0373333	604.2913333
271.1	612.69	611.42	611.88	609.9	609.53	608.31	609.42	609.29	610.68	609.04	607.96	607.11	606.82	605.87	604.7573333	603.855619
271.2	613.32	611.86	612.08	611.28	609.48	609.03	608.72	609.69	610.74	609.01	608.1	607.14	606.79	605.69	604.6246667	603.6855238
271.3	613.85	612.19	612.16	612.26	609.62	609.86	608.53	610.21	610.27	609.33	608.29	607.52	607.11	606.6	605.6086667	604.8720952
271.4	614.14	612.32	612.51	612.78	610.77	610.29	609.06	609.81	609.97	610.21	609.04	608.24	607.97	607.56	606.8746667	606.3155238
271.5	614.62	612.59	613.02	612.95	612.18	610.12	609.92	609.11	610.48	611.1	609.82	609.01	608.67	608	607.4633333	606.877619
271.6	615.26	613.06	613.22	613.1	613.16	610.44	610.78	609.16	610.83	611.5	610.03	609.32	608.79	608.13	607.5326667	606.894381
271.7	615.76	613.72	613.17	613.57	613.66	611.7	611.01	609.87	610.17	611.28	610.01	609.24	608.82	608.16	607.7933333	607.2733333
271.8	616.16	614.37	613.31	614.1	613.83	613.09	610.78	610.83	609.54	610.95	610.43	609.54	609.22	608.76	608.742	608.4568571
271.9	616.76	614.84	613.71	614.2	614.08	614.06	611.29	611.65	609.86	611.27	611.27	610.36	609.97	609.87	609.9573333	609.8213333
272	617.01	615.4	614.34	614.06	614.64	614.55	612.64	611.68	610.72	611.99	612.01	610.94	610.53	610.47	610.44	610.2485714
272.1	617.33	616.06	614.95	614.1	615.16	614.74	614.01	611.49	611.76	612.13	612.21	611	610.48	610.43	610.054	609.688
272.2	617.91	616.56	615.49	614.41	615.18	615.08	614.98	612.19	612.51	611.68	612.03	611.01	610.35	610.46	609.814	609.378
272.3	617.14	616.99	616.18	614.97	614.94	615.71	615.44	613.58	612.35	611.59	612.21	611.45	610.82	610.92	610.5346667	610.2426667
272.4	616	617.53	616.86	615.58	614.86	616.19	615.66	614.94	612.21	612.25	612.93	612.26	611.6	611.66	611.6146667	611.4612381
272.5	615.97	618.02	617.34	616.23	615.07	616.13	616.1	615.9	613.11	613.28	613.5	612.85	611.99	611.89	611.708	611.4045714
272.6	616.45	618.39	617.79	617.01	615.58	615.79	616.8	616.34	614.52	614.11	613.5	612.92	611.95	611.52	610.8806667	610.250381
272.7	617.35	618.97	618.33	617.68	616.24	615.58	617.23	616.61	615.9	614.3	613.46	613.07	611.94	611.48	610.4013333	609.5564762
272.8	618.41	619.31	618.77	618.16	617.02	615.71	617.08	617.14	616.85	614.02	613.96	613.75	612.43	612.12	610.992	610.174
272.9	618.98	619.15	619.2	618.63	617.85	616.21	616.6	617.87	617.26	614.15	614.91	614.55	613.21	612.8	611.932	611.204
273	619.47	619.31	619.84	619.14	618.51	616.96	616.25	618.25	617.58	615.02	615.71	614.94	613.61	613.01	612.1933333	611.397619
273.1	620.76	619.46	620.09	619.54	618.99	617.85	616.32	617.98	618.2	616.18	615.93	615.13	613.77	612.87	611.8786667	610.8878095
273.2	622.35	619.26	620.09	620.06	619.47	618.71	616.86	617.35	618.97	617.23	615.73	615.63	614.44	612.8	611.868	610.7445714
273.3	623.68	619.46	620.47	620.7	619.93	619.35	617.73	616.88	619.28	617.93	615.59	616.56	615.42	613.4	612.7673333	611.7399048
273.4	624.87	619.95	620.54	620.88	620.34	619.84	618.72	616.92	618.85	618.38	615.96	617.5	616.07	614.14	613.9226667	613.0958095
273.5	625.1	620.42	620.34	621.01	620.94	620.31	619.57	617.54	618.04	618.93	616.71	617.76	616.47	614.39	614.592	613.8897143
273.6	624.75	621.18	620.6	621.48	621.54	620.72	620.21	618.55	617.46	619.68	617.52	617.45	617.11	614.9	615.2953333	614.7073333
273.7	624.91	622.13	621.01	621.51	621.68	621.17	620.7	619.59	617.52	620.33	618.29	617.23	618.11	616.11	616.4546667	616.0326667
273.8	625.7	623	621.43	621.42	621.94	621.84	621.14	620.44	618.26	620.44	618.99	617.3	619.24	617.1	617.446	617.1291429
273.9	626.7	624.04	622.16	621.77	622.44	622.36	621.51	621.07	619.42	619.98	619.75	617.67	619.81	617.57	617.8493333	617.5110476
274	627.14	625.16	622.99	622.1	622.48	622.5	622.03	621.55	620.48	619.37	620.58	618.13	619.39	618.28	618.0326667	617.6500952
274.1	626.96	625.85	623.79	622.48	622.55	622.88	622.75	621.95	621.32	619.11	621.36	618.64	618.87	619.48	618.5326667	618.1715238
274.2	626.62	626.4	624.87	623.16	622.95	623.37	623.18	622.3	621.94	619.43	621.76	619.34	618.84	620.78	619.3493333	619.0639048
274.3	626.89	626.87	625.96	623.93	623.19	623.48	623.33	622.91	622.41	620.22	621.59	620.27	619	621.86	620.1186667	619.8978095
274.4	628.1	627.15	626.65	624.75	623.51	623.73	623.82	623.65	622.76	621.15	621.11	621.35	619.15	621.75	620.1306667	619.8218095
274.5	629	627.52	627.25	625.87	624.14	624.11	624.31	623.98	623.11	622	620.71	622.29	619.27	620.7	619.4806667	618.9475238
274.6	629.14	627.91	627.6	626.86	624.88	624.25	624.54	624.18	623.82	622.77	620.75	622.91	619.62	620.39	619.266	618.5677143
274.7	629	628.25	627.81	627.48	625.76	624.53	624.94	624.77	624.55	623.39	621.25	623.03	620.5	620.56	619.5293333	618.7624762
274.8	628.86	628.57	628.21	628.02	626.88	625.12	625.25	625.27	624.78	623.81	621.97	622.73	621.81	620.56	619.976	619.2234286
274.9	629.38	628.88	628.64	628.28	627.77	625.88	625.3	625.65	625.05	624.1	622.7	622.35	623.09	620.37	620.2653333	619.5001905
275	630.22	629.27	629.04	628.52	628.31	626.83	625.53	626.16	625.73	624.56	623.43	622.21	623.96	620.19	620.2746667	619.3969524
275.1	630.78	629.76	629.33	629	628.75	627.92	626.11	626.36	626.29	625.33	624.14	622.5	624.31	620.64	620.5733333	619.6319048
275.2	631.41	630.43	629.54	629.41	628.94	628.66	626.92	626.3	626.82	625.98	624.75	623.02	624.21	621.91	621.2893333	620.3867619
275.3	632.23	630.98	629.89	629.78	629.27	629.11	627.93	626.5	627.39	626.4	625.18	623.56	623.92	623.6	622.2073333	621.4070476
275.4	632.72	631.33	630.54	630.01	629.81	629.43	628.94	627.12	627.44	626.94	625.48	624.14	623.72	624.88	623.0533333	622.3733333
275.5	633.36	631.68	631.37	630.17	630.19	629.62	629.53	627.98	627.27	627.56	626	624.82	623.86	625.51	623.7286667	623.126381
275.6	634.53	631.93	631.95	630.62	630.49	630.08	629.88	629.03	627.47	628.03	626.79	625.52	624.27	625.6	624.09	623.4642857
275.7	635.27	632.37	632.34	631.46	630.64	630.64	630.09	629.93	628.14	628.56	627.48	626.15	624.65	625.39	624.0473333	623.2813333
275.8	635.98	633.14	632.63	632.35	630.81	630.95	630.33	630.36	629.08	629	628.11	626.57	625	625.23	623.886	622.9491429
275.9	636.79	633.79	632.82	632.88	631.43	631.16	630.94	630.61	630.12	629.01	628.86	626.86	625.51	625.27	623.93	622.88
276	636.93	634.34	633.38	633.29	632.45	631.24	631.46	630.74	630.89	629.02	629.42	627.44	626.19	625.62	624.4146667	623.3626667
276.1	636.93	635.16	634.16	633.55	633.31	631.49	631.69	631.09	631.14	629.35	629.78	628.3	626.93	625.99	625.1326667	624.1472381
276.2	637.06	635.92	634.74	633.77	633.8	632.34	631.81	631.81	631.3	629.97	630.22	629.14	627.58	626.13	625.6466667	624.672381
276.3	637	636.46	635.35	634.44	634.24	633.48	631.83	632.25	631.4	630.82	630.45	630	627.92	626.36	626.0566667	625.0752381
276.4	637.28	637.26	636.17	635.19	634.46	634.25	632.23	632.38	631.89	631.82	630.45	630.8	628.21	626.88	626.4553333	625.4401905
276.5	638.4	637.93	636.8	635.74	634.76	634.73	633.34	632.41	632.72	632.49	630.67	631.22	628.91	627.6	627.0226667	626.0000952
276.6	639.84	638.17	637.34	636.41	635.53	635.17	634.51	632.43	633.01	632.69	631.15	631.44	629.91	628.41	627.9966667	627.1095238
276.7	641.25	638.44	638.22	637.2	636.22	635.38	635.17	633.06	633.04	632.81	631.76	631.75	630.96	629.04	629.004	628.2737143
276.8	642.98	638.61	638.79	637.74	636.77	635.81	635.67	634.39	633.02	633.02	632.63	631.89	631.98	629.23	629.6806667	629.0289524
276.9	644.61	638.71	638.97	638.33	637.49	636.61	636.11	635.52	633.06	633.53	633.53	632.01	632.68	629.56	630.238	629.6217143
277	645.69	639.2	639.17	639.23	638.21	637.24	636.32	636.07	633.96	634.17	633.94	632.43	632.88	630.48	630.6986667	630.0478095
277.1	646.68	639.95	639.25	639.67	638.69	637.82	636.9	636.62	635.51	634.52	634.15	632.92	633.01	631.71	631.1606667	630.4532381
277.2	647.1	640.78	639.44	639.74	639.36	638.57	637.7	637.04	636.52	634.66	634.45	633.51	633.22	632.95	631.9073333	631.2470476
277.3	646.66	642.03	640.04	639.83	640.23	639.2	638.27	637.28	636.96	634.75	634.79	634.39	633.35	634	632.7666667	632.212381
277.4	646.37	643.6	640.75	639.86	640.53	639.67	638.9	638.01	637.6	635.25	635.25	635.11	633.69	634.49	633.1946667	632.6126667
277.5	645.98	645.04	641.57	640.18	640.47	640.43	639.64	638.76	637.98	636.36	635.63	635.38	634.21	634.42	633.2133333	632.5133333
277.6	645.24	646.42	642.89	640.89	640.45	641.21	640.19	639.3	638.27	637.57	635.88	635.74	634.62	634.52	633.326	632.5334286
277.7	645.23	647.63	644.46	641.61	640.49	641.34	640.67	639.99	639.15	638.49	636.19	636.21	635.25	634.72	633.4833333	632.5733333
277.8	646.25	648.23	645.95	642.51	640.96	641.15	641.52	640.69	639.82	639.22	636.72	636.52	636.1	634.92	633.8106667	632.8375238
277.9	647.27	648.53	647.45	643.94	641.75	641.03	642.17	641.17	640.34	639.81	637.58	636.78	636.57	635.5	634.2913333	633.2993333
278	648.09	648.77	648.58	645.52	642.5	641.14	642.11	641.7	641.1	640.08	638.62	637	636.88	635.98	634.5946667	633.5426667
278.1	648.9	648.65	649.07	647.08	643.52	641.78	641.79	642.59	641.74	640.5	639.62	637.33	637.48	636.26	634.9466667	633.8395238
278.2	649.66	648.4	649.4	648.6	645.02	642.63	641.6	643.08	642.16	641.19	640.58	638.02	637.96	636.98	635.6666667	634.5766667
278.3	651.21	648.37	649.69	649.56	646.64	643.45	641.84	642.82	642.74	641.76	641.44	638.97	638.1	637.74	636.28	635.1814286
278.4	653.48	648.41	649.72	649.92	648.29	644.6	642.64	642.37	643.67	642.45	641.9	639.88	638.16	638.02	636.366	635.1334286
278.5	654.99	648.59	649.61	650.23	649.78	646.17	643.55	642.17	643.97	643.03	642.07	640.7	638.35	638.52	636.8406667	635.6218095
278.6	655.34	649.27	649.46	650.57	650.52	647.83	644.44	642.58	643.47	643.2	642.52	641.7	638.99	639.37	638.1466667	637.1766667
278.7	655.18	650.3	649.27	650.73	650.75	649.57	645.72	643.53	642.92	643.46	643.08	642.83	640.16	639.64	639.36	638.6014286
278.8	655.35	651.34	649.41	650.67	651.05	650.93	647.34	644.48	642.77	644.29	643.64	643.65	641.3	639.5	639.994	639.2708571
278.9	656.28	652.57	650.18	650.4	651.47	651.43	649.08	645.47	643.38	645.27	644.29	643.92	641.99	639.49	640.0906667	639.2432381
279	657.32	653.98	651.3	650.12	651.77	651.55	650.88	646.88	644.46	645.55	644.61	644.04	642.7	639.84	640.3113333	639.3907619
279.1	657.99	655.27	652.33	650.31	651.69	651.87	652.03	648.54	645.46	645.25	644.73	644.45	643.91	640.98	641.46	640.6971429
279.2	658.58	656.47	653.45	651.2	651.27	652.41	652.29	650.39	646.55	645	645.27	644.94	645.14	642.59	642.944	642.3808571
279.3	659.68	657.55	654.82	652.39	650.97	652.8	652.34	652.18	648.07	645.39	646.32	645.5	645.76	643.57	643.5473333	642.9127619
279.4	661.11	658.26	656.18	653.36	651.26	652.62	652.71	653.06	649.78	646.5	647.15	646.01	645.84	643.92	643.2913333	642.3650476
279.5	662.46	658.67	657.57	654.46	652.27	652.09	653.42	653.11	651.73	647.73	647.34	646.12	645.94	644.78	643.1393333	641.9581905
279.6	663.56	659.03	658.8	655.88	653.49	651.84	653.84	653.1	653.48	648.71	647.23	646.37	646.3	646.31	643.6726667	642.4172381
279.7	663.83	659.49	659.49	657.31	654.4	652.26	653.51	653.58	654.03	649.53	647.32	647.22	646.78	647.45	644.5966667	643.4180952
279.8	663.76	660.13	659.8	658.79	655.51	653.39	652.91	654.46	653.89	650.46	648.12	648.32	647.32	647.8	645.3513333	644.2179048
279.9	663.89	661	660.1	660.04	657.02	654.59	652.73	654.84	653.86	651.85	649.33	649.02	647.57	647.71	645.5	644.2457143
280	664.11	661.94	660.47	660.66	658.51	655.43	653.29	654.34	654.5	653.79	650.37	649.27	647.62	647.79	645.2406667	643.7218095
280.1	664.75	662.91	661.01	660.92	660.04	656.64	654.56	653.73	655.58	655.29	651.17	649.4	648.16	648.16	645.2673333	643.545619
280.2	665.81	663.89	661.81	661.2	661.27	658.23	655.68	653.65	655.83	655.49	651.84	649.86	649.23	648.61	646.124	644.4994286
280.3	666.99	664.67	662.69	661.46	661.82	659.76	656.48	654.36	655.13	655.11	652.62	650.94	650.28	649.05	647.5313333	646.2007619
280.4	668.32	665.33	663.63	661.91	662.07	661.31	657.83	655.74	654.56	655.2	653.99	652.08	650.96	649.06	648.4286667	647.2249524
280.5	669.57	665.93	664.58	662.7	662.29	662.49	659.49	656.75	654.6	656.18	655.71	652.91	651.38	649.22	648.9233333	647.6633333
280.6	670.66	666.48	665.37	663.56	662.41	662.97	661.03	657.54	655.46	657.33	656.68	653.54	651.74	650.11	649.4773333	648.1441905
280.7	671.84	667.14	666.09	664.47	662.8	663.21	662.6	659.09	656.96	657.65	656.76	653.99	652.58	651.29	650.2386667	648.9149524
280.8	672.72	667.95	666.82	665.37	663.61	663.33	663.7	660.77	657.8	657.13	656.72	654.66	653.76	652.27	651.408	650.2702857
280.9	673.32	668.92	667.53	666.12	664.47	663.31	664.13	662.3	658.62	656.84	657.22	655.98	654.69	653.08	652.5326667	651.5215238
281	674.02	670.03	668.26	666.87	665.34	663.7	664.37	663.89	660.42	657.39	658.3	657.38	655.35	653.69	653.0193333	651.8567619
281.1	674.66	671.18	669.1	667.74	666.18	664.54	664.34	664.89	662.06	658.52	659.24	658.05	655.74	654.27	653.132	651.7468571
281.2	675.48	672.39	670.08	668.6	666.87	665.39	664.18	665.28	663.58	659.62	659.38	658.23	655.93	655.42	653.3913333	651.8764762
281.3	677.12	673.48	671.16	669.42	667.67	666.21	664.62	665.5	665.21	660.39	659.13	658.56	656.56	656.53	653.8506667	652.2660952
281.4	679.28	674.29	672.37	670.32	668.71	666.97	665.5	665.26	666.08	661.5	659.3	659.29	657.79	657.19	654.6326667	653.044381
281.5	681.47	675.04	673.63	671.32	669.71	667.61	666.32	665.02	666.44	663.02	659.95	660.31	658.88	657.7	655.474	653.8808571
281.6	683.91	675.82	674.63	672.41	670.61	668.51	667.09	665.56	666.62	664.42	660.92	661.13	659.49	657.77	655.842	654.1611429
281.7	685.61	676.59	675.34	673.69	671.58	669.75	667.75	666.47	666.14	665.77	661.71	661.3	659.94	657.72	656.0966667	654.382381
281.8	686.03	677.55	676.05	674.95	672.59	670.86	668.36	667.24	665.85	667.07	662.56	661.41	660.51	658.35	656.792	655.1254286
281.9	686.37	678.85	676.84	675.82	673.71	671.84	669.44	667.94	666.54	668.07	663.91	661.82	661.28	659.45	657.7206667	656.0660952
282	687.09	680.3	677.66	676.43	675.07	672.87	670.86	668.5	667.46	668.78	665.38	662.39	662.3	660.4	658.6786667	657.0292381
282.1	687.49	682	678.65	677.1	676.28	673.87	672.04	669.12	668.14	668.86	666.81	663.1	663.08	661.14	659.5833333	657.9819048
282.2	687.87	683.95	679.88	677.9	677	675.06	673.11	670.43	668.78	668.42	668.25	663.8	663.46	661.86	660.3686667	658.8278095
282.3	688.71	685.52	681.25	678.78	677.52	676.48	674.17	672.01	669.24	668.44	669.51	664.87	663.87	662.5	661.2	659.7128571
282.4	689.39	686.64	682.92	679.8	678.16	677.58	675.18	673.25	669.91	669.19	670.49	666.3	664.24	663.23	661.9826667	660.484381
282.5	690.95	687.67	684.82	681.02	678.99	678.16	676.47	674.41	671.51	670.25	671.15	667.77	664.63	664.38	662.6926667	661.0958095
282.6	694.32	688.4	686.32	682.39	679.93	678.59	677.92	675.48	673.24	671.16	671.14	669.28	665.13	665.22	663.19	661.4742857
282.7	698.04	688.89	687.44	684.07	680.96	679.22	678.87	676.5	674.5	671.7	670.95	670.73	665.98	665.87	663.902	662.1725714
282.8	700.95	689.58	688.42	685.92	682.19	680.1	679.29	677.91	675.74	672.13	671.3	671.97	667.23	666.39	664.7153333	662.9787619
282.9	703.09	690.45	689.12	687.29	683.59	681.08	679.66	679.33	676.81	673.09	672.09	672.94	668.66	666.51	665.2893333	663.4624762
283	704.7	691.48	689.68	688.29	685.31	682.14	680.3	680.09	677.84	674.76	673.03	673.53	670.21	666.69	665.7866667	663.8180952
283.1	706.04	693.32	690.42	689.18	687.07	683.4	681.26	680.39	679.39	676.47	673.82	673.58	671.77	667.19	666.1693333	664.0167619
283.2	707.81	695.79	691.31	689.87	688.28	684.85	682.26	680.7	680.75	677.77	674.31	673.67	673.21	668.29	667.0046667	664.8155238
283.3	709.86	698.29	692.54	690.5	689.12	686.58	683.35	681.39	681.29	678.61	674.91	674.15	674.44	669.59	668.3213333	666.2707619
283.4	711.25	700.83	694.55	691.27	689.94	688.22	684.66	682.43	681.46	679.25	676.15	674.9	675.43	671.07	669.9106667	668.0632381
283.5	712.24	703.27	696.98	692.25	690.68	689.23	686.14	683.44	681.74	680.39	677.79	675.77	675.97	672.74	671.372	669.6497143
283.6	713.43	705.33	699.43	693.73	691.35	689.92	687.88	684.58	682.52	682.07	679.25	676.46	676.17	674.3	672.3026667	670.5429524
283.7	714.94	707.07	701.98	695.95	692.13	690.7	689.37	685.93	683.64	683.27	680.34	676.98	676.45	675.75	673.078	671.2702857
283.8	717.24	708.62	704.35	698.46	693.26	691.5	690.14	687.44	684.63	683.67	681.04	677.82	676.91	676.98	674	672.2357143
283.9	720.57	710.06	706.38	700.96	695.02	692.19	690.7	689.17	685.83	684.05	681.85	679.19	677.64	677.99	674.9826667	673.2372381
284	724.08	711.46	708.03	703.44	697.45	693.01	691.51	690.46	687.24	684.86	683.33	680.69	678.46	678.56	675.666	673.802
284.1	727.54	713.01	709.38	705.66	700.07	694.36	692.36	690.97	688.75	686.09	684.89	681.95	679.09	678.91	675.966	673.8762857
284.2	731.52	714.75	710.69	707.58	702.61	696.4	693.04	691.45	690.47	687.34	685.73	682.83	679.75	679.24	676.0446667	673.7069524
284.3	735.87	716.67	712.11	709.06	704.96	699.04	693.96	692.34	691.51	688.22	686.22	683.52	680.78	679.62	676.5313333	674.1179048
284.4	740.17	719.02	713.74	710.22	707.02	701.79	695.56	693.22	691.74	689.13	687.02	684.63	682.12	680.38	677.8146667	675.5226667
284.5	744.49	721.75	715.61	711.49	708.82	704.32	697.89	693.88	692.21	690.58	688.17	686.24	683.46	681.17	679.1226667	676.8800952
284.6	748.77	724.69	717.72	712.93	710.09	706.48	700.74	694.96	693.23	692.33	689.47	687.54	684.54	681.81	679.9133333	677.5590476
284.7	752.52	727.97	720.19	714.62	711.1	708.38	703.6	696.84	694.11	693.62	690.54	688.23	685.27	682.63	680.5906667	678.1689524
284.8	756.23	731.59	722.95	716.64	712.36	710.02	706.03	699.45	694.73	694.08	691.43	689.02	686.11	683.73	681.718	679.3945714
284.9	760.56	735.32	725.94	718.97	713.81	711.06	707.98	702.53	696.04	694.57	692.72	690.24	687.51	684.98	683.114	680.858
285	764.4	739.19	729.22	721.6	715.58	711.98	709.76	705.44	698.23	695.91	694.44	691.56	689.06	686.17	684.1886667	681.796381
285.1	767.31	743.27	732.67	724.48	717.79	713.25	711.2	707.7	701.11	697.66	695.97	692.77	690.07	687.06	684.4846667	681.7355238
285.2	770.69	747.36	736.23	727.57	720.34	714.71	712.01	709.42	704.41	698.94	696.84	693.73	690.86	687.76	684.3633333	681.2033333
285.3	775.43	751.27	740	730.81	723.15	716.59	712.91	711.09	707.31	699.86	697.36	694.84	692.11	688.86	684.9213333	681.5493333
285.4	781.37	755.31	744	734.11	726.18	719.03	714.18	712.3	709.32	701.3	698.41	696.52	693.6	690.43	686.3193333	682.9067619
285.5	788.03	759.42	748.03	737.56	729.34	721.8	715.65	712.9	710.82	703.53	700.21	698.24	694.92	691.78	687.6166667	684.102381
285.6	793.95	763.14	751.92	741.26	732.5	724.79	717.7	713.83	712.4	706.35	701.93	699.37	695.99	692.63	688.196	684.4105714
285.7	798.45	766.8	755.94	745.2	735.66	727.98	720.39	715.1	713.37	709.07	702.93	700.04	696.98	693.76	688.9706667	685.050381
285.8	803.73	770.95	759.95	749.17	739.05	731.16	723.38	716.6	713.76	711.08	703.98	700.95	698.48	695.5	690.7453333	686.9701905
285.9	810.38	775.45	763.7	753.02	742.69	734.19	726.56	718.88	714.79	712.77	705.8	702.56	700.4	697.03	692.6433333	688.9533333
286	816.95	780.37	767.58	756.98	746.58	737.25	729.88	721.84	716.05	714.52	708.27	704.6	701.81	698.22	694.15	690.4085714
286.1	823.24	785.9	771.85	760.95	750.49	740.58	733.03	725.02	717.58	716.22	711	706.08	702.59	699.23	695.0273333	691.0970476
286.2	828.55	791.39	776.27	764.75	754.27	744.16	735.9	728.39	720.18	717.61	713.42	706.94	703.42	700.41	695.54	691.3142857
286.3	833.43	796.87	781.06	768.77	758.19	748.01	738.89	731.82	723.4	719.09	715.33	708.28	704.85	702.36	696.7213333	692.293619
286.4	840.34	803.02	786.49	773.13	762.14	751.84	742.17	734.86	726.76	721	717.2	710.44	706.93	704.27	698.2913333	693.6793333
286.5	848.9	809.21	791.93	777.54	766.02	755.56	745.71	737.58	730.32	723.04	719.37	712.98	708.95	705.16	699.1906667	694.2060952
286.6	857.39	815.22	797.6	782.34	770.16	759.44	749.52	740.53	733.8	725.41	721.4	715.51	710.07	705.83	699.494	694.0151429
286.7	865.4	821.47	803.87	787.78	774.59	763.41	753.27	743.75	736.68	728.18	723.19	717.71	711.01	707.15	700.1893333	694.3424762
286.8	872.38	827.41	809.9	793.17	779.01	767.37	756.92	747.25	739.25	731.04	725.27	719.67	712.76	709.06	701.7026667	695.6629524
286.9	880.89	833.45	815.91	798.97	783.9	771.62	760.8	751.04	742.18	734.27	727.61	721.93	715.1	711.43	703.726	697.5277143
287	893.83	840.28	822.22	805.29	789.34	776.09	764.8	754.67	745.35	737.86	730.03	724.51	717.54	713.23	705.3786667	698.8906667
287.1	906.64	847.24	828.27	811.26	794.72	780.56	768.84	758.27	748.81	741.25	732.81	726.89	719.89	714.04	706.23	699.2628571
287.2	915.33	854.22	834.51	817.35	800.64	785.55	773.19	762.18	752.58	744.12	735.68	729.18	722.01	715.26	707.1953333	699.7830476
287.3	911.22	861.39	841.23	823.7	806.97	790.96	777.71	766.23	756.09	746.76	738.55	731.79	724.21	717.41	709.0206667	701.3689524
287.4	894.8	868.76	847.79	829.79	812.95	796.35	782.24	770.33	759.64	749.79	741.83	734.51	726.99	719.76	711.2413333	703.3807619
287.5	888.97	877.63	854.41	836.14	819.13	802.38	787.37	774.81	763.64	753.4	745.37	737.33	729.96	721.99	713.2873333	705.0984762
287.6	896.9	887.79	861.34	842.77	825.5	808.71	792.72	779.36	767.74	757.45	748.61	740.33	732.72	724.28	715.2113333	706.6464762
287.7	909.8	897.57	868.63	849.05	831.64	814.74	798.12	783.97	771.89	761.5	751.44	743.17	735.56	726.44	716.9993333	708.0467619
287.8	923.06	904.83	877.22	855.41	838.06	821.01	804.29	789.22	776.49	765.42	754.41	746.04	738.6	729.05	719.0653333	709.7501905
287.9	931.09	905.3	886.44	862.12	844.59	827.37	810.62	794.48	781.1	769.53	757.96	749.36	741.67	732.43	721.7886667	712.2020952
288	938.2	903.33	895.49	869.27	850.64	833.56	816.73	799.93	785.78	773.95	762.19	752.83	744.83	735.78	724.5546667	714.648381
288.1	965.98	905.96	902.46	877.52	856.75	840.03	823.07	806.24	791.14	778.55	766.74	755.98	747.87	738.96	726.8366667	716.4452381
288.2	1010.9	909.8	904.25	886.1	863.24	846.41	829.4	812.58	796.28	783.02	771.05	758.96	750.58	742.29	729.094	718.2551429
288.3	1033.4	915.33	905.53	894.71	870.24	852.22	835.64	818.76	801.79	787.73	775.24	762.36	753.49	745.75	731.48	720.1714286
288.4	1035.9	923.98	908.83	901.35	878.1	858.09	842.15	825.16	808.3	792.81	779.76	766.53	756.86	749.1	733.852	721.9354286
288.5	1033.9	932.07	911.33	903.97	886.25	864.35	848.35	831.46	814.64	797.93	784.65	771.41	760.26	752.47	736.5166667	724.0280952
288.6	1027.2	944.51	916.55	907.14	894.54	871.14	853.9	837.74	820.88	803.11	789.46	776.31	763.42	755.39	738.7946667	725.6612381
288.7	1024.7	968.41	924.88	910.9	900.83	878.58	859.53	844.27	827.32	808.48	794.09	780.82	766.71	757.96	740.692	726.824
288.8	1026.5	992.07	933.18	913.5	904.29	886.43	865.58	850.25	833.6	814.66	798.89	785.33	770.65	760.95	743.1293333	728.5910476
288.9	1024.5	1005.5	946.31	919.38	908.71	894.4	872.12	855.49	839.92	821.4	803.89	790.33	775.55	764.38	746.364	731.2551429
289	1020.8	1016.9	967.19	927.73	912.78	900.45	879.19	860.9	846.45	827.91	809.04	795.63	780.99	767.76	749.868	734.2217143
289.1	1023.1	1023.9	984.61	936.17	916.18	904.88	886.84	866.72	852.17	833.98	814.36	800.54	786.09	771.05	753.3893333	737.3010476
289.2	1030.7	1023.9	996.61	949.47	922.88	910.19	894.52	872.96	857.06	839.89	820.25	805.21	790.78	774.78	757.2846667	740.8912381
289.3	1039.4	1024.7	1009.7	967.74	931.17	914.63	900.47	879.72	862.27	846.14	826.87	810.01	795.71	779.39	761.81	745.1657143
289.4	1046.6	1025.2	1016.7	981.38	939.72	919.14	905.84	887.22	867.86	852.63	833.57	814.99	801.26	785.07	767.2326667	750.4715238
289.5	1052.4	1023.8	1017.6	992.65	952.71	926.49	911.84	894.62	873.75	858.67	839.93	820.23	806.76	790.88	772.7253333	755.8744762
289.6	1056.5	1024.4	1019	1005.2	968.37	934.56	916.89	900.69	880.27	864.04	846.02	825.94	811.66	796.09	777.5246667	760.4355238
289.7	1059.2	1028.8	1019.3	1010.9	979.47	943.14	922.63	906.95	887.67	869.56	852.17	832.34	816.3	801.01	781.884	764.3722857
289.8	1062.5	1034.6	1018.8	1012.2	990.05	955.38	930.43	913.59	894.84	875.54	858.69	839.13	821.09	806.48	786.824	768.9751429
289.9	1065.3	1041	1021	1014.1	1001	968.31	938.18	919.49	901.25	881.56	865.25	845.74	826.11	812.53	792.4606667	774.4760952
290	1065.9	1047.5	1025.9	1014.7	1005.4	977.58	946.58	926.35	908.35	887.78	871.09	852.01	831.59	818.04	797.5566667	779.2938095
290.1	1066.2	1053.3	1031.4	1015.3	1007.1	987.29	957.72	934.32	915.68	894.12	876.33	858.22	837.84	822.81	802.37	783.7614286
290.2	1068	1058.1	1037.3	1018.8	1009.4	996.1	968.21	941.67	922.62	900.72	881.81	864.65	844.6	827.38	807.458	788.5517143
290.3	1071.8	1062	1043.6	1023.6	1010.5	999.65	976.03	949.62	930.36	908.09	887.7	871.4	851.37	832.2	812.4606667	793.110381
290.4	1077.2	1065.7	1049.3	1028.7	1012.4	1002	984.41	959.34	938.28	915.9	893.83	877.88	857.87	837.35	817.3826667	797.534381
290.5	1082.8	1068.1	1054	1034.5	1016.8	1004.7	991.11	967.7	945.13	923.21	900.06	883.45	864.19	843.3	822.9413333	802.8607619
290.6	1086.8	1069.5	1058.2	1040.6	1021.9	1006.6	994.24	974.13	952.33	929.91	906.18	888.54	870.59	850.08	828.92	808.7242857
290.7	1090.4	1071.2	1061.6	1046	1027.1	1009.6	997.23	980.78	960.44	936.72	912.55	893.96	877.3	856.96	834.8966667	814.4895238
290.8	1094.3	1073.9	1063.9	1050.6	1033	1014.6	1000.4	985.74	967.01	943.65	919.59	899.92	884.2	863.66	841.528	821.106
290.9	1096.5	1077.7	1065.7	1054.6	1038.7	1020	1003.2	988.87	971.89	950.2	926.81	906.18	890.44	870.08	848.3706667	828.1146667
291	1095.7	1082.3	1067.8	1058	1043.8	1025.4	1007.3	992.5	976.57	956.55	933.47	912.22	895.7	876.55	854.7866667	834.6752381
291.1	1092	1086.7	1070.5	1060.4	1048.2	1031.2	1012.8	996.24	980.36	962.52	939.8	917.97	900.63	883.19	861.41	841.6
291.2	1088.3	1090.5	1074	1062.4	1051.9	1036.5	1018.5	1000	983.79	967.91	946.33	924.06	906.08	890.16	868.7973333	849.485619
291.3	1086.6	1094.5	1078	1064.7	1054.8	1041.3	1024.1	1005	988.09	973.02	952.82	930.71	912.23	897.08	876.372	857.5282857
291.4	1086.8	1098.2	1081.8	1067.4	1057.1	1045.5	1029.7	1011	992.59	977.86	959.06	937.29	918.46	902.97	883.2313333	864.7150476
291.5	1087.2	1099.8	1085.6	1070.7	1059.2	1049	1034.6	1017	997.3	982.6	965.09	943.42	924.1	907.87	888.9646667	870.5555238
291.6	1087	1098.9	1089.5	1074.4	1061.6	1051.6	1039.2	1022.7	1003.1	987.37	970.64	949.45	929.41	912.65	894.038	875.5431429
291.7	1085.6	1096.3	1092.8	1077.8	1064.3	1054	1043.1	1028	1009.5	992.35	975.85	955.62	935.2	918.34	899.7286667	881.2292381
291.8	1083.3	1094.2	1094.3	1081.4	1067.5	1056.2	1046.2	1032.5	1015.7	997.3	980.96	961.74	941.38	924.68	906.0853333	887.7401905
291.9	1081.2	1093.5	1093.7	1085.1	1070.8	1058.6	1048.8	1036.9	1021.5	1002.2	985.88	967.74	947.36	930.63	912.184	893.9837143
292	1080	1093.7	1092	1088	1074	1061.4	1051.2	1040.5	1026.3	1007.5	990.61	973.38	953.09	935.7	917.7506667	899.6518095
292.1	1078.9	1094	1090.6	1089.1	1077.4	1064.4	1053.5	1043.3	1030.5	1012.8	995.22	978.58	958.8	940.56	923.2426667	905.2900952
292.2	1077.5	1093.6	1090.1	1088.7	1080.8	1067.5	1055.9	1045.8	1034.7	1017.9	999.71	983.81	964.6	946.03	929.21	911.52
292.3	1076.2	1092.2	1090.1	1087.5	1083.2	1070.6	1058.7	1048.4	1037.9	1022.4	1004.1	988.99	970.48	951.71	935.748	918.5531429
292.4	1074.1	1090.3	1090.2	1086.6	1084.1	1073.7	1061.4	1050.6	1040.4	1026.9	1008.7	993.89	976.21	957.19	942.2553333	925.6001905
292.5	1072.3	1088.9	1089.8	1086.2	1083.8	1076.8	1064.1	1053.1	1043.1	1031.5	1013.5	998.5	981.4	962.55	948.2866667	932.0566667
292.6	1071.9	1088.2	1088.7	1086.2	1083	1078.8	1066.9	1055.8	1045.7	1035.2	1018	1002.7	986.49	967.93	954.3086667	938.586381
292.7	1071.8	1087.3	1087.2	1086.2	1082.3	1079.6	1069.8	1058.2	1047.9	1037.6	1022.1	1006.5	991.85	973.45	960.7233333	945.7204762
292.8	1070.5	1086.1	1086.2	1085.9	1082.1	1079.5	1072.5	1060.7	1050.4	1039.7	1025.9	1010.5	997.03	979.15	967.1473333	952.8713333
292.9	1068.9	1084.6	1085.6	1085	1082.1	1078.9	1074.2	1063.3	1053	1042.7	1029.9	1014.8	1001.8	984.53	973.1066667	959.3880952
293	1066.2	1082.6	1084.8	1083.8	1082.2	1078.4	1074.9	1065.8	1055.2	1046.2	1033.6	1018.8	1006.1	989.35	978.44	965.1728571
293.1	1062.5	1081.4	1083.8	1083.1	1081.8	1078.3	1074.9	1068.2	1057.4	1049	1036.5	1022.3	1009.6	994.56	983.5666667	970.8066667
293.2	1060.7	1080.8	1082.2	1082.6	1081	1078.5	1074.6	1069.7	1059.7	1050.6	1038.5	1025.6	1012.9	1000.1	988.8333333	976.7190476
293.3	1059.4	1081.1	1080.4	1081.9	1080.1	1078.5	1074.3	1070.5	1061.9	1051.9	1040.9	1028.9	1016.6	1005.2	994.0933333	982.6247619
293.4	1057.4	1081.5	1079.4	1080.9	1079.7	1078.2	1074.3	1070.6	1063.9	1053.9	1043.9	1032.3	1020.3	1009.8	999.06	988.12
293.5	1055.6	1079.9	1079.1	1079.4	1079.3	1077.5	1074.6	1070.4	1065.2	1056.7	1046.8	1035.2	1023.3	1013.5	1003.086667	992.5066667
293.6	1053.9	1076.8	1078.2	1077.8	1078.7	1076.8	1074.6	1070.3	1066	1059.5	1048.9	1037.5	1026	1016.1	1006.193333	995.867619
293.7	1052.2	1074	1076.7	1077	1077.8	1076.6	1074.4	1070.6	1066.4	1061.1	1050.2	1039.5	1028.7	1019	1009.66	999.8057143
293.8	1052.1	1072.4	1074.7	1076.5	1076.3	1076.4	1073.8	1070.8	1066.3	1061.5	1051.7	1042	1031.4	1022.4	1013.933333	1004.804762
293.9	1051.1	1070.7	1071.8	1075.4	1074.9	1075.9	1073.3	1070.9	1066.4	1062	1053.8	1044.8	1034	1025.1	1017.733333	1009.17619
294	1047.4	1068.8	1069.5	1073.9	1074.2	1074.9	1073.4	1070.7	1066.8	1063	1056.3	1047	1036.4	1027.2	1020.74	1012.537143
294.1	1043.6	1067.2	1068.3	1071.9	1073.6	1073.5	1073.3	1070.3	1067.1	1064.1	1058.3	1048.5	1038.3	1029.2	1023.246667	1015.340952
294.2	1040.2	1065.2	1066.9	1069.3	1072.4	1072.3	1072.8	1070.1	1067.2	1064.7	1059.1	1049.7	1040.4	1031.4	1025.953333	1018.487619
294.3	1036.1	1063.2	1065.3	1067.5	1070.8	1071.7	1071.8	1070.3	1067.1	1064.9	1059.3	1051.4	1042.9	1033.4	1028.926667	1022.000952
294.4	1031.8	1061.6	1063.7	1066.3	1068.9	1070.9	1070.5	1070.3	1066.7	1064.9	1059.9	1053.3	1045.2	1035.4	1032.013333	1025.664762
294.5	1025.5	1058.8	1061.8	1064.9	1066.6	1069.5	1069.5	1069.8	1066.8	1064.9	1060.8	1055.3	1046.8	1037.4	1034.653333	1028.744762
294.6	1018.2	1054.5	1060.6	1063.5	1065.1	1068	1068.8	1068.9	1067.2	1064.9	1061.6	1056.6	1048	1039.3	1036.746667	1031.169524
294.7	1012.9	1050.3	1059.9	1061.9	1064	1066.1	1067.9	1067.7	1067.3	1064.7	1061.9	1056.9	1049.3	1041.4	1038.846667	1033.68381
294.8	1010.5	1045.6	1057	1060	1062.7	1064.1	1066.5	1066.8	1066.8	1065.1	1061.8	1057.1	1050.8	1043.6	1041.173333	1036.499048
294.9	1009.4	1040.5	1052.8	1058.6	1061.3	1062.8	1065	1066.1	1065.9	1065.7	1061.5	1057.7	1052.5	1045.3	1043.46	1039.277143
295	1007.6	1035.5	1048.9	1057.1	1059.8	1061.8	1063.2	1065	1064.8	1065.7	1061.4	1058.6	1053.9	1046.4	1045.446667	1041.726667
295.1	1004.6	1030.3	1044.5	1053.8	1057.9	1060.6	1061.5	1063.6	1064	1064.9	1061.2	1059	1054.5	1047.5	1046.926667	1043.615238
295.2	1001	1025.5	1040	1049.9	1056.5	1059.4	1060.4	1062.1	1063.2	1063.7	1061.1	1058.9	1054.5	1048.9	1048.253333	1045.359048
295.3	998.08	1022.1	1035.2	1046	1054.7	1057.7	1059.5	1060.5	1062	1062.9	1061.3	1058.4	1054.7	1050.1	1049.533333	1047.047619
295.4	995.74	1019.8	1029.8	1042	1051.2	1055.8	1058.4	1059	1060.6	1062.5	1061.3	1058	1055.3	1051.3	1051.026667	1048.986667
295.5	992.73	1017.4	1025.2	1038	1047.3	1054.3	1057.2	1058	1059.2	1061.9	1060.9	1057.8	1055.9	1052.2	1052.373333	1050.770476
295.6	988.23	1014.4	1022.3	1033.4	1043.5	1052.2	1055.5	1057.2	1057.7	1060.6	1060	1057.6	1056	1052.3	1053.046667	1051.812381
295.7	983.28	1011.1	1020.3	1028.4	1039.5	1048.6	1053.6	1056.3	1056.5	1059.1	1059.2	1057.3	1055.5	1052.1	1053.146667	1052.155238
295.8	979.68	1007.3	1017.9	1024.4	1035.5	1044.9	1051.8	1055.1	1055.6	1057.8	1058.7	1057.1	1054.7	1052.3	1053.293333	1052.510476
295.9	976.02	1003.4	1014.9	1022	1031	1041.1	1049.4	1053.3	1055	1056.7	1058.2	1056.7	1054.2	1052.9	1053.666667	1053.109524
296	971.39	999.59	1011.3	1020.1	1026.4	1037.1	1045.8	1051.3	1054.1	1055.7	1057.2	1056.1	1054	1053.3	1054.046667	1053.755238
296.1	966.61	995.56	1007.4	1017.4	1023.2	1033.2	1042.1	1049.4	1052.9	1054.9	1055.7	1055.6	1053.7	1053	1053.98	1053.888571
296.2	961.67	990.9	1003.7	1014.3	1021.4	1029	1038.4	1046.7	1051.1	1054.2	1054.1	1055	1053.1	1052	1053.46	1053.52
296.3	956.34	986.29	999.96	1010.6	1019.4	1025	1034.6	1043.1	1048.9	1053.3	1052.9	1054.4	1052.5	1051	1053.126667	1053.400952
296.4	950.83	982.08	995.7	1006.6	1016.5	1022.3	1030.9	1039.4	1046.8	1052	1051.8	1053.8	1051.8	1050.6	1053.173333	1053.75619
296.5	944.77	977.51	991.01	1002.9	1013.3	1020.6	1027	1035.6	1043.9	1049.9	1050.3	1052.4	1051.4	1050.3	1053.56	1054.662857
296.6	938.14	972.49	986.74	999.03	1009.4	1018.4	1023.6	1032	1040.3	1047.6	1049	1050.7	1051.1	1049.7	1053.986667	1055.678095
296.7	932.96	967.24	982.74	994.56	1005.4	1015.3	1021.4	1028.5	1036.6	1045.5	1047.6	1049.3	1050.6	1048.7	1054.133333	1056.347619
296.8	929.2	961.52	978.36	990.01	1001.6	1012	1019.8	1025.3	1032.9	1042.5	1046.2	1048.2	1050	1047.7	1054.433333	1057.247619
296.9	925.19	955.51	973.63	986.02	997.54	1008	1017.3	1022.6	1029.4	1039	1044.6	1046.6	1049.1	1047.1	1054.713333	1058.164762
297	920.97	949.99	968.6	982.12	992.97	1003.9	1014.2	1020.9	1026.3	1035.4	1042.3	1044.6	1047.3	1047.1	1054.7	1058.757143
297.1	916.65	944.68	963.09	977.91	988.64	999.99	1010.7	1019.2	1023.7	1031.7	1039.9	1042.6	1045.6	1047	1054.506667	1059.10381
297.2	911.83	939.37	957.38	973.4	984.86	995.67	1006.6	1016.3	1021.6	1028.5	1037.6	1040.7	1044.4	1046.4	1054.013333	1059.007619
297.3	906.88	934.69	951.94	968.53	981.05	991.11	1002.5	1013.1	1020.3	1025.9	1034.8	1039.1	1043.1	1045.7	1053.106667	1058.332381
297.4	902	930.33	946.47	963.19	977.04	987.06	998.45	1009.5	1018.4	1023.8	1031.8	1037.2	1040.9	1044.3	1051.353333	1056.673333
297.5	896.29	925.62	941.13	957.68	972.73	983.41	993.91	1005.2	1015.1	1022.2	1028.3	1034.6	1038.2	1042.3	1049.146667	1054.58381
297.6	890.54	920.84	936.54	952.32	967.99	979.71	989.47	1000.9	1011.9	1021	1024.7	1032.2	1035.5	1040.7	1047.166667	1052.738095
297.7	885.66	915.86	932.21	946.85	962.82	975.93	985.67	996.57	1008.2	1018.8	1021.3	1029.9	1033.3	1039.6	1046.093333	1052.067619
297.8	880.65	910.63	927.58	941.6	957.47	971.78	982.09	991.9	1003.6	1015.5	1018.7	1027.6	1031.8	1037.8	1045.38	1051.917143
297.9	875.33	906.26	922.96	937.12	952.22	967.16	978.55	987.7	999.2	1011.6	1016.5	1024.9	1029.5	1034.8	1043.426667	1050.286667
298	870.42	901.5	918.08	932.8	946.81	962.13	974.99	984.11	994.61	1006.7	1014.5	1021.3	1026.7	1031.3	1040.876667	1048.026667
298.1	865.7	895.43	912.62	928.24	941.67	956.93	970.96	980.59	989.89	1002	1012.2	1017.4	1024.3	1028.2	1038.696667	1046.229524
298.2	861.18	889.53	907.24	923.74	937.28	951.79	966.46	977.29	986.03	997.53	1009.3	1014	1022.5	1026.2	1037.306	1045.319143
298.3	856.75	884.14	901.82	918.9	932.98	946.48	961.55	973.93	982.62	992.68	1006.4	1011.5	1020.7	1024.5	1036.256	1044.786286
298.4	851.87	878.83	895.87	913.52	928.49	941.46	956.49	970.01	979.18	988	1003.6	1009	1017.9	1021.8	1034.066667	1042.872381
298.5	847.08	873.77	890.12	908.28	924.11	937.15	951.47	965.63	976.16	984.44	999.75	1006	1014	1018.8	1030.671333	1039.475048
298.6	842.52	868.91	884.83	902.77	919.3	932.89	946.24	960.82	972.97	981.06	995.14	1002.9	1009.9	1016.9	1027.871333	1036.840762
298.7	837.65	863.88	879.62	896.68	913.99	928.49	941.33	955.94	969.13	977.72	990.49	999.96	1006.6	1015.8	1026.229333	1035.642476
298.8	832.55	859.01	874.79	890.95	908.86	924.22	937.09	951.04	964.87	975.06	985.91	997.78	1004	1014.2	1024.837333	1034.70419
298.9	827.41	854.14	870.11	885.62	903.23	919.42	932.85	945.87	960.15	971.98	981.94	995.26	1000.6	1011.1	1022.231333	1032.343619
299	822.31	848.96	865.32	880.46	897.02	914.24	928.57	941.08	955.45	968.21	978.36	991.36	996.69	1006.7	1018.264	1028.398
299.1	817.86	843.71	860.69	875.82	891.29	909.18	924.38	936.91	950.68	964.08	974.54	986.72	993.3	1002.4	1014.464	1024.705143
299.2	813.86	838.38	855.92	871.22	885.93	903.4	919.58	932.69	945.52	959.44	970.89	982.1	991.05	999.33	1012.230667	1022.947524
299.3	809.41	833	850.87	866.56	880.89	897.12	914.54	928.56	940.84	954.95	967.67	978	989.52	996.18	1010.267333	1021.431333
299.4	804.6	828.04	845.96	862.04	876.44	891.38	909.49	924.42	936.74	950.31	964.21	974.37	987.09	991.68	1006.92	1018.211429
299.5	799.55	823.3	840.84	857.29	871.92	886.03	903.53	919.64	932.54	945.11	960.27	970.47	983.01	987.16	1002.793333	1014.13619
299.6	794.4	818.36	835.45	852.35	867.38	881.18	897.17	914.77	928.57	940.55	956.07	966.15	978.24	984.21	999.1	1010.567143
299.7	789.92	813.44	830.46	847.32	862.94	876.9	891.4	909.69	924.46	936.56	951.84	962.14	973.96	982.76	996.6866667	1008.515238
299.8	785.8	808.41	825.58	841.98	858.24	872.46	886.09	903.51	919.7	932.38	947.59	958.62	970.38	981.61	995.1713333	1007.587905
299.9	781.22	803.29	820.61	836.61	853.39	868.04	881.48	897.09	915.01	928.58	943	955.04	966.65	978.99	992.4933333	1005.240476
300	776.43	798.57	815.79	831.65	848.38	863.68	877.34	891.31	909.84	924.51	938.3	951.16	962.24	974.52	988.3733333	1001.214762
300.1	771.99	793.93	810.83	826.68	842.96	859.05	872.97	886.11	903.41	919.76	933.96	947.11	957.45	969.84	984.4253333	997.521619
300.2	768.15	789.07	805.85	821.74	837.59	854.3	868.66	881.79	896.94	915.27	929.74	943.13	953.18	966.17	981.3986667	994.9206667
300.3	764.73	784.31	801.16	817.01	832.62	849.26	864.36	877.75	891.17	909.96	925.27	938.94	949.6	962.77	974.11	986.025
300.4	761.41	779.87	796.45	812.13	827.59	843.75	859.83	873.45	886.15	903.23	920.4	934.46	946.04	958.6	970.98	983.05
300.5	758.16	775.76	791.66	807.28	822.7	838.4	855.16	869.25	882.13	896.73	915.21	930.01	942.23	953.51	966.04	977.79
300.6	755.3	771.89	787.06	802.64	818.01	833.42	850.03	865.01	878.14	891.02	910.43	925.55	938.43	948.26	961.82	973.175
300.7	752.88	768.12	782.73	797.94	813.11	828.35	844.44	860.62	873.9	886.24	906.08	920.9	934.58	943.95	958.78	970.305
300.8	749.74	764.58	778.65	793.25	808.35	823.52	839.13	855.98	869.81	882.52	900.97	916.01	930.45	940.48	955.11	967.345
300.9	745.57	761.42	774.7	788.79	803.76	818.85	834.12	850.72	865.66	878.55	894.92	910.67	926.17	936.96	950.28	963.425
301	741.1	758.43	770.85	784.57	799.11	813.99	829.05	845.07	861.38	874.36	889.05	905.36	921.71	933.32	944.53	958.51
301.1	736.74	754.92	767.27	780.54	794.56	809.31	824.29	839.82	856.73	870.39	884.06	900.82	916.88	929.75	938.94	953.405
301.2	733.28	750.88	764	776.58	790.24	804.78	819.62	834.77	851.31	866.34	880.2	896.44	911.83	925.94	934.93	949.68
301.3	730.22	746.64	760.74	772.72	786.13	800.2	814.81	829.72	845.62	862.2	876.73	891.36	906.45	921.96	931.65	946.95
301.4	726.13	742.44	757.07	769.14	782.16	795.76	810.22	825.05	840.44	857.48	872.45	885.95	900.77	917.8	928.15	944.075
301.5	721.64	738.76	753.08	765.75	778.19	791.53	805.74	820.36	835.34	851.88	867.64	880.79	895.62	913	924.77	940.875
301.6	718.04	735.16	748.94	762.28	774.34	787.52	801.26	815.62	830.34	846.17	862.9	876.38	891.27	907.77	921.35	937.045
301.7	715.28	730.95	744.84	758.51	770.74	783.6	796.93	811.13	825.74	841.07	858.59	872.87	886.95	902.32	917.56	932.285
301.8	713.28	726.81	741.12	754.54	767.21	779.63	792.8	806.72	821.02	835.92	854.25	869.08	882.27	896.44	913.81	927.49
301.9	711.66	723.29	737.33	750.43	763.58	775.82	788.9	802.35	816.37	830.98	849.3	864.54	877.51	890.69	909.5	922.575
302	709.54	720.26	733.19	746.4	759.74	772.19	785	798.12	811.97	826.45	843.9	859.58	872.88	885.82	904.14	917.26
302.1	707.02	717.8	729.3	742.67	755.76	768.5	781.05	794.11	807.64	821.7	838.47	854.67	868.93	881.66	898.53	912.025
302.2	704.32	715.67	725.87	738.8	751.68	764.74	777.26	790.29	803.38	817.16	833.42	850.24	865.46	877.65	892.66	906.365
302.3	701.26	713.31	722.8	734.78	747.71	760.86	773.53	786.4	799.24	812.85	828.68	845.74	861.35	873.59	886.38	900.305
302.4	698.24	710.78	720.24	731.1	743.97	756.88	769.69	782.48	795.35	808.62	824.31	840.78	856.57	869.32	880.81	895.08
302.5	695.39	708.06	717.92	727.73	740.08	752.84	765.83	778.72	791.6	804.46	819.93	835.53	851.34	865.1	876.29	891.075
302.6	691.66	705.03	715.48	724.7	736.21	748.92	761.9	774.86	787.72	800.4	815.36	830.44	846.29	861.48	872.43	887.95
302.7	687.6	702.05	712.92	722.11	732.66	745.16	757.91	770.87	783.85	796.63	811.03	825.71	841.82	857.8	868.98	885.025
302.8	684.62	698.96	710.15	719.69	729.37	741.31	753.92	766.93	780.08	792.95	806.9	821.42	837.27	853.43	865.56	881.565
302.9	682.97	695.18	707.14	717.2	726.4	737.59	750.04	762.97	776.05	789.07	802.97	817.37	832.41	848.34	861.54	877.025
303	682.47	691.4	704.16	714.6	723.78	734.16	746.27	758.99	771.94	785.25	799.23	813	827.38	842.78	857.62	872.51
303.1	681.69	688.49	700.92	711.78	721.3	730.94	742.5	755.04	767.95	781.45	795.31	808.59	822.59	837.75	854.18	868.76
303.2	680.07	686.56	697.15	708.77	718.76	728.02	738.92	751.19	763.95	777.22	790.98	804.43	818.28	833.3	850.16	864.595
303.3	678.44	685.38	693.57	705.75	716.1	725.37	735.58	747.44	760	773	786.65	800.43	814.44	828.83	845.56	859.76
303.4	677.35	684.05	690.73	702.4	713.24	722.84	732.45	743.77	756.09	768.99	782.85	796.65	810.52	824.11	840.02	853.75
303.5	676.06	682.38	688.71	698.66	710.23	720.25	729.57	740.31	752.25	764.95	779.43	792.83	806.16	819.31	834.16	847.4
303.6	673.32	680.92	687.23	695.23	707.16	717.53	726.88	737.05	748.54	761.05	775.82	788.73	801.93	814.88	829.33	842.405
303.7	669.47	679.76	685.64	692.45	703.71	714.64	724.32	734.01	744.98	757.17	771.6	784.45	797.91	811.09	825.01	838.33
303.8	665.51	678.18	683.97	690.4	700.05	711.62	721.68	731.14	741.61	753.35	767.25	780.43	794.03	807.56	820.66	834.225
303.9	663.24	675.49	682.58	688.73	696.74	708.46	718.9	728.43	738.45	749.7	763.15	776.96	790.32	803.6	816.11	829.43
304	662.83	672.02	681.32	686.99	694.01	704.97	715.99	725.83	735.5	746.25	759.46	773.67	786.36	799.33	811.55	824.38
304.1	662.29	668.61	679.58	685.35	691.92	701.4	712.94	723.11	732.61	742.97	756.12	769.92	782.17	795.28	807.59	820.27
304.2	661.33	666.5	676.91	683.96	690.08	698.17	709.69	720.3	729.89	739.92	752.63	765.78	778.08	791.38	804.32	817.12
304.3	660.52	665.51	673.64	682.61	688.26	695.48	706.21	717.38	727.25	737.04	748.9	761.67	774.4	787.65	800.92	813.91
304.4	660.01	664.43	670.56	680.75	686.64	693.33	702.71	714.26	724.46	734.11	745.13	757.86	771.19	783.85	796.83	809.825
304.5	659.79	663.37	668.59	678.11	685.22	691.36	699.54	710.95	721.63	731.38	741.78	754.46	767.9	779.75	792.75	805.395
304.6	659.36	662.61	667.32	674.99	683.8	689.51	696.9	707.49	718.68	728.69	738.91	751.13	764.1	775.64	788.85	801.105
304.7	657.59	662.05	666.03	672.16	681.86	687.89	694.66	704.06	715.49	725.82	736.2	747.47	760.11	771.81	785.04	797.21
304.8	655	661.64	664.99	670.28	679.25	686.42	692.59	700.94	712.15	723.01	733.47	743.68	756.27	768.48	781.42	793.82
304.9	653.42	660.87	664.24	668.84	676.27	684.92	690.73	698.31	708.72	720.02	730.5	740.19	752.76	765.43	777.42	790.04
305	652.16	659.04	663.61	667.47	673.65	682.95	689.09	695.98	705.34	716.74	727.5	737.24	749.52	762.07	773.26	785.675
305.1	650.44	656.84	663.06	666.47	671.81	680.38	687.57	693.84	702.27	713.39	724.64	734.57	746.07	758.34	769.39	781.275
305.2	648.71	655.3	662.06	665.71	670.24	677.55	686.03	691.98	699.64	710.01	721.82	731.87	742.24	754.55	765.81	777.15
305.3	646.39	653.73	660.16	665.01	668.86	675.09	684.03	690.29	697.21	706.64	718.83	729.03	738.58	750.98	762.8	773.775
305.4	644.13	651.85	658.13	664.32	667.89	673.24	681.52	688.74	695.04	703.63	715.6	726.22	735.5	747.74	759.81	770.57
305.5	642.7	649.96	656.55	663.13	667.09	671.6	678.83	687.16	693.17	700.97	712.31	723.56	732.86	744.51	756.38	766.855
305.6	641.34	647.71	654.76	661.17	666.31	670.23	676.49	685.16	691.42	698.44	709.1	720.87	730.25	740.83	752.79	762.77
305.7	639.59	645.68	652.78	659.24	665.5	669.28	674.6	682.7	689.85	696.27	706.16	717.99	727.48	736.98	749.26	758.755
305.8	638.25	644.28	650.79	657.56	664.14	668.43	672.93	680.15	688.27	694.37	703.42	714.89	724.68	733.64	745.95	755.325
305.9	638.04	642.83	648.59	655.59	662.14	667.56	671.6	677.9	686.27	692.56	700.78	711.78	722.18	730.97	742.87	752.465
306	638.21	641.2	646.74	653.54	660.24	666.61	670.63	675.97	683.87	691	698.38	708.79	719.8	728.52	739.52	749.385
306.1	638.33	640.09	645.38	651.48	658.45	665.12	669.71	674.28	681.44	689.42	696.24	705.9	717.09	725.84	735.58	745.55
306.2	638.02	639.8	643.95	649.34	656.33	663.11	668.77	672.98	679.23	687.42	694.33	703.07	714.07	723	731.9	741.865
306.3	636.88	639.75	642.47	647.65	654.21	661.18	667.69	671.99	677.28	685.1	692.58	700.32	711	720.47	729.06	739.135
306.4	635.54	639.66	641.53	646.34	652.11	659.26	666.07	670.99	675.6	682.78	690.85	697.8	708.17	718.34	726.67	736.94
306.5	634.23	639.2	641.23	644.98	650.07	657.03	664.05	669.96	674.32	680.57	688.83	695.68	705.49	716.05	724.25	734.435
306.6	633.16	638.12	641.06	643.64	648.5	654.85	662.07	668.76	673.28	678.61	686.51	693.85	702.77	713.2	721.44	731.115
306.7	631.89	636.89	640.86	642.86	647.26	652.74	660.02	667.05	672.21	676.94	684.25	692.05	699.94	710.09	718.67	727.69
306.8	630.48	635.72	640.28	642.54	645.99	650.8	657.69	664.98	671.1	675.66	682.37	690.21	697.21	707.23	716.6	725.11
306.9	629.98	634.61	639.2	642.29	644.8	649.34	655.45	662.93	669.79	674.58	680.79	688.32	694.96	704.76	714.76	722.98
307	629.97	633.25	638.02	642	644.13	648.18	653.37	660.75	667.99	673.42	679.23	686.31	693.2	702.31	712.33	720.33
307.1	630.08	631.98	636.92	641.32	643.79	647.02	651.53	658.33	665.86	672.24	677.81	684.3	691.56	699.59	709.28	716.925
307.2	630.25	631.42	635.78	640.22	643.47	645.95	650.17	656.07	663.73	670.83	676.32	682.41	689.7	696.73	706.23	713.39
307.3	630.1	631.19	634.38	639.08	643.1	645.37	649.12	654.03	661.43	668.93	674.69	680.59	687.74	694.17	703.74	710.53
307.4	629.31	631.06	633.21	638.03	642.33	645.01	648.06	652.29	658.93	666.71	673.14	678.76	685.79	692.31	701.65	708.425
307.5	628.26	630.92	632.59	636.84	641.21	644.63	647.12	651.04	656.67	664.53	671.63	677.09	683.99	690.88	699.25	706.145
307.6	627.12	630.48	632.21	635.43	640.13	644.18	646.59	650.1	654.69	662.11	669.84	675.7	682.36	689.23	696.41	703.175
307.7	625.75	629.68	631.89	634.33	639.11	643.33	646.2	649.14	653.04	659.51	667.68	674.24	680.6	687.21	693.58	700.065
307.8	624.78	628.81	631.47	633.64	637.85	642.2	645.76	648.3	651.91	657.3	665.55	672.58	678.6	685.16	691.37	697.66
307.9	623.73	627.82	630.81	633.14	636.46	641.17	645.23	647.82	651.1	655.38	663.26	670.86	676.56	683.34	689.96	696.2
308	622.39	626.68	630.02	632.63	635.39	640.15	644.31	647.39	650.21	653.81	660.94	669.16	674.94	681.92	688.71	695.09
308.1	622.12	625.74	629.28	631.94	634.63	638.83	643.19	646.89	649.47	652.84	658.97	667.44	673.67	680.55	686.87	693.425
308.2	622.88	624.62	628.41	631.12	634.01	637.48	642.22	646.29	649.03	652.16	657.34	665.75	672.19	678.66	684.66	691.115
308.3	623.45	623.58	627.42	630.38	633.26	636.41	641.16	645.3	648.53	651.32	656.02	663.94	670.34	676.35	682.64	688.845
308.4	623.65	623.52	626.5	629.76	632.33	635.56	639.8	644.21	647.99	650.66	654.98	661.78	668.41	674.27	681.19	687.435
308.5	623.15	624.04	625.41	628.98	631.42	634.81	638.49	643.28	647.31	650.25	654	659.61	666.72	672.87	680.18	686.81
308.6	621.66	624.33	624.64	628.1	630.76	633.81	637.38	642.16	646.26	649.68	652.78	657.79	665.35	671.68	678.78	685.725
308.7	620.51	624.3	624.73	627.19	630.25	632.66	636.45	640.79	645.22	649.09	651.76	656.36	664.11	670.04	676.55	683.39
308.8	620.2	623.61	625.07	626.19	629.56	631.74	635.53	639.5	644.32	648.34	651.14	655.2	662.45	667.9	673.98	680.33
308.9	619.04	622.33	625.15	625.7	628.76	631.17	634.27	638.33	643.13	647.23	650.65	654.1	660.32	665.85	672.07	677.945
309	616.98	621.5	624.93	625.85	627.86	630.76	632.97	637.33	641.77	646.27	650.11	652.85	658.3	664.46	670.98	676.785
309.1	615.5	621	624.1	626.02	627.03	630.16	632.09	636.19	640.47	645.38	649.18	651.56	656.69	663.61	669.74	675.765
309.2	614.73	619.63	622.96	625.94	626.76	629.4	631.62	634.67	639.23	644.09	648.01	650.66	655.47	662.65	667.73	673.725
309.3	614.94	617.78	622.31	625.53	626.9	628.54	631.29	633.29	638.14	642.77	647.21	650.15	654.35	660.97	665.32	670.73
309.4	616.01	616.44	621.62	624.59	626.9	627.92	630.76	632.47	636.75	641.44	646.49	649.67	653.08	658.87	663.41	668.01
309.5	616.52	615.7	620.14	623.61	626.67	627.83	630.03	632.11	634.99	640.11	645.36	648.95	651.6	657.02	662.56	666.595
309.6	616.01	615.89	618.44	623.03	626.09	627.89	629.27	631.85	633.6	638.92	644.01	647.94	650.33	655.69	662.24	666.115
309.7	615.54	616.64	617.17	622.17	625.12	627.74	628.88	631.38	632.88	637.24	642.49	647.03	649.63	654.62	661.32	665.115
309.8	615.55	616.87	616.5	620.64	624.28	627.36	628.87	630.68	632.61	635.29	641.23	646.33	649.19	653.4	659.48	663.015
309.9	615.34	616.51	616.7	619.06	623.69	626.63	628.82	630.07	632.43	633.96	640.05	645.44	648.6	651.88	657.48	660.7
310	615.41	616.32	617.22	617.83	622.67	625.68	628.54	629.89	632	633.33	638.19	644.3	647.75	650.28	655.91	658.9
310.1	615.45	616.34	617.3	617.25	621.16	624.96	628.01	629.88	631.33	633.14	636.12	643.02	646.83	649.16	654.85	657.92
310.2	614.59	616.2	617.09	617.44	619.66	624.29	627.15	629.71	630.93	633.03	634.9	641.76	646.12	648.63	653.82	657.255
310.3	613.8	616.22	617.06	617.76	618.46	623.17	626.28	629.32	630.91	632.62	634.78	640.67	645.38	648.16	652.36	656.105
310.4	613.52	615.97	617.1	617.8	617.98	621.7	625.62	628.63	630.84	632.04	634.94	639.27	644.37	647.41	650.57	654.64
310.5	613.46	615.13	617	617.72	618.11	620.24	624.84	627.7	630.56	631.87	634.48	637.38	643.32	646.55	648.99	653.575
310.6	613.52	614.44	616.92	617.81	618.27	619.09	623.67	626.92	630.05	631.94	633.33	635.71	642.2	645.83	648.12	653.18
310.7	613.3	614.05	616.47	617.87	618.34	618.69	622.25	626.26	629.2	631.76	632.37	634.94	641.15	645.2	647.69	652.82
310.8	612.15	613.81	615.64	617.78	618.38	618.72	620.79	625.37	628.26	631.38	632.48	634.81	640.05	644.33	647.08	651.84
310.9	610.57	613.72	614.97	617.57	618.54	618.79	619.72	624.21	627.57	630.76	633.01	634.55	638.47	643.34	646.24	650.635
311	609.42	613.34	614.45	616.96	618.63	618.94	619.37	622.82	626.86	629.77	632.88	633.73	636.73	642.43	645.48	649.83
311.1	609.12	612.29	614.08	616.17	618.52	619.07	619.27	621.34	625.88	628.86	632.06	632.69	635.5	641.5	644.96	649.365
311.2	609.55	611.08	613.88	615.44	618.15	619.28	619.32	620.38	624.76	628.24	631	632.22	634.95	640.54	644.27	648.43
311.3	610.03	610.24	613.4	614.77	617.45	619.4	619.57	620.01	623.36	627.42	630.06	632.43	634.59	639.32	643.28	646.725
311.4	610.07	610.08	612.49	614.32	616.67	619.21	619.77	619.8	621.88	626.41	629.56	632.52	633.98	637.71	642.44	645.035
311.5	609.62	610.5	611.56	614.03	615.85	618.68	620.03	619.91	621.03	625.35	629.24	632.01	633.04	636.27	641.71	643.84
311.6	609.37	610.88	610.95	613.5	615.04	617.96	620.17	620.24	620.6	623.89	628.39	631.11	632.29	635.39	640.93	643.07
311.7	609.7	610.74	610.94	612.76	614.52	617.16	619.85	620.48	620.3	622.44	627.16	630.15	632.14	634.79	639.94	642.26
311.8	610.32	610.24	611.41	612.08	614.16	616.18	619.19	620.81	620.53	621.69	625.91	629.39	632.13	634.12	638.57	640.935
311.9	610.43	609.99	611.69	611.64	613.63	615.27	618.47	620.92	620.92	621.15	624.5	628.97	631.8	633.3	637.13	639.295
312	609.94	610.24	611.39	611.79	613.1	614.7	617.59	620.44	621.2	620.82	623.3	628.48	631.1	632.49	636.05	638.055
312.1	609.08	610.63	610.83	612.32	612.62	614.28	616.46	619.72	621.6	621.22	622.78	627.56	630.24	632.07	635.28	637.535
312.2	608.36	610.54	610.54	612.47	612.35	613.83	615.48	619	621.63	621.61	622.32	626.5	629.38	631.92	634.45	637.16
312.3	608.63	609.98	610.71	612.01	612.66	613.51	614.86	617.98	620.98	621.93	622.04	625.38	628.74	631.54	633.54	636.62
312.4	608.77	609.19	610.92	611.39	613.21	613.2	614.41	616.7	620.24	622.42	622.35	624.31	628.33	630.92	632.7	636.005
312.5	608.3	608.78	610.66	611.06	613.21	613.07	614.09	615.67	619.51	622.31	622.63	623.65	627.68	630.21	632.17	635.45
312.6	607.82	609.11	610.03	611.15	612.6	613.54	613.97	615.01	618.3	621.49	622.86	623.25	626.85	629.44	631.93	635.025
312.7	607.33	609.18	609.32	611.18	611.92	614.08	613.8	614.57	616.89	620.8	623.03	622.68	625.96	628.64	631.46	634.44
312.8	607.48	608.74	609.16	610.77	611.54	613.89	613.83	614.43	615.84	619.99	622.54	622.31	625.05	628.07	630.76	633.64
312.9	608.42	608.3	609.57	610.09	611.55	613.16	614.44	614.5	615.15	618.55	621.57	622.38	624.42	627.6	630.06	632.67
313	608.88	607.95	609.57	609.5	611.4	612.43	614.91	614.42	614.76	617.06	620.96	622.57	624.12	626.92	629.43	631.605
313.1	608.39	608.18	609.18	609.58	610.85	611.99	614.53	614.64	614.84	616	620.39	622.76	623.63	626.25	628.72	630.465
313.2	607.53	608.91	608.79	610.03	610.17	611.9	613.69	615.37	615.05	615.29	619.1	622.55	622.85	625.54	627.94	629.435
313.3	606.81	609.07	608.53	609.98	609.72	611.58	612.91	615.7	615.06	615.01	617.49	621.67	622.38	624.97	627.4	629.05
313.4	606.76	608.47	608.81	609.62	610.01	610.92	612.41	615.13	615.48	615.33	616.4	620.79	622.34	624.77	626.86	628.85
313.5	606.79	607.69	609.36	609.29	610.49	610.28	612.2	614.22	616.3	615.63	616.03	620.46	622.51	624.57	626.31	628.365
