0	0	0.1	0.2	0.3	0.4	0.5	0.6	0.7	0.8	0.9	1	1.1	1.2	1.3	1.4	1.5	1.6	1.7	1.8	1.9	2
261.2	0	94.836	101.05	103.83	106.28	107.64	108.9	109.73	110.48	111.04	111.57	112.05	112.45	112.72	112.99	113.26	113.53	113.8	114.07	114.34	114.61
261.3	0	94.798	101.01	103.79	106.24	107.6	108.86	109.68	110.44	111	111.53	112.01	112.41	112.68	112.95	113.22	113.49	113.76	114.03	114.3	114.57
261.4	0	94.76	100.97	103.75	106.2	107.56	108.81	109.64	110.4	110.96	111.49	111.97	112.37	112.64	112.9	113.18	113.4466667	113.7166667	113.9866667	114.2566667	114.5266667
261.5	0	94.722	100.93	103.71	106.16	107.52	108.77	109.6	110.36	110.91	111.45	111.92	112.33	112.59	112.86	113.13	113.4	113.67	113.94	114.21	114.48
261.6	0	94.683	100.89	103.67	106.12	107.48	108.73	109.56	110.31	110.87	111.4	111.88	112.29	112.55	112.82	113.09	113.36	113.63	113.9	114.17	114.44
261.7	0	94.645	100.85	103.63	106.08	107.44	108.69	109.52	110.27	110.83	111.36	111.84	112.24	112.51	112.78	113.05	113.32	113.59	113.86	114.13	114.4
261.8	0	94.607	100.81	103.59	106.04	107.4	108.65	109.47	110.23	110.79	111.32	111.8	112.2	112.47	112.74	113.01	113.28	113.55	113.82	114.09	114.36
261.9	0	94.568	100.77	103.55	106	107.35	108.6	109.43	110.19	110.74	111.28	111.75	112.16	112.42	112.69	112.97	113.2433333	113.5183333	113.7933333	114.0683333	114.3433333
262	0	94.529	100.73	103.51	105.96	107.31	108.56	109.39	110.15	110.7	111.23	111.71	112.12	112.38	112.65	112.92	113.19	113.46	113.73	114	114.27
262.1	0	94.491	100.69	103.47	105.92	107.27	108.52	109.35	110.1	110.66	111.19	111.67	112.07	112.34	112.61	112.88	113.15	113.42	113.69	113.96	114.23
262.2	0	94.452	100.65	103.43	105.88	107.23	108.48	109.3	110.06	110.62	111.15	111.62	112.03	112.3	112.57	112.84	113.11	113.38	113.65	113.92	114.19
262.3	0	94.413	100.61	103.39	105.84	107.19	108.44	109.26	110.02	110.57	111.1	111.58	111.99	112.25	112.52	112.8	113.0733333	113.3483333	113.6233333	113.8983333	114.1733333
262.4	0	94.374	100.57	103.35	105.8	107.14	108.39	109.22	109.97	110.53	111.06	111.54	111.95	112.21	112.48	112.75	113.02	113.29	113.56	113.83	114.1
262.5	0	94.334	100.52	103.31	105.76	107.1	108.35	109.17	109.93	110.49	111.02	111.49	111.9	112.17	112.44	112.71	112.98	113.25	113.52	113.79	114.06
262.6	0	94.295	100.48	103.27	105.71	107.06	108.31	109.13	109.89	110.44	110.97	111.45	111.86	112.13	112.39	112.67	112.9366667	113.2066667	113.4766667	113.7466667	114.0166667
262.7	0	94.255	100.44	103.22	105.67	107.02	108.26	109.09	109.85	110.4	110.93	111.41	111.82	112.08	112.35	112.62	112.89	113.16	113.43	113.7	113.97
262.8	0	94.216	100.4	103.18	105.63	106.97	108.22	109.04	109.8	110.36	110.89	111.36	111.77	112.04	112.31	112.58	112.85	113.12	113.39	113.66	113.93
262.9	0	94.176	100.36	103.14	105.59	106.93	108.18	109	109.76	110.31	110.84	111.32	111.73	112	112.26	112.54	112.8066667	113.0766667	113.3466667	113.6166667	113.8866667
263	0	94.137	100.32	103.1	105.55	106.89	108.14	108.96	109.71	110.27	110.8	111.28	111.69	111.95	112.22	112.49	112.76	113.03	113.3	113.57	113.84
263.1	0	94.097	100.27	103.06	105.5	106.85	108.09	108.91	109.67	110.22	110.76	111.23	111.64	111.91	112.18	112.45	112.72	112.99	113.26	113.53	113.8
263.2	0	94.057	100.23	103.02	105.46	106.8	108.05	108.87	109.63	110.18	110.71	111.19	111.6	111.86	112.13	112.41	112.6833333	112.9583333	113.2333333	113.5083333	113.7833333
263.3	0	94.017	100.19	102.98	105.42	106.76	108.01	108.82	109.58	110.14	110.67	111.14	111.55	111.82	112.09	112.36	112.63	112.9	113.17	113.44	113.71
263.4	0	93.977	100.15	102.93	105.38	106.72	107.96	108.78	109.54	110.09	110.62	111.1	111.51	111.78	112.05	112.32	112.59	112.86	113.13	113.4	113.67
263.5	0	93.937	100.1	102.89	105.34	106.67	107.92	108.74	109.49	110.05	110.58	111.05	111.47	111.73	112	112.28	112.5533333	112.8283333	113.1033333	113.3783333	113.6533333
263.6	0	93.897	100.06	102.85	105.29	106.63	107.88	108.69	109.45	110	110.53	111.01	111.42	111.69	111.96	112.23	112.5	112.77	113.04	113.31	113.58
263.7	0	93.857	100.02	102.81	105.25	106.58	107.83	108.65	109.4	109.96	110.49	110.97	111.38	111.64	111.91	112.19	112.4633333	112.7383333	113.0133333	113.2883333	113.5633333
263.8	0	93.817	99.976	102.76	105.21	106.54	107.79	108.6	109.36	109.91	110.44	110.92	111.33	111.6	111.87	112.14	112.41	112.68	112.95	113.22	113.49
263.9	0	93.777	99.933	102.72	105.16	106.5	107.74	108.56	109.32	109.87	110.4	110.88	111.29	111.56	111.83	112.1	112.37	112.64	112.91	113.18	113.45
264	0	93.737	99.889	102.68	105.12	106.45	107.7	108.51	109.27	109.82	110.35	110.83	111.24	111.51	111.78	112.05	112.32	112.59	112.86	113.13	113.4
264.1	0	93.697	99.846	102.64	105.08	106.41	107.66	108.47	109.22	109.78	110.31	110.78	111.2	111.47	111.74	112.01	112.28	112.55	112.82	113.09	113.36
264.2	0	93.658	99.803	102.59	105.03	106.36	107.61	108.42	109.18	109.73	110.26	110.74	111.15	111.42	111.69	111.97	112.2433333	112.5183333	112.7933333	113.0683333	113.3433333
264.3	0	93.618	99.759	102.55	104.99	106.32	107.57	108.38	109.13	109.69	110.22	110.69	111.11	111.38	111.65	111.92	112.19	112.46	112.73	113	113.27
264.4	0	93.578	99.715	102.51	104.95	106.27	107.52	108.33	109.09	109.64	110.17	110.65	111.06	111.33	111.6	111.88	112.1533333	112.4283333	112.7033333	112.9783333	113.2533333
264.5	0	93.538	99.672	102.46	104.9	106.23	107.48	108.29	109.04	109.59	110.13	110.6	111.02	111.28	111.56	111.83	112.1066667	112.3816667	112.6566667	112.9316667	113.2066667
264.6	0	93.498	99.628	102.42	104.86	106.18	107.43	108.24	109	109.55	110.08	110.56	110.97	111.24	111.51	111.79	112.0633333	112.3383333	112.6133333	112.8883333	113.1633333
264.7	0	93.458	99.584	102.38	104.81	106.14	107.39	108.19	108.95	109.5	110.03	110.51	110.93	111.19	111.46	111.74	112.0133333	112.2883333	112.5633333	112.8383333	113.1133333
264.8	0	93.418	99.539	102.33	104.77	106.09	107.34	108.15	108.9	109.46	109.99	110.46	110.88	111.15	111.42	111.69	111.96	112.23	112.5	112.77	113.04
264.9	0	93.378	99.495	102.29	104.72	106.05	107.3	108.1	108.86	109.41	109.94	110.42	110.83	111.1	111.37	111.65	111.9233333	112.1983333	112.4733333	112.7483333	113.0233333
265	0	93.337	99.45	102.24	104.68	106	107.25	108.06	108.81	109.36	109.9	110.37	110.79	111.06	111.33	111.6	111.87	112.14	112.41	112.68	112.95
265.1	0	93.296	99.406	102.2	104.63	105.96	107.2	108.01	108.77	109.32	109.85	110.32	110.74	111.01	111.28	111.56	111.8333333	112.1083333	112.3833333	112.6583333	112.9333333
265.2	0	93.255	99.361	102.16	104.59	105.91	107.16	107.96	108.72	109.27	109.8	110.28	110.69	110.96	111.23	111.51	111.7833333	112.0583333	112.3333333	112.6083333	112.8833333
265.3	0	93.214	99.316	102.11	104.54	105.86	107.11	107.92	108.67	109.22	109.75	110.23	110.65	110.92	111.19	111.47	111.7433333	112.0183333	112.2933333	112.5683333	112.8433333
265.4	0	93.173	99.271	102.07	104.5	105.82	107.07	107.87	108.62	109.17	109.71	110.18	110.6	110.87	111.14	111.42	111.6933333	111.9683333	112.2433333	112.5183333	112.7933333
265.5	0	93.131	99.226	102.02	104.45	105.77	107.02	107.82	108.58	109.13	109.66	110.14	110.55	110.82	111.09	111.37	111.6433333	111.9183333	112.1933333	112.4683333	112.7433333
265.6	0	93.089	99.18	101.98	104.41	105.72	106.97	107.78	108.53	109.08	109.61	110.09	110.51	110.78	111.05	111.33	111.6033333	111.8783333	112.1533333	112.4283333	112.7033333
265.7	0	93.046	99.135	101.93	104.36	105.68	106.93	107.73	108.48	109.03	109.56	110.04	110.46	110.73	111	111.28	111.5533333	111.8283333	112.1033333	112.3783333	112.6533333
265.8	0	93.004	99.089	101.89	104.32	105.63	106.88	107.68	108.44	108.98	109.52	109.99	110.41	110.68	110.95	111.23	111.5033333	111.7783333	112.0533333	112.3283333	112.6033333
265.9	0	92.961	99.043	101.84	104.27	105.58	106.83	107.63	108.39	108.94	109.47	109.94	110.37	110.63	110.91	111.19	111.47	111.75	112.03	112.31	112.59
266	0	92.918	98.997	101.8	104.23	105.54	106.78	107.59	108.34	108.89	109.42	109.9	110.32	110.59	110.86	111.14	111.4133333	111.6883333	111.9633333	112.2383333	112.5133333
266.1	0	92.875	98.95	101.75	104.18	105.49	106.74	107.54	108.29	108.84	109.37	109.85	110.27	110.54	110.81	111.09	111.3633333	111.6383333	111.9133333	112.1883333	112.4633333
266.2	0	92.832	98.904	101.7	104.13	105.44	106.69	107.49	108.24	108.79	109.32	109.8	110.22	110.49	110.77	111.05	111.33	111.61	111.89	112.17	112.45
266.3	0	92.788	98.857	101.66	104.09	105.39	106.64	107.44	108.2	108.74	109.28	109.75	110.18	110.45	110.72	111	111.2733333	111.5483333	111.8233333	112.0983333	112.3733333
266.4	0	92.744	98.811	101.61	104.04	105.35	106.59	107.39	108.15	108.69	109.23	109.7	110.13	110.4	110.67	110.95	111.2233333	111.4983333	111.7733333	112.0483333	112.3233333
266.5	0	92.7	98.764	101.57	103.99	105.3	106.54	107.34	108.1	108.65	109.18	109.66	110.08	110.35	110.62	110.9	111.1733333	111.4483333	111.7233333	111.9983333	112.2733333
266.6	0	92.656	98.717	101.52	103.95	105.25	106.5	107.29	108.05	108.6	109.13	109.61	110.03	110.3	110.58	110.86	111.14	111.42	111.7	111.98	112.26
266.7	0	92.611	98.669	101.47	103.9	105.2	106.45	107.25	108	108.55	109.08	109.56	109.98	110.25	110.53	110.81	111.09	111.37	111.65	111.93	112.21
266.8	0	92.566	98.622	101.43	103.85	105.15	106.4	107.2	107.95	108.5	109.03	109.51	109.93	110.21	110.48	110.76	111.0333333	111.3083333	111.5833333	111.8583333	112.1333333
266.9	0	92.522	98.574	101.38	103.8	105.1	106.35	107.15	107.9	108.45	108.98	109.46	109.89	110.16	110.43	110.71	110.9833333	111.2583333	111.5333333	111.8083333	112.0833333
267	0	92.477	98.527	101.33	103.75	105.06	106.3	107.1	107.85	108.4	108.93	109.41	109.84	110.11	110.38	110.66	110.9333333	111.2083333	111.4833333	111.7583333	112.0333333
267.1	0	92.432	98.479	101.28	103.71	105.01	106.25	107.05	107.8	108.35	108.88	109.36	109.79	110.06	110.34	110.62	110.9	111.18	111.46	111.74	112.02
267.2	0	92.386	98.431	101.24	103.66	104.96	106.2	107	107.75	108.3	108.83	109.31	109.74	110.01	110.29	110.57	110.85	111.13	111.41	111.69	111.97
267.3	0	92.341	98.383	101.19	103.61	104.91	106.15	106.95	107.7	108.25	108.78	109.26	109.69	109.96	110.24	110.52	110.8	111.08	111.36	111.64	111.92
267.4	0	92.295	98.334	101.14	103.56	104.86	106.1	106.9	107.65	108.2	108.73	109.21	109.64	109.91	110.19	110.47	110.75	111.03	111.31	111.59	111.87
267.5	0	92.249	98.286	101.09	103.51	104.81	106.05	106.85	107.6	108.15	108.68	109.16	109.59	109.87	110.14	110.42	110.6933333	110.9683333	111.2433333	111.5183333	111.7933333
267.6	0	92.204	98.237	101.04	103.46	104.76	106	106.8	107.55	108.1	108.63	109.11	109.54	109.82	110.09	110.37	110.6433333	110.9183333	111.1933333	111.4683333	111.7433333
267.7	0	92.158	98.188	101	103.42	104.71	105.95	106.75	107.5	108.05	108.58	109.06	109.49	109.77	110.04	110.32	110.5933333	110.8683333	111.1433333	111.4183333	111.6933333
267.8	0	92.112	98.139	100.95	103.36	104.66	105.9	106.7	107.45	108	108.53	109.01	109.44	109.72	109.99	110.27	110.5433333	110.8183333	111.0933333	111.3683333	111.6433333
267.9	0	92.065	98.09	100.9	103.31	104.61	105.85	106.65	107.4	107.95	108.48	108.96	109.39	109.67	109.94	110.22	110.4933333	110.7683333	111.0433333	111.3183333	111.5933333
268	0	92.019	98.041	100.85	103.26	104.56	105.8	106.6	107.35	107.9	108.43	108.91	109.34	109.62	109.89	110.18	110.4566667	110.7366667	111.0166667	111.2966667	111.5766667
268.1	0	91.973	97.992	100.8	103.21	104.51	105.75	106.54	107.3	107.85	108.38	108.86	109.29	109.57	109.84	110.13	110.4066667	110.6866667	110.9666667	111.2466667	111.5266667
268.2	0	91.926	97.942	100.75	103.16	104.46	105.7	106.49	107.25	107.79	108.33	108.81	109.24	109.52	109.79	110.08	110.3566667	110.6366667	110.9166667	111.1966667	111.4766667
268.3	0	91.879	97.893	100.7	103.11	104.41	105.65	106.44	107.2	107.74	108.28	108.75	109.19	109.47	109.74	110.03	110.3066667	110.5866667	110.8666667	111.1466667	111.4266667
268.4	0	91.832	97.843	100.65	103.06	104.35	105.6	106.39	107.15	107.69	108.22	108.7	109.14	109.41	109.69	109.98	110.2633333	110.5483333	110.8333333	111.1183333	111.4033333
268.5	0	91.785	97.793	100.6	103	104.3	105.55	106.34	107.09	107.64	108.17	108.65	109.09	109.36	109.64	109.93	110.2133333	110.4983333	110.7833333	111.0683333	111.3533333
268.6	0	91.738	97.743	100.55	102.95	104.25	105.5	106.29	107.04	107.59	108.12	108.6	109.04	109.31	109.59	109.87	110.15	110.43	110.71	110.99	111.27
268.7	0	91.691	97.693	100.51	102.9	104.2	105.44	106.23	106.99	107.54	108.07	108.55	108.98	109.26	109.54	109.82	110.1	110.38	110.66	110.94	111.22
268.8	0	91.643	97.643	100.46	102.85	104.15	105.39	106.18	106.94	107.48	108.02	108.5	108.93	109.21	109.49	109.77	110.05	110.33	110.61	110.89	111.17
268.9	0	91.596	97.592	100.41	102.79	104.1	105.34	106.13	106.89	107.43	107.97	108.44	108.88	109.16	109.44	109.72	110	110.28	110.56	110.84	111.12
269	0	91.548	97.542	100.36	102.74	104.04	105.29	106.08	106.83	107.38	107.91	108.39	108.83	109.11	109.39	109.67	109.95	110.23	110.51	110.79	111.07
269.1	0	91.5	97.491	100.3	102.69	103.99	105.24	106.02	106.78	107.33	107.86	108.34	108.78	109.05	109.33	109.62	109.9033333	110.1883333	110.4733333	110.7583333	111.0433333
269.2	0	91.452	97.44	100.25	102.64	103.94	105.18	105.97	106.73	107.27	107.81	108.29	108.72	109	109.28	109.57	109.8533333	110.1383333	110.4233333	110.7083333	110.9933333
269.3	0	91.404	97.389	100.2	102.58	103.89	105.13	105.92	106.67	107.22	107.75	108.23	108.67	108.95	109.23	109.52	109.8033333	110.0883333	110.3733333	110.6583333	110.9433333
269.4	0	91.355	97.338	100.15	102.53	103.83	105.08	105.86	106.62	107.17	107.7	108.18	108.62	108.9	109.18	109.47	109.7533333	110.0383333	110.3233333	110.6083333	110.8933333
269.5	0	91.306	97.286	100.1	102.47	103.78	105.02	105.81	106.57	107.11	107.65	108.13	108.57	108.84	109.13	109.41	109.6966667	109.9816667	110.2666667	110.5516667	110.8366667
269.6	0	91.258	97.235	100.05	102.42	103.73	104.97	105.76	106.51	107.06	107.59	108.07	108.51	108.79	109.07	109.36	109.6433333	109.9283333	110.2133333	110.4983333	110.7833333
269.7	0	91.209	97.183	99.999	102.37	103.67	104.92	105.7	106.46	107.01	107.54	108.02	108.46	108.74	109.02	109.31	109.5933333	109.8783333	110.1633333	110.4483333	110.7333333
269.8	0	91.159	97.131	99.947	102.31	103.62	104.86	105.65	106.41	106.95	107.49	107.97	108.41	108.69	108.97	109.26	109.5433333	109.8283333	110.1133333	110.3983333	110.6833333
269.9	0	91.11	97.079	99.895	102.26	103.57	104.81	105.59	106.35	106.9	107.43	107.91	108.35	108.63	108.91	109.2	109.4833333	109.7683333	110.0533333	110.3383333	110.6233333
270	0	91.06	97.026	99.843	102.2	103.51	104.75	105.54	106.3	106.84	107.38	107.86	108.3	108.58	108.86	109.15	109.4333333	109.7183333	110.0033333	110.2883333	110.5733333
270.1	0	91.011	96.974	99.791	102.15	103.46	104.7	105.48	106.24	106.79	107.32	107.8	108.25	108.53	108.81	109.1	109.3833333	109.6683333	109.9533333	110.2383333	110.5233333
270.2	0	90.961	96.921	99.738	102.09	103.4	104.65	105.43	106.19	106.73	107.27	107.75	108.19	108.47	108.75	109.04	109.3233333	109.6083333	109.8933333	110.1783333	110.4633333
270.3	0	90.91	96.867	99.685	102.04	103.35	104.59	105.37	106.13	106.68	107.21	107.69	108.14	108.42	108.7	108.99	109.2733333	109.5583333	109.8433333	110.1283333	110.4133333
270.4	0	90.86	96.814	99.632	101.98	103.3	104.54	105.32	106.08	106.62	107.16	107.64	108.08	108.36	108.65	108.94	109.23	109.52	109.81	110.1	110.39
270.5	0	90.809	96.76	99.579	101.92	103.24	104.48	105.26	106.02	106.57	107.1	107.58	108.03	108.31	108.59	108.88	109.1633333	109.4483333	109.7333333	110.0183333	110.3033333
270.6	0	90.759	96.707	99.525	101.87	103.18	104.42	105.21	105.97	106.51	107.05	107.53	107.97	108.26	108.54	108.83	109.1133333	109.3983333	109.6833333	109.9683333	110.2533333
270.7	0	90.708	96.652	99.472	101.81	103.13	104.37	105.15	105.91	106.46	106.99	107.47	107.92	108.2	108.48	108.78	109.0666667	109.3566667	109.6466667	109.9366667	110.2266667
270.8	0	90.656	96.598	99.418	101.75	103.07	104.31	105.09	105.85	106.4	106.94	107.42	107.86	108.15	108.43	108.72	109.0033333	109.2883333	109.5733333	109.8583333	110.1433333
270.9	0	90.605	96.544	99.363	101.7	103.02	104.26	105.04	105.8	106.34	106.88	107.36	107.81	108.09	108.37	108.67	108.9566667	109.2466667	109.5366667	109.8266667	110.1166667
271	0	90.554	96.489	99.309	101.64	102.96	104.2	104.98	105.74	106.29	106.82	107.3	107.75	108.04	108.32	108.61	108.8933333	109.1783333	109.4633333	109.7483333	110.0333333
271.1	0	90.502	96.434	99.254	101.58	102.9	104.14	104.92	105.68	106.23	106.77	107.25	107.7	107.98	108.26	108.56	108.8466667	109.1366667	109.4266667	109.7166667	110.0066667
271.2	0	90.45	96.378	99.199	101.53	102.85	104.09	104.87	105.63	106.17	106.71	107.19	107.64	107.92	108.21	108.5	108.79	109.08	109.37	109.66	109.95
271.3	0	90.398	96.323	99.144	101.47	102.79	104.03	104.81	105.57	106.12	106.65	107.14	107.59	107.87	108.15	108.45	108.7366667	109.0266667	109.3166667	109.6066667	109.8966667
271.4	0	90.346	96.267	99.089	101.41	102.73	103.97	104.75	105.51	106.06	106.6	107.08	107.53	107.81	108.1	108.39	108.68	108.97	109.26	109.55	109.84
271.5	0	90.293	96.211	99.033	101.35	102.68	103.92	104.69	105.45	106	106.54	107.02	107.47	107.76	108.04	108.34	108.6266667	108.9166667	109.2066667	109.4966667	109.7866667
271.6	0	90.24	96.155	98.977	101.29	102.62	103.86	104.64	105.4	105.94	106.48	106.96	107.42	107.7	107.99	108.28	108.57	108.86	109.15	109.44	109.73
271.7	0	90.187	96.098	98.921	101.23	102.56	103.8	104.58	105.34	105.89	106.42	106.91	107.36	107.64	107.93	108.22	108.51	108.8	109.09	109.38	109.67
271.8	0	90.134	96.042	98.865	101.18	102.5	103.74	104.52	105.28	105.83	106.37	106.85	107.3	107.59	107.87	108.17	108.4566667	108.7466667	109.0366667	109.3266667	109.6166667
271.9	0	90.081	95.985	98.809	101.12	102.45	103.68	104.46	105.22	105.77	106.31	106.79	107.24	107.53	107.82	108.11	108.4	108.69	108.98	109.27	109.56
272	0	90.027	95.927	98.752	101.06	102.39	103.63	104.4	105.16	105.71	106.25	106.73	107.19	107.47	107.76	108.06	108.3533333	108.6483333	108.9433333	109.2383333	109.5333333
272.1	0	89.973	95.87	98.695	101	102.33	103.57	104.34	105.1	105.65	106.19	106.67	107.13	107.42	107.7	108	108.2866667	108.5766667	108.8666667	109.1566667	109.4466667
272.2	0	89.919	95.812	98.638	100.94	102.27	103.51	104.28	105.05	105.59	106.13	106.62	107.07	107.36	107.65	107.94	108.23	108.52	108.81	109.1	109.39
272.3	0	89.865	95.755	98.58	100.88	102.21	103.45	104.22	104.99	105.53	106.07	106.56	107.01	107.3	107.59	107.88	108.17	108.46	108.75	109.04	109.33
272.4	0	89.81	95.697	98.522	100.82	102.15	103.39	104.16	104.93	105.47	106.01	106.5	106.96	107.24	107.53	107.83	108.1233333	108.4183333	108.7133333	109.0083333	109.3033333
272.5	0	89.755	95.638	98.465	100.76	102.09	103.33	104.1	104.87	105.41	105.95	106.44	106.9	107.19	107.47	107.77	108.0566667	108.3466667	108.6366667	108.9266667	109.2166667
272.6	0	89.7	95.58	98.406	100.7	102.03	103.27	104.04	104.81	105.35	105.89	106.38	106.84	107.13	107.42	107.71	108	108.29	108.58	108.87	109.16
272.7	0	89.644	95.521	98.348	100.63	101.97	103.21	103.98	104.75	105.29	105.83	106.32	106.78	107.07	107.36	107.66	107.9533333	108.2483333	108.5433333	108.8383333	109.1333333
272.8	0	89.589	95.463	98.29	100.57	101.91	103.15	103.92	104.69	105.23	105.77	106.26	106.72	107.01	107.3	107.6	107.8933333	108.1883333	108.4833333	108.7783333	109.0733333
272.9	0	89.533	95.404	98.231	100.51	101.85	103.08	103.86	104.62	105.17	105.71	106.2	106.66	106.95	107.24	107.54	107.8333333	108.1283333	108.4233333	108.7183333	109.0133333
273	0	89.477	95.344	98.172	100.45	101.79	103.02	103.8	104.56	105.11	105.65	106.14	106.6	106.89	107.18	107.48	107.7733333	108.0683333	108.3633333	108.6583333	108.9533333
273.1	0	89.421	95.285	98.113	100.39	101.73	102.96	103.74	104.5	105.05	105.59	106.08	106.54	106.83	107.12	107.42	107.7133333	108.0083333	108.3033333	108.5983333	108.8933333
273.2	0	89.364	95.225	98.053	100.33	101.67	102.9	103.68	104.44	104.99	105.53	106.02	106.48	106.77	107.07	107.36	107.6566667	107.9516667	108.2466667	108.5416667	108.8366667
273.3	0	89.307	95.165	97.994	100.26	101.61	102.84	103.62	104.38	104.93	105.47	105.96	106.42	106.71	107.01	107.3	107.5966667	107.8916667	108.1866667	108.4816667	108.7766667
273.4	0	89.25	95.105	97.934	100.2	101.55	102.77	103.55	104.32	104.87	105.41	105.9	106.36	106.65	106.95	107.25	107.55	107.85	108.15	108.45	108.75
273.5	0	89.193	95.044	97.874	100.14	101.48	102.71	103.49	104.26	104.8	105.35	105.83	106.3	106.59	106.89	107.19	107.49	107.79	108.09	108.39	108.69
273.6	0	89.135	94.983	97.813	100.07	101.42	102.65	103.43	104.19	104.74	105.29	105.77	106.24	106.53	106.83	107.13	107.43	107.73	108.03	108.33	108.63
273.7	0	89.077	94.922	97.752	100.01	101.36	102.58	103.37	104.13	104.68	105.22	105.71	106.18	106.47	106.77	107.07	107.37	107.67	107.97	108.27	108.57
273.8	0	89.019	94.86	97.691	99.947	101.3	102.52	103.3	104.07	104.62	105.16	105.65	106.12	106.41	106.71	107.01	107.31	107.61	107.91	108.21	108.51
273.9	0	88.961	94.799	97.63	99.882	101.23	102.46	103.24	104	104.55	105.1	105.59	106.06	106.35	106.64	106.95	107.2466667	107.5466667	107.8466667	108.1466667	108.4466667
274	0	88.902	94.736	97.568	99.818	101.17	102.39	103.18	103.94	104.49	105.04	105.52	105.99	106.29	106.58	106.89	107.1866667	107.4866667	107.7866667	108.0866667	108.3866667
274.1	0	88.843	94.674	97.506	99.753	101.11	102.33	103.11	103.88	104.43	104.97	105.46	105.93	106.23	106.52	106.83	107.1266667	107.4266667	107.7266667	108.0266667	108.3266667
274.2	0	88.784	94.611	97.444	99.688	101.04	102.26	103.05	103.81	104.36	104.91	105.4	105.87	106.16	106.46	106.76	107.06	107.36	107.66	107.96	108.26
274.3	0	88.724	94.548	97.381	99.623	100.98	102.2	102.98	103.75	104.3	104.85	105.33	105.81	106.1	106.4	106.7	107	107.3	107.6	107.9	108.2
274.4	0	88.664	94.484	97.319	99.558	100.91	102.13	102.92	103.68	104.24	104.78	105.27	105.74	106.04	106.34	106.64	106.94	107.24	107.54	107.84	108.14
274.5	0	88.604	94.421	97.255	99.492	100.85	102.07	102.85	103.62	104.17	104.72	105.21	105.68	105.98	106.27	106.58	106.8766667	107.1766667	107.4766667	107.7766667	108.0766667
274.6	0	88.544	94.357	97.192	99.425	100.78	102	102.79	103.55	104.11	104.65	105.14	105.62	105.91	106.21	106.52	106.8233333	107.1283333	107.4333333	107.7383333	108.0433333
274.7	0	88.483	94.292	97.128	99.359	100.72	101.93	102.72	103.49	104.04	104.59	105.08	105.55	105.85	106.15	106.46	106.7633333	107.0683333	107.3733333	107.6783333	107.9833333
274.8	0	88.422	94.227	97.063	99.292	100.65	101.87	102.66	103.42	103.98	104.52	105.01	105.49	105.79	106.09	106.39	106.69	106.99	107.29	107.59	107.89
274.9	0	88.361	94.162	96.999	99.225	100.59	101.8	102.59	103.36	103.91	104.46	104.95	105.43	105.72	106.02	106.33	106.6333333	106.9383333	107.2433333	107.5483333	107.8533333
275	0	88.299	94.097	96.934	99.157	100.52	101.73	102.52	103.29	103.84	104.39	104.88	105.36	105.66	105.96	106.27	106.5733333	106.8783333	107.1833333	107.4883333	107.7933333
275.1	0	88.237	94.031	96.868	99.089	100.45	101.66	102.46	103.22	103.78	104.33	104.82	105.3	105.6	105.89	106.2	106.4966667	106.7966667	107.0966667	107.3966667	107.6966667
275.2	0	88.175	93.965	96.803	99.02	100.39	101.6	102.39	103.16	103.71	104.26	104.75	105.23	105.53	105.83	106.14	106.4433333	106.7483333	107.0533333	107.3583333	107.6633333
275.3	0	88.113	93.898	96.737	98.952	100.32	101.53	102.32	103.09	103.64	104.19	104.69	105.17	105.47	105.77	106.08	106.3833333	106.6883333	106.9933333	107.2983333	107.6033333
275.4	0	88.05	93.832	96.67	98.883	100.25	101.46	102.26	103.02	103.58	104.13	104.62	105.1	105.4	105.7	106.01	106.3133333	106.6183333	106.9233333	107.2283333	107.5333333
275.5	0	87.986	93.764	96.604	98.813	100.18	101.39	102.19	102.95	103.51	104.06	104.55	105.03	105.34	105.64	105.95	106.2533333	106.5583333	106.8633333	107.1683333	107.4733333
275.6	0	87.923	93.697	96.537	98.743	100.11	101.32	102.12	102.88	103.44	103.99	104.49	104.97	105.27	105.57	105.89	106.1966667	106.5066667	106.8166667	107.1266667	107.4366667
275.7	0	87.859	93.629	96.469	98.673	100.05	101.25	102.05	102.81	103.37	103.92	104.42	104.9	105.2	105.51	105.82	106.13	106.44	106.75	107.06	107.37
275.8	0	87.794	93.561	96.401	98.603	99.977	101.18	101.98	102.75	103.3	103.86	104.35	104.83	105.14	105.44	105.76	106.0666667	106.3766667	106.6866667	106.9966667	107.3066667
275.9	0	87.73	93.492	96.333	98.532	99.907	101.11	101.91	102.68	103.23	103.79	104.28	104.77	105.07	105.38	105.69	106	106.31	106.62	106.93	107.24
276	0	87.664	93.423	96.265	98.461	99.837	101.04	101.84	102.61	103.17	103.72	104.21	104.7	105.01	105.31	105.63	105.9366667	106.2466667	106.5566667	106.8666667	107.1766667
276.1	0	87.599	93.354	96.196	98.389	99.767	100.97	101.77	102.54	103.1	103.65	104.14	104.63	104.94	105.24	105.56	105.8666667	106.1766667	106.4866667	106.7966667	107.1066667
276.2	0	87.533	93.284	96.127	98.317	99.697	100.9	101.7	102.47	103.03	103.58	104.08	104.56	104.87	105.18	105.49	105.8	106.11	106.42	106.73	107.04
276.3	0	87.467	93.214	96.057	98.245	99.626	100.83	101.63	102.4	102.96	103.51	104.01	104.5	104.8	105.11	105.43	105.7433333	106.0583333	106.3733333	106.6883333	107.0033333
276.4	0	87.4	93.144	95.987	98.172	99.555	100.75	101.56	102.33	102.89	103.44	103.94	104.43	104.74	105.04	105.36	105.6666667	105.9766667	106.2866667	106.5966667	106.9066667
276.5	0	87.333	93.073	95.917	98.099	99.483	100.68	101.49	102.25	102.82	103.37	103.87	104.36	104.67	104.98	105.29	105.6	105.91	106.22	106.53	106.84
276.6	0	87.266	93.002	95.846	98.026	99.411	100.61	101.42	102.18	102.75	103.3	103.8	104.29	104.6	104.91	105.23	105.5433333	105.8583333	106.1733333	106.4883333	106.8033333
276.7	0	87.198	92.93	95.775	97.952	99.339	100.53	101.35	102.11	102.67	103.23	103.73	104.22	104.53	104.84	105.16	105.4733333	105.7883333	106.1033333	106.4183333	106.7333333
276.8	0	87.13	92.858	95.703	97.878	99.266	100.46	101.27	102.04	102.6	103.16	103.66	104.15	104.46	104.77	105.09	105.4033333	105.7183333	106.0333333	106.3483333	106.6633333
276.9	0	87.061	92.785	95.631	97.804	99.193	100.39	101.2	101.96	102.53	103.09	103.59	104.08	104.39	104.7	105.02	105.3333333	105.6483333	105.9633333	106.2783333	106.5933333
277	0	86.992	92.712	95.559	97.729	99.12	100.31	101.13	101.89	102.46	103.01	103.51	104.01	104.32	104.64	104.96	105.28	105.6	105.92	106.24	106.56
277.1	0	86.922	92.639	95.486	97.653	99.046	100.24	101.05	101.82	102.39	102.94	103.44	103.94	104.25	104.57	104.89	105.21	105.53	105.85	106.17	106.49
277.2	0	86.852	92.565	95.413	97.578	98.972	100.16	100.98	101.74	102.31	102.87	103.37	103.87	104.18	104.5	104.82	105.14	105.46	105.78	106.1	106.42
277.3	0	86.782	92.491	95.339	97.501	98.897	100.09	100.91	101.67	102.24	102.8	103.3	103.8	104.11	104.43	104.75	105.07	105.39	105.71	106.03	106.35
277.4	0	86.711	92.416	95.265	97.425	98.822	100.01	100.83	101.6	102.17	102.72	103.23	103.73	104.04	104.36	104.68	105	105.32	105.64	105.96	106.28
277.5	0	86.64	92.341	95.191	97.347	98.747	99.937	100.76	101.52	102.09	102.65	103.15	103.65	103.97	104.29	104.61	104.93	105.25	105.57	105.89	106.21
277.6	0	86.568	92.265	95.116	97.27	98.671	99.86	100.68	101.45	102.02	102.58	103.08	103.58	103.9	104.22	104.54	104.86	105.18	105.5	105.82	106.14
277.7	0	86.496	92.19	95.04	97.192	98.594	99.783	100.61	101.37	101.95	102.5	103.01	103.51	103.83	104.15	104.47	104.79	105.11	105.43	105.75	106.07
277.8	0	86.423	92.113	94.964	97.113	98.517	99.706	100.53	101.29	101.87	102.43	102.93	103.44	103.76	104.07	104.4	104.7166667	105.0366667	105.3566667	105.6766667	105.9966667
277.9	0	86.35	92.036	94.888	97.034	98.44	99.628	100.45	101.22	101.8	102.35	102.86	103.36	103.68	104	104.33	104.6533333	104.9783333	105.3033333	105.6283333	105.9533333
278	0	86.277	91.959	94.811	96.955	98.362	99.549	100.38	101.14	101.72	102.28	102.79	103.29	103.61	103.93	104.26	104.5833333	104.9083333	105.2333333	105.5583333	105.8833333
278.1	0	86.203	91.882	94.734	96.875	98.284	99.47	100.3	101.06	101.64	102.2	102.71	103.22	103.54	103.86	104.19	104.5133333	104.8383333	105.1633333	105.4883333	105.8133333
278.2	0	86.128	91.804	94.656	96.794	98.205	99.391	100.22	100.99	101.57	102.13	102.64	103.14	103.47	103.79	104.11	104.43	104.75	105.07	105.39	105.71
278.3	0	86.053	91.725	94.577	96.713	98.126	99.311	100.14	100.91	101.49	102.05	102.56	103.07	103.39	103.71	104.04	104.3633333	104.6883333	105.0133333	105.3383333	105.6633333
278.4	0	85.978	91.646	94.498	96.631	98.046	99.231	100.06	100.83	101.41	101.97	102.49	102.99	103.32	103.64	103.97	104.2933333	104.6183333	104.9433333	105.2683333	105.5933333
278.5	0	85.902	91.567	94.419	96.549	97.966	99.15	99.984	100.75	101.34	101.9	102.41	102.92	103.24	103.57	103.9	104.23	104.56	104.89	105.22	105.55
278.6	0	85.825	91.487	94.339	96.466	97.885	99.069	99.904	100.67	101.26	101.82	102.33	102.84	103.17	103.49	103.82	104.1433333	104.4683333	104.7933333	105.1183333	105.4433333
278.7	0	85.748	91.407	94.258	96.383	97.804	98.987	99.824	100.59	101.18	101.74	102.26	102.77	103.09	103.42	103.75	104.08	104.41	104.74	105.07	105.4
278.8	0	85.67	91.326	94.177	96.299	97.722	98.905	99.743	100.51	101.1	101.66	102.18	102.69	103.02	103.34	103.68	104.0066667	104.3366667	104.6666667	104.9966667	105.3266667
278.9	0	85.592	91.245	94.095	96.215	97.64	98.822	99.662	100.43	101.02	101.59	102.1	102.61	102.94	103.27	103.6	103.93	104.26	104.59	104.92	105.25
279	0	85.513	91.163	94.013	96.13	97.557	98.739	99.58	100.35	100.94	101.51	102.02	102.53	102.87	103.19	103.53	103.8566667	104.1866667	104.5166667	104.8466667	105.1766667
279.1	0	85.434	91.081	93.93	96.044	97.474	98.656	99.498	100.27	100.86	101.43	101.94	102.46	102.79	103.12	103.45	103.78	104.11	104.44	104.77	105.1
279.2	0	85.353	90.997	93.846	95.958	97.39	98.572	99.416	100.19	100.78	101.35	101.87	102.38	102.71	103.04	103.38	103.7133333	104.0483333	104.3833333	104.7183333	105.0533333
279.3	0	85.272	90.914	93.762	95.872	97.305	98.487	99.333	100.1	100.7	101.27	101.79	102.3	102.64	102.96	103.3	103.6266667	103.9566667	104.2866667	104.6166667	104.9466667
279.4	0	85.19	90.829	93.677	95.785	97.22	98.402	99.249	100.02	100.62	101.19	101.71	102.22	102.56	102.89	103.23	103.5633333	103.8983333	104.2333333	104.5683333	104.9033333
279.5	0	85.108	90.743	93.591	95.697	97.135	98.316	99.165	99.936	100.53	101.11	101.63	102.14	102.48	102.81	103.15	103.4833333	103.8183333	104.1533333	104.4883333	104.8233333
279.6	0	85.024	90.657	93.505	95.608	97.049	98.23	99.08	99.851	100.45	101.02	101.55	102.06	102.4	102.73	103.07	103.41	103.745	104.082	104.419	104.756
279.7	0	84.94	90.57	93.418	95.519	96.962	98.143	98.995	99.767	100.37	100.94	101.47	101.98	102.33	102.66	103	103.34	103.679	104.018	104.357	104.696
279.8	0	84.854	90.481	93.33	95.429	96.874	98.056	98.909	99.681	100.28	100.86	101.38	101.9	102.25	102.58	102.92	103.26	103.599	103.938	104.277	104.616
279.9	0	84.768	90.392	93.242	95.339	96.786	97.968	98.823	99.595	100.2	100.77	101.3	101.82	102.17	102.5	102.84	103.18	103.519	103.858	104.197	104.536
280	0	84.68	90.302	93.152	95.248	96.698	97.879	98.736	99.509	100.12	100.69	101.22	101.74	102.09	102.42	102.76	103.1	103.439	103.778	104.117	104.456
280.1	0	84.592	90.211	93.063	95.156	96.608	97.79	98.649	99.422	100.03	100.61	101.14	101.66	102.01	102.34	102.68	103.03	103.367	103.708	104.049	104.39
280.2	0	84.502	90.119	92.972	95.064	96.518	97.7	98.561	99.334	99.944	100.52	101.05	101.57	101.93	102.26	102.61	102.95	103.296	103.64	103.984	104.328
280.3	0	84.412	90.026	92.88	94.971	96.428	97.61	98.472	99.246	99.858	100.44	100.97	101.49	101.84	102.18	102.53	102.87	103.217	103.562	103.907	104.252
280.4	0	84.32	89.933	92.788	94.877	96.336	97.519	98.383	99.157	99.771	100.35	100.88	101.41	101.76	102.1	102.45	102.79	103.137	103.482	103.827	104.172
280.5	0	84.227	89.838	92.695	94.782	96.244	97.427	98.293	99.068	99.683	100.26	100.8	101.32	101.68	102.02	102.37	102.71	103.061	103.408	103.755	104.102
280.6	0	84.133	89.742	92.601	94.687	96.151	97.334	98.202	98.978	99.595	100.18	100.71	101.24	101.6	101.94	102.29	102.63	102.981	103.328	103.675	104.022
280.7	0	84.038	89.645	92.506	94.59	96.058	97.241	98.111	98.888	99.506	100.09	100.63	101.15	101.51	101.85	102.2	102.55	102.899	103.248	103.597	103.946
280.8	0	83.941	89.546	92.41	94.493	95.964	97.146	98.019	98.797	99.417	100	100.54	101.07	101.43	101.77	102.12	102.47	102.819	103.168	103.517	103.866
280.9	0	83.843	89.447	92.314	94.395	95.869	97.052	97.927	98.705	99.327	99.911	100.45	100.98	101.35	101.69	102.04	102.39	102.743	103.094	103.445	103.796
281	0	83.744	89.347	92.216	94.296	95.773	96.956	97.834	98.613	99.236	99.822	100.36	100.9	101.26	101.61	101.96	102.31	102.664	103.016	103.368	103.72
281.1	0	83.643	89.245	92.117	94.197	95.676	96.859	97.74	98.52	99.145	99.732	100.27	100.81	101.18	101.52	101.88	102.23	102.586	102.94	103.294	103.648
281.2	0	83.54	89.142	92.018	94.096	95.578	96.762	97.645	98.426	99.053	99.642	100.19	100.72	101.09	101.44	101.79	102.15	102.506	102.862	103.218	103.574
281.3	0	83.436	89.038	91.917	93.994	95.48	96.664	97.55	98.332	98.961	99.551	100.1	100.63	101	101.35	101.71	102.07	102.429	102.788	103.147	103.506
281.4	0	83.33	88.932	91.815	93.891	95.38	96.565	97.453	98.237	98.868	99.459	100.01	100.54	100.92	101.27	101.63	101.98	102.345	102.704	103.063	103.422
281.5	0	83.222	88.825	91.712	93.787	95.28	96.465	97.356	98.142	98.775	99.367	99.915	100.45	100.83	101.18	101.54	101.9	102.263	102.624	102.985	103.346
281.6	0	83.112	88.716	91.607	93.682	95.179	96.364	97.258	98.045	98.68	99.274	99.824	100.36	100.74	101.09	101.46	101.82	102.186	102.55	102.914	103.278
281.7	0	83	88.606	91.502	93.576	95.076	96.263	97.16	97.948	98.586	99.18	99.732	100.27	100.65	101.01	101.37	101.73	102.098	102.462	102.826	103.19
281.8	0	82.886	88.494	91.395	93.468	94.973	96.16	97.06	97.85	98.49	99.086	99.639	100.18	100.56	100.92	101.28	101.65	102.016	102.382	102.748	103.114
281.9	0	82.77	88.38	91.286	93.359	94.868	96.057	96.96	97.752	98.394	98.991	99.546	100.09	100.47	100.83	101.2	101.56	101.931	102.298	102.665	103.032
282	0	82.651	88.265	91.177	93.249	94.762	95.952	96.859	97.652	98.297	98.896	99.452	99.997	100.38	100.74	101.11	101.47	101.8422	102.2098	102.5774	102.945
282.1	0	82.529	88.147	91.065	93.137	94.655	95.847	96.756	97.552	98.199	98.8	99.358	99.904	100.29	100.65	101.02	101.39	101.7614	102.1316	102.5018	102.872
282.2	0	82.405	88.027	90.952	93.024	94.547	95.74	96.653	97.451	98.101	98.703	99.263	99.811	100.2	100.57	100.93	101.3	101.6746	102.0454	102.4162	102.787
282.3	0	82.278	87.905	90.838	92.909	94.437	95.632	96.549	97.349	98.001	98.606	99.167	99.717	100.11	100.47	100.85	101.21	101.5892	101.9618	102.3344	102.707
282.4	0	82.148	87.781	90.721	92.793	94.326	95.523	96.444	97.246	97.901	98.507	99.071	99.622	100.02	100.38	100.76	101.13	101.5092	101.8848	102.2604	102.636
282.5	0	82.014	87.654	90.602	92.674	94.214	95.413	96.338	97.142	97.8	98.408	98.974	99.526	99.925	100.29	100.67	101.04	101.4221	101.7994	102.1767	102.554
282.6	0	81.878	87.524	90.482	92.554	94.1	95.302	96.231	97.038	97.699	98.309	98.876	99.43	99.831	100.2	100.58	100.95	101.3349	101.7138	102.0927	102.4716
282.7	0	81.738	87.391	90.359	92.432	93.984	95.189	96.123	96.932	97.596	98.208	98.777	99.333	99.737	100.11	100.48	100.86	101.2431	101.6228	102.0025	102.3822
282.8	0	81.594	87.255	90.233	92.308	93.867	95.075	96.013	96.825	97.492	98.107	98.678	99.236	99.642	100.02	100.39	100.77	101.1564	101.538	101.9196	102.3012
282.9	0	81.447	87.116	90.105	92.182	93.748	94.96	95.903	96.718	97.388	98.004	98.578	99.138	99.546	99.922	100.3	100.68	101.0686	101.4524	101.8362	102.22
283	0	81.295	86.973	89.974	92.054	93.626	94.843	95.791	96.609	97.283	97.901	98.478	99.039	99.45	99.827	100.21	100.59	100.9818	101.368	101.7542	102.1404
283.1	0	81.14	86.827	89.841	91.923	93.503	94.724	95.677	96.499	97.176	97.798	98.376	98.94	99.353	99.732	100.12	100.5	100.8951	101.2838	101.6725	102.0612
283.2	0	80.98	86.676	89.704	91.789	93.378	94.604	95.563	96.387	97.069	97.693	98.274	98.84	99.256	99.636	100.02	100.4	100.7956	101.184	101.5724	101.9608
283.3	0	80.815	86.522	89.564	91.653	93.251	94.482	95.447	96.275	96.96	97.587	98.171	98.739	99.157	99.54	99.927	100.31	100.7082	101.0994	101.4906	101.8818
283.4	0	80.646	86.364	89.42	91.514	93.121	94.358	95.329	96.161	96.85	97.48	98.067	98.637	99.058	99.443	99.831	100.22	100.6195	101.0134	101.4073	101.8012
283.5	0	80.472	86.201	89.273	91.373	92.989	94.232	95.21	96.046	96.739	97.372	97.962	98.535	98.958	99.345	99.735	100.12	100.5227	100.9174	101.3121	101.7068
283.6	0	80.294	86.034	89.122	91.228	92.855	94.103	95.088	95.929	96.627	97.263	97.856	98.431	98.858	99.246	99.639	100.03	100.4345	100.8324	101.2303	101.6282
283.7	0	80.11	85.862	88.967	91.08	92.717	93.973	94.965	95.811	96.514	97.153	97.75	98.327	98.757	99.147	99.541	99.934	100.3406	100.7404	101.1402	101.54
283.8	0	79.92	85.685	88.808	90.928	92.577	93.84	94.841	95.691	96.399	97.042	97.642	98.222	98.655	99.047	99.443	99.837	100.2462	100.648	101.0498	101.4516
283.9	0	79.725	85.504	88.644	90.774	92.434	93.705	94.714	95.57	96.283	96.929	97.533	98.116	98.552	98.946	99.344	99.741	100.1524	100.5566	100.9608	101.365
284	0	79.525	85.317	88.477	90.615	92.289	93.567	94.584	95.446	96.165	96.816	97.423	98.01	98.448	98.845	99.245	99.643	100.0571	100.4634	100.8697	101.276
284.1	0	79.319	85.125	88.304	90.453	92.14	93.426	94.453	95.321	96.046	96.7	97.312	97.902	98.344	98.742	99.144	99.545	99.9612	100.3698	100.7784	101.187
284.2	0	79.106	84.928	88.128	90.286	91.987	93.283	94.319	95.194	95.925	96.584	97.199	97.793	98.238	98.639	99.043	99.446	99.8651	100.2762	100.6873	101.0984
284.3	0	78.888	84.725	87.946	90.116	91.831	93.136	94.183	95.064	95.802	96.466	97.085	97.683	98.132	98.535	98.941	99.346	99.7679	100.1814	100.5949	101.0084
284.4	0	78.663	84.516	87.759	89.941	91.672	92.987	94.044	94.933	95.678	96.346	96.97	97.572	98.024	98.43	98.839	99.246	99.6711	100.0874	100.5037	100.92
284.5	0	78.432	84.302	87.566	89.762	91.509	92.834	93.902	94.799	95.551	96.225	96.854	97.459	97.916	98.324	98.735	99.144	99.5723	99.9912	100.4101	100.829
284.6	0	78.195	84.081	87.369	89.578	91.342	92.678	93.757	94.662	95.422	96.102	96.736	97.345	97.806	98.217	98.631	99.042	99.4739	99.8958	100.3177	100.7396
284.7	0	77.95	83.854	87.165	89.39	91.171	92.518	93.61	94.523	95.292	95.978	96.616	97.23	97.695	98.11	98.526	98.939	99.3747	99.7996	100.2245	100.6494
284.8	0	77.699	83.621	86.956	89.196	90.996	92.354	93.459	94.381	95.159	95.851	96.495	97.113	97.583	98.001	98.42	98.836	99.2755	99.7038	100.1321	100.5604
284.9	0	77.416	83.381	86.741	88.997	90.816	92.187	93.304	94.237	95.023	95.723	96.373	96.995	97.47	97.891	98.313	98.731	99.1745	99.606	100.0375	100.469
285	0	77.095	83.134	86.52	88.792	90.631	92.015	93.147	94.089	94.885	95.592	96.248	96.876	97.356	97.78	98.205	98.626	99.0733	99.5082	99.9431	100.378
285.1	0	76.766	82.881	86.292	88.582	90.442	91.839	92.985	93.938	94.745	95.459	96.122	96.755	97.24	97.668	98.096	98.52	98.9716	99.4102	99.8488	100.2874
285.2	0	76.43	82.62	86.058	88.366	90.248	91.659	92.82	93.784	94.601	95.324	95.994	96.632	97.123	97.555	97.986	98.412	98.8685	99.3108	99.7531	100.1954
285.3	0	76.085	82.352	85.817	88.144	90.049	91.475	92.651	93.627	94.455	95.187	95.864	96.508	97.004	97.441	97.875	98.304	98.7653	99.2116	99.6579	100.1042
285.4	0	75.732	82.077	85.569	87.916	89.844	91.285	92.478	93.466	94.306	95.047	95.731	96.381	96.884	97.325	97.763	98.195	98.6617	99.1124	99.5631	100.0138
285.5	0	75.371	81.794	85.315	87.681	89.633	91.091	92.3	93.301	94.154	94.904	95.597	96.253	96.762	97.208	97.649	98.085	98.5567	99.0118	99.4669	99.922
285.6	0	75.002	81.503	85.053	87.439	89.417	90.892	92.118	93.133	93.998	94.758	95.46	96.123	96.639	97.089	97.535	97.974	98.4514	98.9112	99.371	99.8308
285.7	0	74.625	81.205	84.784	87.19	89.195	90.687	91.932	92.96	93.839	94.61	95.32	95.991	96.513	96.969	97.419	97.862	98.3452	98.81	99.2748	99.7396
285.8	0	74.24	80.898	84.507	86.935	88.966	90.477	91.741	92.784	93.676	94.459	95.178	95.857	96.386	96.848	97.302	97.749	98.2384	98.7084	99.1784	99.6484
285.9	0	73.847	80.584	84.224	86.672	88.731	90.262	91.545	92.603	93.51	94.304	95.034	95.72	96.257	96.725	97.184	97.634	98.1305	98.606	99.0815	99.557
286	0	73.446	80.261	83.932	86.403	88.49	90.04	91.344	92.417	93.339	94.146	94.886	95.581	96.126	96.6	97.064	97.518	98.0214	98.5026	98.9838	99.465
286.1	0	73.036	79.93	83.633	86.125	88.242	89.813	91.137	92.227	93.165	93.984	94.736	95.44	95.993	96.473	96.942	97.401	97.9111	98.3982	98.8853	99.3724
286.2	0	72.619	79.591	83.327	85.841	87.987	89.58	90.926	92.032	92.986	93.819	94.582	95.295	95.858	96.345	96.819	97.283	97.8011	98.2948	98.7885	99.2822
286.3	0	72.194	79.243	83.013	85.548	87.725	89.34	90.708	91.832	92.803	93.65	94.425	95.149	95.72	96.214	96.695	97.163	97.6891	98.1894	98.6897	99.19
286.4	0	71.761	78.887	82.69	85.249	87.455	89.094	90.486	91.627	92.616	93.477	94.265	94.999	95.58	96.082	96.568	97.042	97.5764	98.0838	98.5912	99.0986
286.5	0	71.32	78.523	82.36	84.941	87.179	88.841	90.257	91.417	92.424	93.3	94.101	94.846	95.438	95.947	96.44	96.919	97.4624	97.9772	98.492	99.0068
286.6	0	70.872	78.151	82.022	84.626	86.895	88.582	90.022	91.202	92.227	93.119	93.933	94.69	95.293	95.81	96.309	96.794	97.3464	97.8688	98.3912	98.9136
286.7	0	70.416	77.77	81.675	84.303	86.603	88.315	89.782	90.981	92.025	92.933	93.762	94.53	95.144	95.671	96.177	96.668	97.2307	97.7616	98.2925	98.8234
286.8	0	69.953	77.368	81.321	83.971	86.304	88.042	89.535	90.754	91.818	92.743	93.587	94.368	94.993	95.529	96.043	96.54	97.1128	97.6522	98.1916	98.731
286.9	0	69.483	76.943	80.958	83.632	85.998	87.761	89.281	90.522	91.605	92.547	93.407	94.201	94.839	95.384	95.906	96.41	96.9935	97.542	98.0905	98.639
287	0	69.006	76.511	80.587	83.285	85.683	87.473	89.021	90.284	91.388	92.347	93.223	94.031	94.682	95.237	95.767	96.278	96.8727	97.4306	97.9885	98.5464
287.1	0	68.522	76.07	80.208	82.929	85.361	87.177	88.754	90.04	91.165	92.142	93.035	93.857	94.521	95.087	95.625	96.143	96.7494	97.317	97.8846	98.4522
287.2	0	68.031	75.622	79.82	82.565	85.031	86.874	88.48	89.789	90.936	91.932	92.841	93.678	94.357	94.934	95.481	96.007	96.626	97.2042	97.7824	98.3606
287.3	0	67.533	75.166	79.425	82.193	84.692	86.563	88.199	89.532	90.701	91.716	92.643	93.496	94.189	94.777	95.334	95.868	96.4995	97.0884	97.6773	98.2662
287.4	0	67.03	74.702	79.021	81.813	84.346	86.244	87.91	89.269	90.461	91.495	92.44	93.309	94.017	94.617	95.185	95.727	96.3722	96.9726	97.573	98.1734
287.5	0	66.52	74.231	78.61	81.424	83.992	85.917	87.614	88.999	90.215	91.268	92.232	93.117	93.841	94.454	95.032	95.583	96.2423	96.8546	97.4669	98.0792
287.6	0	66.004	73.753	78.19	81.028	83.629	85.583	87.311	88.722	89.962	91.035	92.019	92.921	93.661	94.287	94.876	95.436	96.1097	96.7342	97.3587	97.9832
287.7	0	65.482	73.267	77.763	80.623	83.258	85.24	87	88.437	89.703	90.797	91.8	92.72	93.476	94.117	94.717	95.287	95.9759	96.6134	97.2509	97.8884
287.8	0	64.955	72.775	77.317	80.211	82.88	84.89	86.681	88.146	89.438	90.552	91.575	92.514	93.288	93.942	94.555	95.135	95.8395	96.4904	97.1413	97.7922
287.9	0	64.423	72.275	76.853	79.79	82.493	84.531	86.355	87.847	89.166	90.302	91.345	92.302	93.094	93.763	94.389	94.979	95.7001	96.365	97.0299	97.6948
288	0	63.886	71.768	76.383	79.362	82.098	84.165	86.021	87.54	88.887	90.045	91.109	92.086	92.896	93.58	94.219	94.821	95.5583	96.2376	96.9169	97.5962
288.1	0	63.343	71.254	75.904	78.926	81.695	83.79	85.679	87.226	88.601	89.782	90.868	91.864	92.693	93.393	94.046	94.659	95.4139	96.1082	96.8025	97.4968
288.2	0	62.796	70.734	75.418	78.482	81.285	83.408	85.329	86.905	88.308	89.513	90.62	91.636	92.485	93.201	93.868	94.494	95.2665	95.9764	96.6863	97.3962
288.3	0	62.245	70.207	74.925	78.031	80.866	83.017	84.971	86.575	88.008	89.237	90.366	91.403	92.272	93.005	93.686	94.325	95.1156	95.8414	96.5672	97.293
288.4	0	61.689	69.674	74.425	77.572	80.44	82.619	84.605	86.237	87.7	88.954	90.106	91.163	92.053	92.803	93.5	94.152	94.9617	95.7042	96.4467	97.1892
288.5	0	61.13	69.135	73.917	77.105	80.006	82.212	84.231	85.892	87.384	88.664	89.84	90.918	91.829	92.597	93.31	93.976	94.8051	95.5648	96.3245	97.0842
288.6	0	60.567	68.59	73.403	76.63	79.565	81.798	83.849	85.539	87.061	88.367	89.567	90.668	91.6	92.385	93.115	93.795	94.6433	95.4202	96.1971	96.974
288.7	0	60	68.038	72.883	76.148	79.116	81.376	83.46	85.178	86.73	88.063	89.288	90.41	91.364	92.169	92.915	93.61	94.4789	95.274	96.0691	96.8642
288.8	0	59.431	67.482	72.355	75.66	78.659	80.947	83.063	84.809	86.392	87.751	89.002	90.147	91.123	91.947	92.71	93.421	94.3101	95.1236	95.9371	96.7506
288.9	0	58.859	66.92	71.822	75.164	78.195	80.51	82.658	84.433	86.045	87.432	88.709	89.878	90.877	91.719	92.501	93.228	94.1378	94.9702	95.8026	96.635
289	0	58.285	66.352	71.282	74.661	77.724	80.066	82.245	84.049	85.692	87.106	88.409	89.602	90.624	91.486	92.286	93.029	93.9602	94.8118	95.6634	96.515
289.1	0	57.709	65.78	70.737	74.152	77.238	79.614	81.825	83.657	85.33	86.772	88.102	89.319	90.365	91.248	92.066	92.826	93.7793	94.6508	95.5223	96.3938
289.2	0	57.131	65.204	70.186	73.637	76.741	79.156	81.398	83.257	84.961	86.43	87.787	89.03	90.101	91.004	91.841	92.618	93.5936	94.4852	95.3768	96.2684
289.3	0	56.551	64.623	69.629	73.116	76.237	78.69	80.963	82.851	84.585	86.081	87.466	88.733	89.83	90.754	91.611	92.405	93.4041	94.3166	95.2291	96.1416
289.4	0	55.971	64.039	69.067	72.588	75.727	78.217	80.521	82.436	84.201	85.725	87.137	88.43	89.552	90.498	91.374	92.187	93.209	94.1426	95.0762	96.0098
289.5	0	55.389	63.451	68.499	72.055	75.211	77.738	80.073	82.015	83.809	85.361	86.8	88.12	89.268	90.236	91.133	91.964	93.0101	93.9654	94.9207	95.876
289.6	0	54.807	62.859	67.927	71.517	74.688	77.25	79.617	81.586	83.411	84.99	86.457	87.802	88.977	89.968	90.886	91.735	92.8061	93.7836	94.7611	95.7386
289.7	0	54.224	62.265	67.351	70.972	74.159	76.756	79.155	81.15	83.005	84.611	86.106	87.477	88.68	89.693	90.633	91.502	92.5979	93.5982	94.5985	95.5988
289.8	0	53.641	61.668	66.769	70.423	73.625	76.255	78.686	80.707	82.592	84.226	85.747	87.146	88.375	89.413	90.374	91.262	92.3833	93.4064	94.4295	95.4526
289.9	0	53.057	61.069	66.184	69.868	73.085	75.747	78.21	80.258	82.171	83.833	85.382	86.806	88.064	89.125	90.109	91.017	92.1643	93.211	94.2577	95.3044
290	0	52.473	60.467	65.595	69.309	72.539	75.234	77.728	79.801	81.744	83.433	85.009	86.46	87.746	88.831	89.838	90.767	91.9402	93.0108	94.0814	95.152
290.1	0	51.888	59.864	65.003	68.745	71.989	74.715	77.235	79.338	81.31	83.026	84.63	86.107	87.42	88.531	89.56	90.51	91.7094	92.804	93.8986	94.9932
290.2	0	51.199	59.259	64.407	68.176	71.433	74.19	76.734	78.869	80.869	82.611	84.243	85.746	87.088	88.224	89.277	90.248	91.4745	92.5938	93.7131	94.8324
290.3	0	50.469	58.652	63.809	67.604	70.873	73.66	76.226	78.393	80.422	82.19	83.849	85.378	86.748	87.909	88.987	89.98	91.2333	92.3776	93.5219	94.6662
290.4	0	49.745	58.044	63.208	67.027	70.308	73.124	75.713	77.911	79.968	81.762	83.448	85.003	86.402	87.588	88.69	89.706	90.986	92.1554	93.3248	94.4942
290.5	0	49.029	57.434	62.605	66.447	69.739	72.583	75.194	77.422	79.507	81.327	83.04	84.622	86.048	87.26	88.387	89.425	90.7319	91.9264	93.1209	94.3154
290.6	0	48.319	56.824	61.999	65.863	69.165	72.038	74.669	76.927	79.04	80.886	82.625	84.233	85.688	86.925	88.077	89.138	90.4719	91.6918	92.9117	94.1316
290.7	0	47.616	56.213	61.392	65.277	68.589	71.488	74.139	76.425	78.567	80.438	82.204	83.837	85.32	86.583	87.76	88.845	90.2058	91.4514	92.697	93.9426
290.8	0	46.921	55.602	60.783	64.687	68.008	70.933	73.605	75.918	78.088	79.983	81.776	83.434	84.946	86.234	87.436	88.545	89.9326	91.2038	92.475	93.7462
290.9	0	46.232	54.991	60.173	64.096	67.425	70.375	73.066	75.406	77.603	79.523	81.341	83.025	84.565	85.878	87.106	88.238	89.6525	90.9492	92.2459	93.5426
291	0	45.551	54.379	59.561	63.501	66.839	69.813	72.522	74.889	77.109	79.056	80.9	82.609	84.177	85.516	86.769	87.925	89.3664	90.6888	92.0112	93.3336
291.1	0	44.878	53.768	58.947	62.905	66.25	69.247	71.974	74.366	76.608	78.583	80.452	82.186	83.782	85.146	86.425	87.605	89.0731	90.4212	91.7693	93.1174
291.2	0	44.211	53.157	58.333	62.307	65.659	68.678	71.422	73.839	76.102	78.105	79.998	81.757	83.38	84.77	86.074	87.278	88.7726	90.1462	91.5198	92.8934
291.3	0	43.552	52.547	57.718	61.707	65.065	68.106	70.866	73.308	75.591	77.621	79.539	81.321	82.972	84.387	85.716	86.944	88.465	89.864	91.263	92.662
291.4	0	42.9	51.937	57.102	61.106	64.47	67.531	70.307	72.773	75.076	77.131	79.073	80.879	82.557	83.997	85.352	86.604	88.1513	89.5758	91.0003	92.4248
291.5	0	42.256	51.302	56.485	60.503	63.872	66.953	69.745	72.234	74.555	76.635	78.602	80.431	82.136	83.601	84.981	86.257	87.8303	89.28	90.7297	92.1794
291.6	0	41.619	50.654	55.868	59.9	63.273	66.373	69.179	71.691	74.031	76.135	78.126	79.977	81.709	83.198	84.603	85.903	87.5018	88.9764	90.451	91.9256
291.7	0	40.989	50.009	55.252	59.295	62.673	65.791	68.611	71.144	73.502	75.63	77.644	79.518	81.276	82.789	84.219	85.543	87.1669	88.6662	90.1655	91.6648
291.8	0	40.366	49.367	54.635	58.689	62.071	65.206	68.04	70.594	72.97	75.12	77.156	79.052	80.836	82.374	83.829	85.177	86.8265	88.3508	89.8751	91.3994
291.9	0	39.751	48.729	54.019	58.083	61.468	64.62	67.466	70.041	72.433	74.607	76.663	78.582	80.391	81.952	83.432	84.803	86.4769	88.0252	89.5735	91.1218
292	0	39.143	48.094	53.404	57.477	60.864	64.032	66.89	69.485	71.894	74.089	76.165	78.106	79.94	81.525	83.029	84.424	86.1223	87.6948	89.2673	90.8398
292.1	0	38.542	47.463	52.79	56.87	60.259	63.443	66.312	68.927	71.35	73.567	75.663	77.625	79.483	81.091	82.62	84.038	85.7603	87.3566	88.9529	90.5492
292.2	0	37.947	46.835	52.176	56.263	59.654	62.852	65.732	68.366	70.804	73.042	75.157	77.138	79.021	80.652	82.205	83.646	85.3924	87.0124	88.6324	90.2524
292.3	0	37.36	46.211	51.56	55.657	59.048	62.259	65.151	67.803	70.255	72.513	74.648	76.647	78.554	80.208	81.784	83.248	85.0178	86.661	88.3042	89.9474
292.4	0	36.78	45.592	50.933	55.051	58.442	61.666	64.567	67.237	69.703	71.981	74.134	76.151	78.082	79.758	81.357	82.845	84.6375	86.3038	87.9701	89.6364
292.5	0	36.206	44.976	50.309	54.446	57.835	61.071	63.982	66.67	69.149	71.446	73.617	75.652	77.605	79.302	80.925	82.435	84.2496	85.9382	87.6268	89.3154
292.6	0	35.639	44.364	49.687	53.842	57.229	60.476	63.396	66.1	68.592	70.908	73.097	75.148	77.119	78.842	80.488	82.02	83.8573	85.5686	87.2799	88.9912
292.7	0	35.079	43.756	49.067	53.239	56.623	59.88	62.808	65.529	68.034	70.367	72.573	74.641	76.628	78.377	80.045	81.599	83.4579	85.1912	86.9245	88.6578
292.8	0	34.525	43.152	48.451	52.637	56.018	59.284	62.219	64.957	67.473	69.823	72.046	74.13	76.133	77.907	79.597	81.173	83.053	84.808	86.563	88.318
292.9	0	33.978	42.552	47.837	52.037	55.414	58.688	61.629	64.383	66.911	69.277	71.516	73.616	75.634	77.432	79.144	80.741	82.6414	84.4174	86.1934	87.9694
293	0	33.437	41.956	47.226	51.431	54.81	58.092	61.039	63.808	66.347	68.729	70.983	73.098	75.131	76.952	78.687	80.304	82.2248	84.0216	85.8184	87.6152
293.1	0	32.903	41.365	46.618	50.819	54.208	57.496	60.448	63.231	65.782	68.179	70.448	72.578	74.625	76.467	78.225	79.863	81.8026	83.6196	85.4366	87.2536
293.2	0	32.375	40.777	46.013	50.21	53.606	56.9	59.857	62.654	65.216	67.627	69.91	72.055	74.115	75.979	77.759	79.416	81.3746	83.2112	85.0478	86.8844
293.3	0	31.853	40.194	45.412	49.603	53.007	56.305	59.265	62.075	64.648	67.074	69.37	71.53	73.601	75.487	77.287	78.965	80.9408	82.7964	84.652	86.5076
293.4	0	31.338	39.616	44.814	48.998	52.409	55.71	58.674	61.496	64.08	66.519	68.828	71.002	73.085	74.991	76.811	78.509	80.5016	82.3756	84.2496	86.1236
293.5	0	30.829	39.042	44.22	48.396	51.813	55.117	58.083	60.916	63.511	65.963	68.284	70.472	72.566	74.492	76.331	78.049	80.0577	81.9496	83.8415	85.7334
293.6	0	30.326	38.473	43.629	47.796	51.218	54.524	57.492	60.336	62.941	65.406	67.738	69.939	72.045	73.989	75.847	77.585	79.6092	81.5186	83.428	85.3374
293.7	0	29.829	37.908	43.042	47.199	50.626	53.933	56.902	59.756	62.37	64.848	67.19	69.405	71.521	73.483	75.36	77.116	79.1553	81.0814	83.0075	84.9336
293.8	0	29.339	37.348	42.458	46.605	50.036	53.344	56.313	59.176	61.799	64.29	66.641	68.869	70.996	72.975	74.869	76.643	78.6967	80.6388	82.5809	84.523
293.9	0	28.855	36.793	41.878	46.014	49.448	52.756	55.725	58.596	61.227	63.73	66.091	68.332	70.469	72.464	74.375	76.166	78.2334	80.1908	82.1482	84.1056
294	0	28.377	36.244	41.302	45.426	48.863	52.17	55.138	58.016	60.655	63.17	65.539	67.793	69.94	71.951	73.878	75.686	77.411	79.3763	81.244	83.1117
294.1	0	27.905	35.699	40.731	44.842	48.28	51.584	54.553	57.437	60.083	62.609	64.987	67.253	69.41	71.436	73.378	75.203	76.944	78.9247	80.8082	82.6917
294.2	0	27.439	35.159	40.163	44.26	47.699	50.995	53.969	56.859	59.511	62.048	64.434	66.711	68.878	70.918	72.876	74.717	76.473	78.4691	80.368	82.2669
294.3	0	26.979	34.624	39.6	43.682	47.122	50.409	53.387	56.282	58.939	61.487	63.879	66.169	68.346	70.399	72.371	74.228	75.999	78.0091	79.9226	81.8361
294.4	0	26.525	34.095	39.04	43.108	46.547	49.824	52.807	55.706	58.368	60.925	63.325	65.625	67.812	69.879	71.864	73.736	75.521	77.5449	79.4724	81.3999
294.5	0	26.077	33.571	38.486	42.537	45.974	49.242	52.228	55.131	57.797	60.364	62.77	65.081	67.278	69.357	71.355	73.242	75.041	77.0779	79.019	80.9601
294.6	0	25.583	33.052	37.936	41.969	45.405	48.663	51.652	54.558	57.227	59.802	62.214	64.536	66.742	68.834	70.844	72.746	74.558	76.608	78.5624	80.5168
294.7	0	25.046	32.539	37.39	41.406	44.839	48.086	51.077	53.987	56.659	59.242	61.659	63.99	66.206	68.309	70.331	72.247	74.073	76.1348	78.102	80.0692
294.8	0	24.523	32.03	36.85	40.847	44.277	47.513	50.505	53.417	56.091	58.681	61.103	63.443	65.669	67.784	69.817	71.746	73.586	75.6592	77.6388	79.6184
294.9	0	24.012	31.527	36.314	40.291	43.717	46.943	49.935	52.849	55.524	58.122	60.548	62.897	65.131	67.258	69.301	71.243	73.096	75.1803	77.1718	79.1633
295	0	23.512	31.03	35.783	39.74	43.161	46.375	49.367	52.283	54.958	57.563	59.993	62.35	64.593	66.73	68.784	70.739	72.603	74.6985	76.7014	78.7043
295.1	0	23.025	30.539	35.256	39.192	42.608	45.811	48.802	51.719	54.394	57.005	59.439	61.803	64.054	66.202	68.265	70.233	72.109	74.2149	76.229	78.2431
295.2	0	22.549	30.053	34.735	38.649	42.059	45.25	48.239	51.153	53.831	56.448	58.885	61.256	63.515	65.673	67.745	69.725	71.613	73.7286	75.7534	77.7782
295.3	0	22.085	29.573	34.219	38.111	41.513	44.692	47.68	50.589	53.269	55.892	58.331	60.709	62.975	65.144	67.225	69.216	71.116	73.2414	75.2768	77.3122
295.4	0	21.632	29.099	33.709	37.577	40.971	44.137	47.123	50.028	52.709	55.336	57.779	60.162	62.436	64.614	66.703	68.705	70.616	72.7501	74.7952	76.8403
295.5	0	21.19	28.631	33.204	37.048	40.433	43.586	46.569	49.469	52.151	54.782	57.228	59.616	61.896	64.083	66.181	68.194	70.115	72.2585	74.3134	76.3683
295.6	0	20.758	28.169	32.704	36.523	39.899	43.039	46.018	48.913	51.595	54.229	56.677	59.071	61.356	63.552	65.657	67.681	69.613	71.7647	73.829	75.8933
295.7	0	20.337	27.713	32.21	36.004	39.37	42.495	45.47	48.359	51.041	53.677	56.128	58.526	60.817	63.021	65.134	67.167	69.109	71.2686	73.3416	75.4146
295.8	0	19.926	27.264	31.722	35.489	38.844	41.955	44.925	47.808	50.49	53.126	55.58	57.983	60.278	62.49	64.61	66.653	68.604	70.7715	72.853	74.9345
295.9	0	19.526	26.822	31.239	34.98	38.323	41.419	44.383	47.26	49.94	52.577	55.034	57.44	59.739	61.959	64.085	66.138	68.098	70.2729	72.3626	74.4523
296	0	19.135	26.385	30.763	34.476	37.806	40.887	43.845	46.715	49.394	52.029	54.488	56.899	59.202	61.428	63.561	65.622	67.592	69.7732	71.8706	73.968
296.1	0	18.753	25.956	30.292	33.978	37.294	40.36	43.311	46.173	48.85	51.483	53.944	56.36	58.665	60.898	63.037	65.106	67.084	69.2718	71.3764	73.481
296.2	0	18.381	25.515	29.828	33.485	36.786	39.836	42.78	45.634	48.309	50.936	53.402	55.821	58.129	60.368	62.512	64.59	66.576	68.7698	70.8814	72.993
296.3	0	18.018	25.076	29.37	32.997	36.284	39.317	42.252	45.099	47.772	50.392	52.861	55.284	57.595	59.839	61.989	64.074	66.067	68.2665	70.3844	72.5023
296.4	0	17.663	24.645	28.918	32.516	35.786	38.803	41.729	44.566	47.237	49.851	52.323	54.749	57.062	59.311	61.465	63.558	65.558	67.7625	69.8864	72.0103
296.5	0	17.317	24.222	28.472	32.04	35.294	38.293	41.21	44.038	46.705	49.313	51.786	54.215	56.53	58.783	60.942	63.041	65.048	67.257	69.3864	71.5158
296.6	0	16.98	23.807	28.033	31.571	34.807	37.788	40.695	43.513	46.177	48.778	51.25	53.683	55.999	58.257	60.42	62.525	64.538	66.7516	68.8862	71.0208
296.7	0	16.651	23.399	27.601	31.108	34.325	37.288	40.184	42.991	45.652	48.246	50.718	53.153	55.47	57.732	59.898	62.01	64.028	66.2458	68.3852	70.5246
296.8	0	16.329	23	27.174	30.65	33.849	36.793	39.678	42.474	45.13	47.718	50.187	52.624	54.942	57.208	59.377	61.494	63.518	65.7392	67.883	70.0268
296.9	0	16.016	22.608	26.754	30.199	33.378	36.304	39.176	41.96	44.612	47.192	49.66	52.097	54.416	56.685	58.858	60.98	63.008	65.2331	67.381	69.5289
297	0	15.71	22.223	26.341	29.754	32.913	35.819	38.679	41.45	44.097	46.671	49.135	51.571	53.891	56.164	58.339	60.466	62.498	64.7264	66.878	69.0296
297.1	0	15.412	21.845	25.933	29.316	32.454	35.34	38.186	40.945	43.586	46.152	48.613	51.046	53.368	55.643	57.821	59.953	61.989	64.2204	66.3756	68.5308
297.2	0	15.12	21.475	25.527	28.883	32	34.866	37.698	40.444	43.079	45.638	48.095	50.524	52.846	55.124	57.304	59.441	61.48	63.7145	65.873	68.0315
297.3	0	14.836	21.113	25.127	28.457	31.553	34.398	37.216	39.947	42.575	45.126	47.579	50.004	52.327	54.607	56.789	58.93	60.971	63.2081	65.3692	67.5303
297.4	0	14.559	20.757	24.733	28.038	31.111	33.936	36.738	39.455	42.076	44.618	47.067	49.486	51.809	54.091	56.275	58.419	60.464	62.703	64.8668	67.0306
297.5	0	14.289	20.408	24.345	27.624	30.675	33.479	36.266	38.967	41.58	44.114	46.558	48.972	51.293	53.576	55.762	57.91	59.957	62.1982	64.3644	66.5306
297.6	0	14.026	20.067	23.965	27.217	30.245	33.028	35.799	38.484	41.089	43.614	46.053	48.46	50.78	53.063	55.25	57.402	59.451	61.6935	63.8616	66.0297
297.7	0	13.769	19.732	23.591	26.816	29.822	32.582	35.337	38.006	40.602	43.117	45.551	47.952	50.269	52.552	54.74	56.896	58.946	61.19	63.3598	65.5296
297.8	0	13.518	19.405	23.224	26.422	29.404	32.143	34.88	37.533	40.119	42.624	45.052	47.447	49.761	52.044	54.231	56.391	58.442	60.6865	62.8574	65.0283
297.9	0	13.274	19.084	22.863	26.034	28.993	31.709	34.429	37.065	39.64	42.136	44.557	46.945	49.255	51.536	53.725	55.887	57.94	60.1849	62.357	64.5291
298	0	13.036	18.77	22.509	25.651	28.588	31.281	33.984	36.602	39.166	41.651	44.065	46.446	48.753	51.03	53.219	55.384	57.438	59.682	61.8544	64.0268
298.1	0	12.804	18.462	22.162	25.275	28.189	30.859	33.544	36.144	38.697	41.17	43.578	45.95	48.253	50.527	52.716	54.883	56.938	59.1812	61.3538	63.5264
298.2	0	12.578	18.161	21.821	24.904	27.797	30.444	33.11	35.691	38.232	40.694	43.094	45.458	47.757	50.026	52.215	54.384	56.44	58.6816	60.854	63.0264
298.3	0	12.357	17.867	21.486	24.54	27.41	30.034	32.681	35.244	37.772	40.222	42.614	44.97	47.263	49.528	51.715	53.886	55.943	58.1824	60.3542	62.526
298.4	0	12.142	17.578	21.158	24.183	27.03	29.63	32.258	34.802	37.317	39.754	42.138	44.485	46.773	49.033	51.218	53.389	55.447	57.6832	59.8536	62.024
298.5	0	11.932	17.296	20.836	23.832	26.655	29.232	31.841	34.366	36.867	39.291	41.666	44.004	46.286	48.541	50.724	52.895	54.954	57.187	59.356	61.525
298.6	0	11.728	17.021	20.521	23.487	26.287	28.841	31.43	33.935	36.421	38.832	41.198	43.526	45.803	48.052	50.232	52.402	54.461	56.6898	58.8564	61.023
298.7	0	11.528	16.751	20.211	23.149	25.925	28.455	31.024	33.51	35.982	38.379	40.735	43.053	45.323	47.566	49.743	51.911	53.971	56.1951	58.3592	60.5233
298.8	0	11.334	16.487	19.908	22.817	25.566	28.076	30.624	33.091	35.547	37.929	40.276	42.584	44.847	47.083	49.256	51.422	53.483	55.7015	57.8626	60.0237
298.9	0	11.144	16.228	19.611	22.491	25.213	27.702	30.231	32.677	35.118	37.485	39.821	42.118	44.374	46.603	48.772	50.934	52.996	55.2083	57.3658	59.5233
299	0	10.958	15.976	19.32	22.171	24.866	27.335	29.843	32.27	34.694	37.046	39.371	41.657	43.905	46.127	48.292	50.449	52.512	54.7178	56.8714	59.025
299.1	0	10.778	15.728	19.035	21.858	24.526	26.973	29.461	31.868	34.276	36.612	38.926	41.201	43.44	45.654	47.814	49.967	52.029	54.2281	56.3772	58.5263
299.2	0	10.602	15.487	18.756	21.55	24.191	26.618	29.085	31.471	33.863	36.183	38.485	40.748	42.979	45.185	47.34	49.487	51.549	53.7406	55.8848	58.029
299.3	0	10.43	15.25	18.482	21.249	23.862	26.268	28.715	31.081	33.456	35.759	38.049	40.3	42.522	44.72	46.869	49.01	51.071	53.2548	55.3936	57.5324
299.4	0	10.262	15.019	18.214	20.953	23.539	25.924	28.35	30.697	33.055	35.341	37.617	39.856	42.07	44.258	46.401	48.537	50.595	52.7709	54.9038	57.0367
299.5	0	10.098	14.793	17.952	20.663	23.222	25.587	27.992	30.318	32.659	34.928	37.191	39.417	41.621	43.8	45.937	48.066	50.122	52.2896	54.4164	56.5432
299.6	0	9.9382	14.571	17.695	20.379	22.912	25.256	27.639	29.944	32.269	34.52	36.77	38.983	41.177	43.347	45.477	47.599	49.652	51.666	53.7921	55.8734
299.7	0	9.7822	14.355	17.444	20.101	22.606	24.93	27.292	29.577	31.884	34.118	36.353	38.553	40.737	42.897	45.02	47.135	49.185	51.196	53.3155	55.3918
299.8	0	9.63	14.143	17.197	19.828	22.307	24.611	26.951	29.215	31.505	33.721	35.942	38.128	40.301	42.451	44.566	46.674	48.721	50.729	52.8415	54.9126
299.9	0	9.4814	13.935	16.957	19.56	22.013	24.297	26.615	28.859	31.132	33.33	35.537	37.709	39.87	42.01	44.117	46.216	48.259	50.264	52.3682	54.4332
300	0	9.3363	13.733	16.721	19.298	21.725	23.988	26.285	28.508	30.764	32.944	35.136	37.294	39.444	41.572	43.671	45.763	47.801	49.803	51.8996	53.9588
300.1	0	9.1946	13.535	16.49	19.04	21.443	23.685	25.961	28.164	30.401	32.564	34.741	36.884	39.022	41.139	43.229	45.312	47.346	49.344	51.4321	53.4848
300.2	0	9.0563	13.341	16.264	18.788	21.166	23.388	25.642	27.824	30.044	32.189	34.35	36.479	38.604	40.71	42.792	44.865	46.894	48.888	50.9672	53.013
300.3	0	8.9213	13.151	16.042	18.541	20.894	23.096	25.328	27.491	29.692	31.819	33.965	36.079	38.192	40.285	42.357	44.422	46.445	48.435	50.5052	52.544
300.4	0	8.7895	12.966	15.826	18.299	20.628	22.809	25.02	27.163	29.346	31.455	33.585	35.684	37.784	39.865	41.927	43.982	45.999	47.984	50.0444	52.0754
300.5	0	8.6607	12.785	15.614	18.062	20.367	22.528	24.717	26.841	29.005	31.096	33.211	35.294	37.381	39.449	41.501	43.546	45.557	47.537	49.5876	51.6108
300.6	0	8.535	12.608	15.406	17.83	20.111	22.252	24.42	26.524	28.67	30.742	32.841	34.909	36.983	39.038	41.079	43.113	45.118	47.093	49.1329	51.1478
300.7	0	8.4123	12.434	15.203	17.602	19.861	21.981	24.127	26.213	28.341	30.394	32.477	34.53	36.589	38.63	40.662	42.685	44.683	46.652	48.6819	50.6884
300.8	0	8.2925	12.265	15.005	17.379	19.615	21.716	23.841	25.908	28.017	30.051	32.118	34.155	36.201	38.228	40.248	42.26	44.251	46.215	48.2335	50.2312
300.9	0	8.1755	12.099	14.81	17.16	19.374	21.456	23.559	25.608	27.699	29.714	31.765	33.786	35.818	37.83	39.839	41.84	43.823	45.78	47.7876	49.776
301	0	8.0613	11.937	14.62	16.945	19.138	21.2	23.283	25.313	27.386	29.382	31.416	33.422	35.439	37.437	39.434	41.424	43.398	45.349	47.3448	49.3236
301.1	0	7.9497	11.779	14.434	16.736	18.906	20.95	23.011	25.024	27.078	29.056	31.073	33.062	35.066	37.049	39.034	41.011	42.977	44.921	46.9045	48.8732
301.2	0	7.8408	11.624	14.251	16.53	18.679	20.704	22.745	24.74	26.775	28.735	30.735	32.708	34.698	36.665	38.638	40.604	42.561	44.497	46.4691	48.4278
301.3	0	7.7344	11.473	14.073	16.328	18.457	20.463	22.484	24.461	26.478	28.419	30.403	32.359	34.334	36.286	38.246	40.2	42.148	44.076	46.0358	47.984
301.4	0	7.6305	11.325	13.898	16.131	18.239	20.226	22.227	24.186	26.187	28.108	30.075	32.016	33.976	35.913	37.86	39.802	41.739	43.659	45.6059	47.543
301.5	0	7.529	11.18	13.727	15.938	18.025	19.995	21.976	23.917	25.9	27.803	29.753	31.677	33.623	35.544	37.478	39.408	41.335	43.246	45.1805	47.1066
301.6	0	7.4299	11.038	13.56	15.749	17.816	19.767	21.729	23.653	25.617	27.503	29.435	31.343	33.274	35.18	37.1	39.018	40.934	42.837	44.7582	46.673
301.7	0	7.3331	10.9	13.396	15.564	17.611	19.544	21.487	23.393	25.339	27.208	29.123	31.014	32.931	34.821	36.728	38.633	40.539	42.432	44.3405	46.2438
301.8	0	7.2385	10.765	13.236	15.382	17.41	19.326	21.249	23.138	25.066	26.918	28.816	30.69	32.592	34.467	36.361	38.253	40.148	42.03	43.9257	45.817
301.9	0	7.1461	10.632	13.079	15.204	17.212	19.111	21.016	22.888	24.798	26.633	28.514	30.372	32.259	34.119	35.998	37.878	39.761	41.633	43.5151	45.3942
302	0	7.0559	10.503	12.925	15.03	17.019	18.901	20.787	22.642	24.535	26.353	28.218	30.058	31.93	33.775	35.64	37.508	39.379	41.24	43.1091	44.976
302.1	0	6.9677	10.376	12.775	14.86	16.83	18.694	20.563	22.4	24.276	26.078	27.926	29.749	31.606	33.436	35.288	37.142	39.001	40.851	42.7065	44.5608
302.2	0	6.8816	10.252	12.627	14.693	16.644	18.492	20.342	22.163	24.021	25.808	27.639	29.446	31.287	33.102	34.94	36.781	38.628	40.467	42.309	44.1508
302.3	0	6.7975	10.131	12.483	14.529	16.463	18.294	20.126	21.93	23.771	25.543	27.357	29.147	30.973	32.773	34.597	36.425	38.26	40.087	41.9157	43.7448
302.4	0	6.7154	10.012	12.342	14.369	16.284	18.1	19.915	21.702	23.525	25.282	27.08	28.853	30.664	32.449	34.259	36.074	37.896	39.711	41.5261	43.3422
302.5	0	6.6351	9.8966	12.204	14.212	16.11	17.909	19.707	21.478	23.284	25.025	26.807	28.564	30.36	32.13	33.926	35.727	37.537	39.34	41.1413	42.9444
302.6	0	6.5566	9.7833	12.069	14.059	15.939	17.722	19.503	21.258	23.046	24.773	26.539	28.28	30.061	31.816	33.597	35.385	37.183	38.973	40.7608	42.5508
302.7	0	6.48	9.6724	11.937	13.908	15.771	17.539	19.303	21.042	22.813	24.526	26.276	28.001	29.766	31.506	33.274	35.048	36.833	38.611	40.3851	42.162
302.8	0	6.4051	9.564	11.807	13.761	15.607	17.359	19.107	20.83	22.584	24.282	26.017	27.726	29.476	31.202	32.955	34.715	36.488	38.253	40.0131	41.7766
302.9	0	6.3318	9.4579	11.68	13.617	15.446	17.183	18.915	20.622	22.36	24.043	25.762	27.456	29.191	30.902	32.641	34.388	36.147	37.899	39.6454	41.3954
303	0	6.2602	9.354	11.556	13.475	15.289	17.011	18.727	20.418	22.139	23.808	25.511	27.19	28.91	30.607	32.332	34.064	35.811	37.55	39.2823	41.0188
303.1	0	6.1902	9.2524	11.434	13.337	15.134	16.841	18.542	20.218	21.922	23.577	25.265	26.929	28.634	30.316	32.028	33.746	35.48	37.205	38.924	40.647
303.2	0	6.1218	9.1529	11.315	13.201	14.983	16.675	18.361	20.021	21.709	23.35	25.023	26.672	28.363	30.03	31.728	33.432	35.153	36.865	38.5701	40.2796
303.3	0	6.0548	9.0555	11.198	13.068	14.834	16.513	18.183	19.829	21.5	23.127	24.785	26.42	28.096	29.749	31.433	33.122	34.83	36.529	38.2197	39.9154
303.4	0	5.9893	8.9601	11.084	12.938	14.689	16.353	18.008	19.64	21.296	22.908	24.551	26.172	27.834	29.472	31.143	32.817	34.512	36.197	37.8739	39.5558
303.5	0	5.9252	8.8667	10.972	12.81	14.546	16.196	17.837	19.454	21.094	22.693	24.321	25.927	27.575	29.2	30.857	32.517	34.198	35.87	37.5327	39.2008
303.6	0	5.8625	8.7752	10.862	12.685	14.406	16.043	17.668	19.272	20.897	22.482	24.096	25.688	27.321	28.932	30.575	32.221	33.889	35.548	37.1968	38.8514
303.7	0	5.8011	8.6855	10.755	12.562	14.269	15.892	17.503	19.093	20.703	22.274	23.874	25.452	27.072	28.668	30.298	31.929	33.584	35.23	36.8648	38.5058
303.8	0	5.741	8.5978	10.65	12.442	14.134	15.744	17.341	18.918	20.513	22.071	23.656	25.221	26.826	28.409	30.025	31.642	33.283	34.916	36.5366	38.1638
303.9	0	5.6822	8.5118	10.546	12.324	14.002	15.599	17.182	18.745	20.326	21.871	23.441	24.993	26.584	28.153	29.757	31.359	32.986	34.607	36.2135	37.8272
304	0	5.6246	8.4276	10.445	12.208	13.873	15.457	17.026	18.576	20.143	21.674	23.231	24.769	26.347	27.902	29.492	31.08	32.694	34.302	35.8946	37.4948
304.1	0	5.5683	8.3451	10.346	12.095	13.746	15.317	16.872	18.41	19.963	21.482	23.024	24.549	26.113	27.655	29.232	30.805	32.406	34.001	35.5796	37.1662
304.2	0	5.5131	8.2642	10.249	11.983	13.622	15.18	16.722	18.247	19.787	21.292	22.821	24.333	25.884	27.412	28.976	30.535	32.122	33.704	35.2688	36.8418
304.3	0	5.459	8.185	10.154	11.874	13.499	15.046	16.574	18.087	19.614	21.107	22.622	24.121	25.658	27.172	28.724	30.269	31.843	33.412	34.9637	36.5236
304.4	0	5.4061	8.1074	10.06	11.767	13.38	14.914	16.429	17.93	19.444	20.924	22.426	23.912	25.435	26.937	28.476	30.007	31.567	33.124	34.6617	36.2082
304.5	0	5.3542	8.0313	9.9689	11.663	13.262	14.784	16.287	17.776	19.277	20.745	22.234	23.707	25.217	26.705	28.232	29.749	31.296	32.841	34.3654	35.899
304.6	0	5.3034	7.9568	9.8792	11.56	13.147	14.657	16.147	17.624	19.113	20.569	22.045	23.506	25.002	26.478	27.991	29.495	31.029	32.561	34.072	35.5924
304.7	0	5.2536	7.8837	9.7913	11.459	13.034	14.533	16.01	17.475	18.951	20.396	21.859	23.308	24.79	26.254	27.755	29.245	30.766	32.286	33.7837	35.2912
304.8	0	5.2048	7.8121	9.705	11.36	12.922	14.41	15.875	17.329	18.793	20.226	21.677	23.113	24.583	26.033	27.522	28.999	30.507	32.015	33.4999	34.9948
304.9	0	5.157	7.7418	9.6205	11.263	12.813	14.29	15.743	17.185	18.638	20.059	21.498	22.922	24.379	25.816	27.293	28.757	30.252	31.747	33.2193	34.7014
305	0	5.1101	7.673	9.5376	11.168	12.706	14.172	15.614	17.044	18.485	19.895	21.321	22.734	24.178	25.604	27.067	28.519	30.001	31.484	32.9432	34.4126
305.1	0	5.0641	7.6055	9.4563	11.074	12.601	14.056	15.487	16.906	18.335	19.734	21.148	22.549	23.981	25.394	26.846	28.285	29.754	31.225	32.6718	34.1288
305.2	0	5.0191	7.5394	9.3766	10.983	12.498	13.942	15.362	16.77	18.188	19.576	20.978	22.367	23.787	25.189	26.628	28.055	29.512	30.97	32.4046	33.8492
305.3	0	4.9749	7.4746	9.2984	10.893	12.397	13.83	15.239	16.637	18.043	19.421	20.811	22.189	23.596	24.987	26.413	27.828	29.273	30.719	32.1412	33.5736
305.4	0	4.9316	7.411	9.2217	10.804	12.297	13.721	15.119	16.506	17.901	19.268	20.647	22.013	23.409	24.788	26.202	27.605	29.038	30.472	31.8822	33.3026
305.5	0	4.8892	7.3487	9.1464	10.718	12.2	13.613	15.001	16.377	17.761	19.118	20.486	21.841	23.224	24.592	25.994	27.386	28.807	30.229	31.6277	33.0364
305.6	0	4.8475	7.2875	9.0725	10.632	12.104	13.507	14.885	16.251	17.624	18.971	20.327	21.671	23.043	24.4	25.79	27.17	28.579	29.989	31.3757	32.7724
305.7	0	4.8067	7.2276	9	10.549	12.01	13.403	14.771	16.126	17.489	18.826	20.172	21.505	22.865	24.211	25.59	26.958	28.356	29.754	31.1294	32.5146
305.8	0	4.7666	7.1688	8.9289	10.467	11.917	13.301	14.658	16.004	17.356	18.683	20.018	21.341	22.689	24.025	25.392	26.749	28.136	29.522	30.8862	32.26
305.9	0	4.7273	7.1111	8.859	10.386	11.826	13.2	14.548	15.884	17.226	18.543	19.868	21.18	22.517	23.843	25.198	26.544	27.919	29.294	30.6465	32.0088
306	0	4.6887	7.0545	8.7903	10.307	11.737	13.102	14.44	15.766	17.097	18.405	19.72	21.021	22.347	23.663	25.007	26.342	27.706	29.069	30.4107	31.7618
306.1	0	4.6508	6.999	8.7229	10.229	11.65	13.005	14.334	15.651	16.971	18.269	19.574	20.866	22.181	23.486	24.82	26.144	27.496	28.848	30.1788	31.5188
306.2	0	4.6137	6.9445	8.6567	10.152	11.563	12.91	14.229	15.537	16.847	18.136	19.431	20.713	22.017	23.312	24.635	25.948	27.29	28.63	29.9503	31.2794
306.3	0	4.5772	6.891	8.5917	10.077	11.479	12.816	14.126	15.425	16.726	18.005	19.29	20.562	21.855	23.141	24.454	25.756	27.087	28.416	29.7257	31.044
306.4	0	4.5414	6.8385	8.5278	10.003	11.396	12.725	14.025	15.315	16.606	17.876	19.152	20.414	21.697	22.973	24.275	25.568	26.888	28.205	29.5049	30.8126
306.5	0	4.5062	6.7869	8.4651	9.9308	11.314	12.634	13.926	15.206	16.488	17.749	19.016	20.268	21.541	22.807	24.1	25.382	26.691	27.997	29.2867	30.5838
306.6	0	4.4717	6.7363	8.4034	9.8595	11.234	12.545	13.829	15.1	16.372	17.624	18.882	20.125	21.388	22.644	23.927	25.199	26.498	27.793	29.0729	30.3598
306.7	0	4.4378	6.6865	8.3428	9.7894	11.155	12.458	13.733	14.995	16.258	17.502	18.75	19.984	21.237	22.484	23.757	25.019	26.308	27.592	28.8621	30.1388
306.8	0	4.4045	6.6377	8.2833	9.7206	11.077	12.372	13.638	14.892	16.146	17.381	18.62	19.846	21.088	22.326	23.59	24.842	26.121	27.394	28.6547	29.9214
306.9	0	4.3718	6.5897	8.2248	9.6529	11.001	12.288	13.545	14.791	16.036	17.262	18.492	19.709	20.942	22.171	23.425	24.668	25.936	27.199	28.4499	29.7066
307	0	4.3397	6.5425	8.1672	9.5863	10.926	12.205	13.454	14.691	15.927	17.145	18.366	19.575	20.799	22.018	23.263	24.497	25.755	27.007	28.249	29.496
307.1	0	4.3082	6.4961	8.1106	9.5209	10.852	12.123	13.364	14.593	15.82	17.03	18.243	19.443	20.657	21.868	23.104	24.328	25.577	26.818	28.0509	29.2882
307.2	0	4.2772	6.4505	8.055	9.4565	10.779	12.043	13.276	14.497	15.715	16.917	18.121	19.313	20.518	21.72	22.947	24.162	25.401	26.632	27.8558	29.0836
307.3	0	4.2467	6.4057	8.0003	9.3932	10.708	11.963	13.188	14.402	15.612	16.805	18.001	19.185	20.382	21.575	22.792	23.999	25.228	26.449	27.6638	28.8822
307.4	0	4.2168	6.3616	7.9464	9.3309	10.637	11.885	13.103	14.308	15.51	16.696	17.883	19.059	20.247	21.431	22.64	23.838	25.057	26.268	27.4741	28.6832
307.5	0	4.1873	6.3182	7.8935	9.2696	10.568	11.809	13.018	14.216	15.41	16.588	17.767	18.935	20.115	21.29	22.49	23.679	24.89	26.091	27.2886	28.4888
307.6	0	4.1584	6.2755	7.8414	9.2093	10.5	11.733	12.935	14.126	15.312	16.482	17.652	18.813	19.984	21.151	22.342	23.523	24.724	25.916	27.1048	28.296
307.7	0	4.1299	6.2335	7.7901	9.1499	10.433	11.658	12.853	14.037	15.215	16.377	17.54	18.692	19.856	21.015	22.197	23.369	24.562	25.744	26.9243	28.1066
307.8	0	4.1019	6.1922	7.7396	9.0914	10.367	11.585	12.773	13.949	15.119	16.274	17.429	18.574	19.73	20.88	22.054	23.218	24.401	25.574	26.7459	27.9194
307.9	0	4.0743	6.1516	7.6899	9.0339	10.301	11.513	12.693	13.862	15.025	16.173	17.32	18.458	19.605	20.748	21.913	23.069	24.244	25.407	26.5709	27.7358
308	0	4.0472	6.1116	7.641	8.9772	10.237	11.441	12.615	13.777	14.932	16.073	17.213	18.343	19.483	20.617	21.774	22.922	24.088	25.243	26.3986	27.5552
308.1	0	4.0205	6.0722	7.5929	8.9214	10.174	11.371	12.538	13.693	14.841	15.975	17.107	18.23	19.363	20.488	21.637	22.777	23.935	25.081	26.2288	27.3772
308.2	0	3.9942	6.0334	7.5454	8.8664	10.112	11.302	12.462	13.61	14.751	15.878	17.003	18.119	19.244	20.362	21.502	22.634	23.784	24.922	26.0614	27.2016
308.3	0	3.9684	5.9953	7.4988	8.8123	10.05	11.234	12.387	13.528	14.663	15.782	16.901	18.01	19.127	20.237	21.369	22.493	23.635	24.765	25.8964	27.0286
308.4	0	3.9429	5.9578	7.4528	8.7589	9.99	11.167	12.313	13.448	14.575	15.689	16.8	17.902	19.012	20.114	21.238	22.355	23.488	24.61	25.758	26.8855
308.5	0	3.9179	5.9208	7.4075	8.7064	9.9304	11.1	12.24	13.369	14.489	15.596	16.7	17.795	18.899	19.994	21.109	22.218	23.344	24.458	25.597	26.717
308.6	0	3.8932	5.8844	7.3629	8.6546	9.8716	11.035	12.168	13.291	14.405	15.505	16.602	17.691	18.787	19.874	20.982	22.084	23.201	24.308	25.438	26.55
308.7	0	3.8689	5.8486	7.319	8.6036	9.8138	10.971	12.098	13.214	14.321	15.415	16.506	17.588	18.677	19.757	20.856	21.951	23.061	24.16	25.281	26.3855
308.8	0	3.8449	5.8134	7.2757	8.5534	9.7567	10.907	12.028	13.138	14.239	15.326	16.41	17.486	18.568	19.642	20.733	21.82	22.923	24.014	25.127	26.224
308.9	0	3.8213	5.7786	7.233	8.5039	9.7005	10.845	11.96	13.063	14.158	15.239	16.317	17.386	18.461	19.528	20.611	21.692	22.787	23.87	24.976	26.065
309	0	3.7981	5.7444	7.191	8.455	9.6451	10.783	11.892	12.99	14.078	15.153	16.224	17.287	18.356	19.415	20.491	21.565	22.653	23.728	24.826	25.9075
309.1	0	3.7752	5.7108	7.1496	8.4069	9.5905	10.723	11.825	12.917	13.999	15.068	16.133	17.189	18.251	19.305	20.373	21.44	22.52	23.589	24.679	25.7535
309.2	0	3.7526	5.6776	7.1088	8.3595	9.5367	10.663	11.76	12.845	13.921	14.984	16.043	17.093	18.149	19.196	20.257	21.316	22.39	23.451	24.533	25.6005
309.3	0	3.7304	5.6449	7.0686	8.3127	9.4837	10.604	11.695	12.775	13.845	14.902	15.954	16.998	18.047	19.088	20.142	21.195	22.262	23.316	24.39	25.4505
309.4	0	3.7085	5.6126	7.029	8.2666	9.4314	10.546	11.631	12.705	13.769	14.82	15.867	16.905	17.947	18.982	20.029	21.075	22.135	23.182	24.249	25.3025
309.5	0	3.6869	5.5809	6.9899	8.2211	9.3799	10.489	11.568	12.637	13.695	14.74	15.78	16.812	17.849	18.877	19.918	20.957	22.01	23.051	24.11	25.157
309.6	0	3.6656	5.5495	6.9514	8.1763	9.3291	10.432	11.506	12.569	13.621	14.661	15.695	16.721	17.751	18.774	19.808	20.841	21.887	22.921	23.973	25.013
309.7	0	3.6446	5.5187	6.9134	8.1321	9.279	10.376	11.445	12.502	13.549	14.583	15.611	16.631	17.655	18.673	19.7	20.726	21.765	22.793	23.838	24.8715
309.8	0	3.624	5.4882	6.876	8.0885	9.2296	10.321	11.384	12.436	13.477	14.506	15.528	16.543	17.561	18.572	19.594	20.613	21.646	22.667	23.705	24.732
309.9	0	3.6036	5.4582	6.839	8.0454	9.1809	10.267	11.325	12.371	13.407	14.43	15.446	16.455	17.467	18.473	19.489	20.502	21.528	22.542	23.574	24.594
310	0	3.5835	5.4286	6.8026	8.003	9.1328	10.214	11.266	12.307	13.337	14.354	15.366	16.369	17.375	18.375	19.385	20.392	21.411	22.42	23.444	24.458
310.1	0	3.5637	5.3993	6.7667	7.9611	9.0854	10.161	11.208	12.244	13.268	14.28	15.286	16.284	17.284	18.279	19.283	20.284	21.296	22.298	23.317	24.324
310.2	0	3.5442	5.3705	6.7313	7.9198	9.0386	10.109	11.15	12.181	13.2	14.207	15.207	16.2	17.194	18.184	19.182	20.177	21.183	22.179	23.191	24.192
310.3	0	3.5249	5.3421	6.6963	7.879	8.9924	10.058	11.094	12.12	13.133	14.135	15.13	16.117	17.105	18.09	19.083	20.072	21.071	22.061	23.067	24.0615
310.4	0	3.5059	5.314	6.6618	7.8387	8.9469	10.007	11.038	12.059	13.067	14.064	15.053	16.035	17.018	17.997	18.985	19.968	20.961	21.945	22.944	23.9325
310.5	0	3.4872	5.2864	6.6278	7.799	8.9018	9.9569	10.983	11.999	13.002	13.993	14.977	15.954	16.932	17.906	18.888	19.865	20.852	21.831	22.824	23.807
310.6	0	3.4688	5.2591	6.5942	7.7597	8.8574	9.9074	10.929	11.939	12.937	13.924	14.903	15.874	16.847	17.815	18.793	19.764	20.745	21.718	22.705	23.682
310.7	0	3.4506	5.2321	6.561	7.721	8.8135	9.8586	10.875	11.881	12.874	13.855	14.829	15.796	16.763	17.726	18.698	19.664	20.639	21.606	22.587	23.558
310.8	0	3.4326	5.2056	6.5283	7.6828	8.7701	9.8104	10.822	11.823	12.811	13.788	14.756	15.718	16.68	17.638	18.605	19.565	20.534	21.496	22.471	23.4365
310.9	0	3.4149	5.1793	6.4961	7.645	8.7273	9.7628	10.769	11.766	12.749	13.721	14.684	15.641	16.598	17.551	18.513	19.468	20.431	21.388	22.357	23.317
311	0	3.3974	5.1535	6.4642	7.6077	8.6849	9.7158	10.718	11.709	12.688	13.655	14.613	15.566	16.518	17.466	18.422	19.372	20.329	21.28	22.244	23.198
311.1	0	3.3801	5.1279	6.4327	7.5709	8.6431	9.6694	10.666	11.653	12.627	13.589	14.543	15.491	16.438	17.381	18.333	19.277	20.229	21.175	22.133	23.082
311.2	0	3.363	5.1028	6.4017	7.5346	8.6018	9.6235	10.616	11.598	12.567	13.525	14.474	15.417	16.36	17.297	18.244	19.184	20.129	21.071	22.023	22.9665
311.3	0	3.3462	5.0779	6.371	7.4987	8.5611	9.5782	10.566	11.544	12.508	13.462	14.406	15.344	16.282	17.215	18.157	19.091	20.032	20.968	21.915	22.8535
311.4	0	3.3295	5.0534	6.3407	7.4632	8.5208	9.5334	10.517	11.49	12.45	13.399	14.339	15.273	16.206	17.134	18.07	19	19.935	20.866	21.808	22.741
311.5	0	3.3131	5.0291	6.3108	7.4282	8.481	9.4892	10.468	11.437	12.392	13.337	14.272	15.202	16.13	17.054	17.985	18.91	19.84	20.766	21.703	22.631
311.6	0	3.2969	5.0052	6.2813	7.3936	8.4417	9.4455	10.42	11.385	12.336	13.276	14.206	15.132	16.056	16.974	17.901	18.821	19.746	20.667	21.599	22.522
311.7	0	3.2809	4.9816	6.2521	7.3595	8.4029	9.4024	10.373	11.333	12.28	13.215	14.141	15.062	15.982	16.896	17.817	18.733	19.653	20.569	21.497	22.415
311.8	0	3.265	4.9584	6.2234	7.3258	8.3647	9.3597	10.326	11.282	12.224	13.156	14.077	14.994	15.91	16.819	17.735	18.646	19.561	20.473	21.396	22.3095
311.9	0	3.2494	4.9354	6.1949	7.2925	8.3268	9.3177	10.279	11.231	12.169	13.097	14.014	14.927	15.838	16.743	17.654	18.561	19.471	20.378	21.296	22.2045
312	0	3.234	4.9127	6.1669	7.2596	8.2895	9.2761	10.234	11.182	12.115	13.038	13.952	14.86	15.767	16.668	17.574	18.476	19.382	20.285	21.197	22.1015
312.1	0	3.2188	4.8903	6.1391	7.2271	8.2526	9.2351	10.189	11.132	12.062	12.981	13.89	14.794	15.697	16.594	17.496	18.393	19.294	20.192	21.1	21.9995
312.2	0	3.2037	4.8682	6.1117	7.1951	8.2162	9.1945	10.144	11.084	12.009	12.924	13.829	14.73	15.629	16.521	17.418	18.31	19.207	20.101	21.004	21.8995
312.3	0	3.1889	4.8463	6.0847	7.1634	8.1803	9.1545	10.1	11.036	11.957	12.868	13.769	14.665	15.561	16.449	17.341	18.229	19.121	20.011	20.91	21.801
312.4	0	3.1743	4.8248	6.058	7.1322	8.1448	9.115	10.057	10.988	11.906	12.813	13.71	14.602	15.493	16.377	17.265	18.149	19.037	19.922	20.816	21.7025
312.5	0	3.1598	4.8035	6.0317	7.1014	8.1097	9.076	10.014	10.942	11.855	12.758	13.651	14.54	15.427	16.307	17.19	18.07	18.954	19.835	20.724	21.6065
312.6	0	3.1456	4.7825	6.0056	7.071	8.0751	9.0375	9.9713	10.895	11.805	12.704	13.594	14.478	15.362	16.238	17.117	17.992	18.872	19.748	20.633	21.511
312.7	0	3.1315	4.7618	5.98	7.041	8.0409	8.9994	9.9295	10.85	11.755	12.651	13.537	14.418	15.297	16.169	17.044	17.915	18.79	19.663	20.544	21.418
312.8	0	3.1177	4.7414	5.9546	7.0114	8.0072	8.9619	9.8882	10.805	11.707	12.599	13.48	14.358	15.233	16.102	16.972	17.84	18.711	19.579	20.455	21.3245
312.9	0	3.104	4.7212	5.9296	6.9822	7.9739	8.9248	9.8474	10.76	11.658	12.547	13.425	14.298	15.17	16.035	16.902	17.765	18.632	19.496	20.368	21.2335
313	0	3.0906	4.7013	5.905	6.9534	7.941	8.8882	9.8072	10.716	11.611	12.496	13.37	14.24	15.108	15.97	16.832	17.691	18.554	19.415	20.282	21.144
313.1	0	3.0773	4.6816	5.8807	6.925	7.9086	8.8521	9.7675	10.673	11.564	12.445	13.316	14.183	15.047	15.905	16.764	17.619	18.477	19.334	20.198	21.0555
313.2	0	3.0642	4.6623	5.8567	6.897	7.8766	8.8165	9.7283	10.63	11.518	12.396	13.263	14.126	14.987	15.841	16.696	17.547	18.402	19.255	20.114	20.968
313.3	0	3.0512	4.6431	5.8331	6.8694	7.845	8.7813	9.6896	10.588	11.472	12.347	13.211	14.07	14.927	15.778	16.629	17.477	18.328	19.177	20.032	20.882
313.4	0	3.0385	4.6243	5.8098	6.8421	7.8139	8.7467	9.6515	10.547	11.427	12.298	13.159	14.015	14.868	15.716	16.563	17.407	18.254	19.1	19.951	20.7975
313.5	0	3.0259	4.6057	5.7868	6.8153	7.7832	8.7125	9.614	10.506	11.383	12.25	13.108	13.96	14.81	15.655	16.499	17.339	18.182	19.024	19.871	20.7135
313.6	0	3.0136	4.5874	5.7642	6.7889	7.753	8.6788	9.5769	10.465	11.339	12.203	13.058	13.907	14.753	15.594	16.435	17.272	18.111	18.949	19.792	20.6305
313.7	0	3.0014	4.5693	5.7419	6.7628	7.7233	8.6456	9.5405	10.426	11.296	12.157	13.008	13.854	14.697	15.535	16.372	17.205	18.041	18.875	19.715	20.55
313.8	0	2.9894	4.5516	5.7199	6.7371	7.6939	8.6129	9.5045	10.386	11.254	12.111	12.959	13.802	14.642	15.476	16.31	17.14	17.972	18.803	19.639	20.4705
313.9	0	2.9775	4.5341	5.6983	6.7118	7.6651	8.5807	9.4691	10.348	11.212	12.066	12.911	13.751	14.587	15.418	16.249	17.075	17.904	18.732	19.564	20.3925
314	0	2.9659	4.5168	5.6769	6.6868	7.6366	8.549	9.4342	10.31	11.171	12.022	12.864	13.7	14.533	15.361	16.189	17.012	17.837	18.661	19.49	20.3145
314.1	0	2.9544	4.4998	5.6559	6.6623	7.6086	8.5178	9.3998	10.272	11.13	11.978	12.817	13.65	14.48	15.305	16.13	16.95	17.771	18.592	19.417	20.238
314.2	0	2.9431	4.4831	5.6352	6.6381	7.581	8.487	9.3659	10.235	11.09	11.935	12.771	13.601	14.428	15.25	16.071	16.888	17.707	18.524	19.345	20.163
314.3	0	2.932	4.4666	5.6148	6.6142	7.5538	8.4567	9.3326	10.199	11.05	11.893	12.725	13.553	14.376	15.196	16.014	16.828	17.643	18.457	19.275	20.0895
314.4	0	2.921	4.4504	5.5947	6.5908	7.5271	8.4268	9.2997	10.163	11.012	11.851	12.681	13.505	14.326	15.142	15.957	16.768	17.58	18.391	19.206	20.0175
314.5	0	2.9102	4.4345	5.5749	6.5676	7.5007	8.3974	9.2673	10.128	10.973	11.81	12.637	13.458	14.276	15.089	15.901	16.709	17.518	18.326	19.137	19.9455
314.6	0	2.8996	4.4188	5.5555	6.5448	7.4747	8.3684	9.2354	10.093	10.936	11.77	12.593	13.412	14.226	15.037	15.846	16.652	17.457	18.262	19.07	19.875
