0	0	0.1	0.2	0.3	0.4	0.5	0.6	0.7	0.8	0.9	1	1.1	1.2	1.3	1.4	1.5	1.6	1.7	1.8	1.9	2
261.9	0	94.946	101.44	104.27	106.77	108.19	109.47	110.32	111.09	111.66	112.17	112.59	113	113.39	113.71	113.92	114.333	114.67	115.007	115.344	115.681
262	0	94.912	101.4	104.23	106.74	108.15	109.43	110.28	111.05	111.62	112.14	112.55	112.96	113.36	113.68	113.88	114.3	114.638	114.976	115.314	115.652
262.1	0	94.878	101.36	104.2	106.7	108.11	109.4	110.24	111.01	111.58	112.1	112.52	112.92	113.32	113.64	113.85	114.264	114.602	114.94	115.278	115.616
262.2	0	94.844	101.33	104.16	106.67	108.07	109.36	110.21	110.98	111.54	112.06	112.48	112.89	113.28	113.6	113.81	114.223	114.56	114.897	115.234	115.571
262.3	0	94.809	101.29	104.13	106.63	108.04	109.32	110.17	110.94	111.5	112.02	112.44	112.85	113.24	113.56	113.77	114.183	114.52	114.857	115.194	115.531
262.4	0	94.775	101.26	104.09	106.59	108	109.28	110.13	110.9	111.47	111.98	112.4	112.81	113.2	113.52	113.73	114.143	114.48	114.817	115.154	115.491
262.5	0	94.74	101.22	104.05	106.56	107.96	109.25	110.09	110.86	111.43	111.95	112.36	112.77	113.16	113.49	113.69	114.108	114.446	114.784	115.122	115.46
262.6	0	94.705	101.18	104.02	106.52	107.92	109.21	110.05	110.82	111.39	111.91	112.32	112.73	113.13	113.45	113.66	114.078	114.418	114.758	115.098	115.438
262.7	0	94.67	101.15	103.98	106.48	107.89	109.17	110.02	110.78	111.35	111.87	112.28	112.69	113.09	113.41	113.62	114.038	114.378	114.718	115.058	115.398
262.8	0	94.635	101.11	103.94	106.45	107.85	109.13	109.98	110.74	111.31	111.83	112.24	112.65	113.05	113.37	113.58	113.998	114.338	114.678	115.018	115.358
262.9	0	94.599	101.07	103.91	106.41	107.81	109.09	109.94	110.71	111.27	111.79	112.21	112.61	113.01	113.33	113.54	113.954	114.292	114.63	114.968	115.306
263	0	94.564	101.03	103.87	106.37	107.77	109.05	109.9	110.67	111.23	111.75	112.17	112.57	112.97	113.29	113.5	113.914	114.252	114.59	114.928	115.266
263.1	0	94.528	100.99	103.83	106.33	107.73	109.01	109.86	110.63	111.19	111.71	112.13	112.53	112.93	113.25	113.46	113.874	114.212	114.55	114.888	115.226
263.2	0	94.493	100.96	103.8	106.3	107.69	108.98	109.82	110.59	111.15	111.67	112.09	112.49	112.89	113.21	113.42	113.834	114.172	114.51	114.848	115.186
263.3	0	94.457	100.92	103.76	106.26	107.65	108.94	109.78	110.55	111.11	111.63	112.05	112.45	112.85	113.17	113.38	113.794	114.132	114.47	114.808	115.146
263.4	0	94.421	100.88	103.72	106.22	107.61	108.9	109.74	110.51	111.07	111.59	112.01	112.41	112.81	113.14	113.35	113.767	114.108	114.449	114.79	115.131
263.5	0	94.385	100.84	103.68	106.18	107.58	108.86	109.7	110.47	111.03	111.55	111.97	112.37	112.77	113.1	113.31	113.727	114.068	114.409	114.75	115.091
263.6	0	94.349	100.8	103.65	106.15	107.54	108.82	109.66	110.43	110.99	111.51	111.93	112.33	112.73	113.06	113.27	113.687	114.028	114.369	114.71	115.051
263.7	0	94.313	100.77	103.61	106.11	107.5	108.78	109.62	110.39	110.95	111.47	111.89	112.29	112.69	113.01	113.23	113.642	113.982	114.322	114.662	115.002
263.8	0	94.276	100.73	103.57	106.07	107.46	108.74	109.58	110.35	110.91	111.43	111.84	112.25	112.65	112.97	113.19	113.606	113.948	114.29	114.632	114.974
263.9	0	94.24	100.69	103.53	106.03	107.42	108.7	109.54	110.31	110.87	111.39	111.8	112.21	112.61	112.93	113.15	113.566	113.908	114.25	114.592	114.934
264	0	94.203	100.65	103.49	105.99	107.38	108.66	109.5	110.27	110.83	111.35	111.76	112.17	112.57	112.89	113.1	113.518	113.858	114.198	114.538	114.878
264.1	0	94.167	100.61	103.46	105.95	107.34	108.62	109.46	110.22	110.79	111.31	111.72	112.13	112.52	112.85	113.06	113.476	113.816	114.156	114.496	114.836
264.2	0	94.13	100.57	103.42	105.91	107.3	108.58	109.42	110.18	110.75	111.27	111.68	112.09	112.48	112.81	113.02	113.436	113.776	114.116	114.456	114.796
264.3	0	94.093	100.53	103.38	105.87	107.26	108.54	109.37	110.14	110.7	111.22	111.64	112.05	112.44	112.77	112.98	113.396	113.736	114.076	114.416	114.756
264.4	0	94.056	100.49	103.34	105.84	107.22	108.49	109.33	110.1	110.66	111.18	111.6	112.01	112.4	112.73	112.94	113.356	113.696	114.036	114.376	114.716
264.5	0	94.019	100.45	103.3	105.8	107.18	108.45	109.29	110.06	110.62	111.14	111.56	111.96	112.36	112.69	112.9	113.317	113.658	113.999	114.34	114.681
264.6	0	93.982	100.41	103.26	105.76	107.14	108.41	109.25	110.02	110.58	111.1	111.51	111.92	112.32	112.65	112.86	113.281	113.624	113.967	114.31	114.653
264.7	0	93.944	100.37	103.22	105.72	107.09	108.37	109.21	109.98	110.54	111.06	111.47	111.88	112.27	112.61	112.82	113.239	113.582	113.925	114.268	114.611
264.8	0	93.907	100.33	103.18	105.68	107.05	108.33	109.17	109.94	110.5	111.01	111.43	111.84	112.23	112.56	112.78	113.194	113.536	113.878	114.22	114.562
264.9	0	93.869	100.29	103.14	105.64	107.01	108.29	109.13	109.89	110.45	110.97	111.39	111.8	112.19	112.52	112.74	113.154	113.496	113.838	114.18	114.522
265	0	93.832	100.25	103.1	105.6	106.97	108.25	109.08	109.85	110.41	110.93	111.35	111.75	112.15	112.48	112.69	113.107	113.448	113.789	114.13	114.471
265.1	0	93.794	100.21	103.06	105.56	106.93	108.21	109.04	109.81	110.37	110.89	111.3	111.71	112.11	112.44	112.65	113.071	113.414	113.757	114.1	114.443
265.2	0	93.756	100.17	103.02	105.52	106.89	108.17	109	109.77	110.33	110.85	111.26	111.67	112.06	112.4	112.61	113.029	113.372	113.715	114.058	114.401
265.3	0	93.718	100.13	102.98	105.48	106.85	108.12	108.96	109.72	110.28	110.8	111.22	111.63	112.02	112.35	112.57	112.984	113.326	113.668	114.01	114.352
265.4	0	93.68	100.09	102.94	105.44	106.81	108.08	108.91	109.68	110.24	110.76	111.18	111.58	111.98	112.31	112.53	112.945	113.288	113.631	113.974	114.317
265.5	0	93.641	100.05	102.9	105.39	106.76	108.04	108.87	109.64	110.2	110.72	111.13	111.54	111.94	112.27	112.48	112.901	113.244	113.587	113.93	114.273
265.6	0	93.603	100.01	102.86	105.35	106.72	108	108.83	109.6	110.16	110.67	111.09	111.5	111.89	112.23	112.44	112.859	113.202	113.545	113.888	114.231
265.7	0	93.564	99.968	102.82	105.31	106.68	107.96	108.79	109.55	110.11	110.63	111.05	111.46	111.85	112.18	112.4	112.814	113.156	113.498	113.84	114.182
265.8	0	93.525	99.927	102.78	105.27	106.64	107.91	108.74	109.51	110.07	110.59	111	111.41	111.81	112.14	112.36	112.779	113.124	113.469	113.814	114.159
265.9	0	93.486	99.885	102.74	105.23	106.6	107.87	108.7	109.47	110.03	110.55	110.96	111.37	111.76	112.1	112.31	112.729	113.072	113.415	113.758	114.101
266	0	93.447	99.844	102.7	105.19	106.55	107.83	108.66	109.42	109.98	110.5	110.92	111.33	111.72	112.06	112.27	112.689	113.032	113.375	113.718	114.061
266.1	0	93.408	99.802	102.66	105.15	106.51	107.79	108.61	109.38	109.94	110.46	110.87	111.28	111.68	112.01	112.23	112.649	112.994	113.339	113.684	114.029
266.2	0	93.369	99.761	102.62	105.1	106.47	107.74	108.57	109.34	109.89	110.41	110.83	111.24	111.63	111.97	112.18	112.599	112.942	113.285	113.628	113.971
266.3	0	93.33	99.719	102.58	105.06	106.42	107.7	108.53	109.29	109.85	110.37	110.79	111.2	111.59	111.93	112.14	112.559	112.902	113.245	113.588	113.931
266.4	0	93.29	99.677	102.53	105.02	106.38	107.66	108.48	109.25	109.81	110.33	110.74	111.15	111.55	111.88	112.1	112.519	112.864	113.209	113.554	113.899
266.5	0	93.25	99.635	102.49	104.98	106.34	107.61	108.44	109.2	109.76	110.28	110.7	111.11	111.5	111.84	112.05	112.469	112.812	113.155	113.498	113.841
266.6	0	93.211	99.593	102.45	104.93	106.29	107.57	108.39	109.16	109.72	110.24	110.65	111.06	111.46	111.8	112.01	112.434	112.78	113.126	113.472	113.818
266.7	0	93.171	99.55	102.41	104.89	106.25	107.53	108.35	109.12	109.67	110.19	110.61	111.02	111.41	111.75	111.97	112.387	112.732	113.077	113.422	113.767
266.8	0	93.131	99.508	102.37	104.85	106.21	107.48	108.3	109.07	109.63	110.15	110.57	110.97	111.37	111.71	111.92	112.34	112.684	113.028	113.372	113.716
266.9	0	93.091	99.465	102.32	104.81	106.16	107.44	108.26	109.03	109.58	110.11	110.52	110.93	111.33	111.66	111.88	112.299	112.644	112.989	113.334	113.679
267	0	93.051	99.422	102.28	104.76	106.12	107.39	108.22	108.98	109.54	110.06	110.48	110.88	111.28	111.62	111.83	112.25	112.594	112.938	113.282	113.626
267.1	0	93.01	99.379	102.24	104.72	106.07	107.35	108.17	108.94	109.49	110.02	110.43	110.84	111.24	111.57	111.79	112.209	112.554	112.899	113.244	113.589
267.2	0	92.97	99.336	102.2	104.68	106.03	107.3	108.13	108.89	109.45	109.97	110.39	110.79	111.19	111.53	111.75	112.168	112.514	112.86	113.206	113.552
267.3	0	92.929	99.292	102.15	104.63	105.98	107.26	108.08	108.85	109.4	109.93	110.34	110.75	111.15	111.49	111.7	112.124	112.47	112.816	113.162	113.508
267.4	0	92.889	99.249	102.11	104.59	105.94	107.21	108.04	108.8	109.36	109.88	110.29	110.7	111.1	111.44	111.66	112.082	112.43	112.778	113.126	113.474
267.5	0	92.848	99.205	102.07	104.54	105.89	107.17	107.99	108.76	109.31	109.83	110.25	110.66	111.06	111.4	111.61	112.034	112.38	112.726	113.072	113.418
267.6	0	92.807	99.162	102.02	104.5	105.85	107.12	107.94	108.71	109.27	109.79	110.2	110.61	111.01	111.35	111.57	111.992	112.34	112.688	113.036	113.384
267.7	0	92.766	99.118	101.98	104.46	105.8	107.08	107.9	108.66	109.22	109.74	110.16	110.57	110.96	111.31	111.52	111.942	112.288	112.634	112.98	113.326
267.8	0	92.725	99.074	101.94	104.41	105.76	107.03	107.85	108.62	109.17	109.7	110.11	110.52	110.92	111.26	111.48	111.902	112.25	112.598	112.946	113.294
267.9	0	92.684	99.03	101.89	104.37	105.71	106.99	107.81	108.57	109.13	109.65	110.07	110.47	110.87	111.22	111.43	111.853	112.2	112.547	112.894	113.241
268	0	92.643	98.985	101.85	104.32	105.67	106.94	107.76	108.53	109.08	109.6	110.02	110.43	110.83	111.17	111.39	111.812	112.16	112.508	112.856	113.204
268.1	0	92.601	98.941	101.81	104.28	105.62	106.9	107.71	108.48	109.04	109.56	109.97	110.38	110.78	111.13	111.34	111.767	112.116	112.465	112.814	113.163
268.2	0	92.56	98.896	101.76	104.24	105.58	106.85	107.67	108.43	108.99	109.51	109.93	110.34	110.73	111.08	111.3	111.72	112.068	112.416	112.764	113.112
268.3	0	92.518	98.852	101.72	104.19	105.53	106.81	107.62	108.39	108.94	109.47	109.88	110.29	110.69	111.03	111.25	111.672	112.02	112.368	112.716	113.064
268.4	0	92.476	98.807	101.67	104.15	105.49	106.76	107.57	108.34	108.9	109.42	109.83	110.24	110.64	110.99	111.21	111.635	111.986	112.337	112.688	113.039
268.5	0	92.434	98.762	101.63	104.1	105.44	106.71	107.53	108.29	108.85	109.37	109.79	110.2	110.6	110.94	111.16	111.582	111.93	112.278	112.626	112.974
268.6	0	92.392	98.717	101.59	104.06	105.39	106.67	107.48	108.25	108.8	109.32	109.74	110.15	110.55	110.9	111.11	111.537	111.886	112.235	112.584	112.933
268.7	0	92.349	98.671	101.54	104.01	105.35	106.62	107.43	108.2	108.75	109.28	109.69	110.1	110.5	110.85	111.07	111.495	111.846	112.197	112.548	112.899
268.8	0	92.307	98.626	101.5	103.97	105.3	106.57	107.39	108.15	108.71	109.23	109.65	110.06	110.46	110.8	111.02	111.442	111.79	112.138	112.486	112.834
268.9	0	92.264	98.58	101.45	103.92	105.25	106.53	107.34	108.11	108.66	109.18	109.6	110.01	110.41	110.76	110.97	111.397	111.746	112.095	112.444	112.793
269	0	92.222	98.535	101.41	103.87	105.21	106.48	107.29	108.06	108.61	109.13	109.55	109.96	110.36	110.71	110.93	111.355	111.706	112.057	112.408	112.759
269.1	0	92.179	98.489	101.36	103.83	105.16	106.43	107.24	108.01	108.56	109.09	109.5	109.91	110.31	110.66	110.88	111.305	111.656	112.007	112.358	112.709
269.2	0	92.136	98.443	101.32	103.78	105.11	106.39	107.2	107.96	108.52	109.04	109.46	109.87	110.27	110.62	110.83	111.257	111.606	111.955	112.304	112.653
269.3	0	92.093	98.397	101.27	103.74	105.07	106.34	107.15	107.91	108.47	108.99	109.41	109.82	110.22	110.57	110.79	111.215	111.566	111.917	112.268	112.619
269.4	0	92.049	98.35	101.22	103.69	105.02	106.29	107.1	107.87	108.42	108.94	109.36	109.77	110.17	110.52	110.74	111.165	111.516	111.867	112.218	112.569
269.5	0	92.006	98.304	101.18	103.64	104.97	106.24	107.05	107.82	108.37	108.89	109.31	109.72	110.12	110.47	110.69	111.115	111.466	111.817	112.168	112.519
269.6	0	91.962	98.257	101.13	103.6	104.92	106.2	107	107.77	108.32	108.85	109.26	109.67	110.07	110.43	110.65	111.078	111.432	111.786	112.14	112.494
269.7	0	91.918	98.211	101.09	103.55	104.88	106.15	106.95	107.72	108.27	108.8	109.21	109.63	110.03	110.38	110.6	111.029	111.382	111.735	112.088	112.441
269.8	0	91.875	98.164	101.04	103.5	104.83	106.1	106.91	107.67	108.22	108.75	109.17	109.58	109.98	110.33	110.55	110.975	111.326	111.677	112.028	112.379
269.9	0	91.831	98.117	100.99	103.46	104.78	106.05	106.86	107.62	108.18	108.7	109.12	109.53	109.93	110.28	110.5	110.925	111.276	111.627	111.978	112.329
270	0	91.786	98.07	100.95	103.41	104.73	106	106.81	107.57	108.13	108.65	109.07	109.48	109.88	110.23	110.46	110.883	111.236	111.589	111.942	112.295
270.1	0	91.742	98.023	100.9	103.36	104.68	105.95	106.76	107.52	108.08	108.6	109.02	109.43	109.83	110.19	110.41	110.838	111.192	111.546	111.9	112.254
270.2	0	91.698	97.976	100.85	103.31	104.63	105.9	106.71	107.47	108.03	108.55	108.97	109.38	109.78	110.14	110.36	110.788	111.142	111.496	111.85	112.204
270.3	0	91.653	97.929	100.81	103.26	104.58	105.86	106.66	107.43	107.98	108.5	108.92	109.33	109.73	110.09	110.31	110.738	111.092	111.446	111.8	112.154
270.4	0	91.609	97.881	100.76	103.21	104.54	105.81	106.61	107.38	107.93	108.45	108.87	109.28	109.68	110.04	110.26	110.688	111.042	111.396	111.75	112.104
270.5	0	91.564	97.834	100.71	103.16	104.49	105.76	106.56	107.33	107.88	108.4	108.82	109.23	109.63	109.99	110.21	110.638	110.992	111.346	111.7	112.054
270.6	0	91.519	97.786	100.66	103.11	104.44	105.71	106.51	107.28	107.83	108.35	108.77	109.18	109.58	109.94	110.17	110.596	110.952	111.308	111.664	112.02
270.7	0	91.474	97.738	100.62	103.06	104.39	105.66	106.46	107.23	107.78	108.3	108.72	109.13	109.53	109.89	110.12	110.546	110.902	111.258	111.614	111.97
270.8	0	91.429	97.69	100.57	103.01	104.34	105.61	106.41	107.18	107.73	108.25	108.67	109.08	109.48	109.84	110.07	110.496	110.852	111.208	111.564	111.92
270.9	0	91.384	97.642	100.52	102.96	104.29	105.56	106.36	107.12	107.68	108.2	108.62	109.03	109.43	109.79	110.02	110.446	110.802	111.158	111.514	111.87
271	0	91.338	97.593	100.47	102.91	104.24	105.51	106.31	107.07	107.63	108.15	108.57	108.98	109.38	109.74	109.97	110.396	110.752	111.108	111.464	111.82
271.1	0	91.293	97.545	100.43	102.86	104.19	105.46	106.26	107.02	107.58	108.1	108.52	108.93	109.33	109.69	109.92	110.346	110.702	111.058	111.414	111.77
271.2	0	91.247	97.496	100.38	102.81	104.14	105.41	106.21	106.97	107.52	108.05	108.47	108.88	109.28	109.64	109.87	110.296	110.652	111.008	111.364	111.72
271.3	0	91.201	97.447	100.33	102.76	104.09	105.36	106.16	106.92	107.47	108	108.42	108.83	109.23	109.59	109.82	110.246	110.602	110.958	111.314	111.67
271.4	0	91.155	97.398	100.28	102.71	104.04	105.3	106.1	106.87	107.42	107.95	108.37	108.78	109.18	109.54	109.77	110.196	110.552	110.908	111.264	111.62
271.5	0	91.109	97.349	100.23	102.65	103.99	105.25	106.05	106.82	107.37	107.9	108.31	108.73	109.13	109.49	109.72	110.15	110.508	110.866	111.224	111.582
271.6	0	91.062	97.299	100.18	102.6	103.93	105.2	106	106.77	107.32	107.85	108.26	108.68	109.08	109.44	109.67	110.1	110.458	110.816	111.174	111.532
271.7	0	91.016	97.25	100.13	102.55	103.88	105.15	105.95	106.72	107.27	107.79	108.21	108.62	109.03	109.39	109.62	110.051	110.41	110.769	111.128	111.487
271.8	0	90.969	97.2	100.08	102.5	103.83	105.1	105.9	106.66	107.21	107.74	108.16	108.57	108.98	109.34	109.57	110.001	110.36	110.719	111.078	111.437
271.9	0	90.922	97.15	100.03	102.45	103.78	105.05	105.84	106.61	107.16	107.69	108.11	108.52	108.92	109.29	109.52	109.949	110.308	110.667	111.026	111.385
272	0	90.875	97.099	99.983	102.39	103.73	104.99	105.79	106.56	107.11	107.64	108.06	108.47	108.87	109.24	109.46	109.891	110.248	110.605	110.962	111.319
272.1	0	90.827	97.049	99.933	102.34	103.68	104.94	105.74	106.51	107.06	107.59	108	108.42	108.82	109.19	109.41	109.845	110.204	110.563	110.922	111.281
272.2	0	90.78	96.998	99.882	102.29	103.62	104.89	105.69	106.45	107	107.53	107.95	108.36	108.77	109.13	109.36	109.791	110.15	110.509	110.868	111.227
272.3	0	90.732	96.947	99.832	102.23	103.57	104.84	105.63	106.4	106.95	107.48	107.9	108.31	108.72	109.08	109.31	109.741	110.1	110.459	110.818	111.177
272.4	0	90.684	96.896	99.781	102.18	103.52	104.78	105.58	106.35	106.9	107.43	107.84	108.26	108.66	109.03	109.26	109.693	110.054	110.415	110.776	111.137
272.5	0	90.636	96.845	99.73	102.13	103.46	104.73	105.53	106.29	106.84	107.37	107.79	108.21	108.61	108.98	109.21	109.643	110.004	110.365	110.726	111.087
272.6	0	90.587	96.793	99.679	102.07	103.41	104.68	105.47	106.24	106.79	107.32	107.74	108.15	108.56	108.93	109.15	109.586	109.946	110.306	110.666	111.026
272.7	0	90.539	96.741	99.628	102.02	103.36	104.62	105.42	106.19	106.74	107.27	107.68	108.1	108.51	108.87	109.1	109.535	109.896	110.257	110.618	110.979
272.8	0	90.49	96.689	99.576	101.96	103.3	104.57	105.36	106.13	106.68	107.21	107.63	108.05	108.45	108.82	109.05	109.483	109.844	110.205	110.566	110.927
272.9	0	90.441	96.637	99.524	101.91	103.25	104.52	105.31	106.08	106.63	107.16	107.58	107.99	108.4	108.77	109	109.434	109.796	110.158	110.52	110.882
273	0	90.392	96.585	99.472	101.86	103.2	104.46	105.26	106.02	106.57	107.1	107.52	107.94	108.35	108.72	108.95	109.388	109.752	110.116	110.48	110.844
273.1	0	90.343	96.532	99.42	101.8	103.14	104.41	105.2	105.97	106.52	107.05	107.47	107.88	108.29	108.66	108.89	109.324	109.686	110.048	110.41	110.772
273.2	0	90.293	96.479	99.367	101.74	103.09	104.35	105.15	105.92	106.46	107	107.41	107.83	108.24	108.61	108.84	109.278	109.642	110.006	110.37	110.734
273.3	0	90.243	96.426	99.315	101.69	103.03	104.3	105.09	105.86	106.41	106.94	107.36	107.78	108.18	108.56	108.79	109.226	109.59	109.954	110.318	110.682
273.4	0	90.194	96.372	99.262	101.63	102.98	104.24	105.04	105.81	106.35	106.89	107.3	107.72	108.13	108.5	108.73	109.168	109.532	109.896	110.26	110.624
273.5	0	90.144	96.319	99.209	101.58	102.92	104.19	104.98	105.75	106.3	106.83	107.25	107.67	108.07	108.45	108.68	109.116	109.48	109.844	110.208	110.572
273.6	0	90.094	96.265	99.155	101.52	102.87	104.13	104.92	105.69	106.24	106.78	107.19	107.61	108.02	108.39	108.63	109.066	109.432	109.798	110.164	110.53
273.7	0	90.043	96.211	99.102	101.47	102.81	104.08	104.87	105.64	106.19	106.72	107.14	107.56	107.97	108.34	108.57	109.008	109.372	109.736	110.1	110.464
273.8	0	89.993	96.157	99.048	101.41	102.76	104.02	104.81	105.58	106.13	106.66	107.08	107.5	107.91	108.29	108.52	108.961	109.328	109.695	110.062	110.429
273.9	0	89.942	96.102	98.994	101.35	102.7	103.97	104.76	105.53	106.08	106.61	107.03	107.44	107.86	108.23	108.47	108.907	109.274	109.641	110.008	110.375
274	0	89.891	96.047	98.939	101.3	102.65	103.91	104.7	105.47	106.02	106.55	106.97	107.39	107.8	108.18	108.41	108.851	109.218	109.585	109.952	110.319
274.1	0	89.84	95.992	98.885	101.24	102.59	103.85	104.64	105.41	105.96	106.5	106.92	107.33	107.74	108.12	108.36	108.795	109.162	109.529	109.896	110.263
274.2	0	89.789	95.937	98.83	101.18	102.53	103.8	104.59	105.36	105.91	106.44	106.86	107.28	107.69	108.07	108.3	108.741	109.108	109.475	109.842	110.209
274.3	0	89.738	95.882	98.775	101.12	102.48	103.74	104.53	105.3	105.85	106.38	106.8	107.22	107.63	108.01	108.25	108.689	109.058	109.427	109.796	110.165
274.4	0	89.686	95.826	98.72	101.07	102.42	103.68	104.47	105.24	105.79	106.33	106.75	107.16	107.58	107.96	108.19	108.632	109	109.368	109.736	110.104
274.5	0	89.634	95.771	98.665	101.01	102.36	103.63	104.41	105.19	105.74	106.27	106.69	107.11	107.52	107.9	108.14	108.579	108.948	109.317	109.686	110.055
274.6	0	89.582	95.715	98.609	100.95	102.31	103.57	104.36	105.13	105.68	106.21	106.63	107.05	107.46	107.84	108.08	108.519	108.888	109.257	109.626	109.995
274.7	0	89.53	95.659	98.553	100.89	102.25	103.51	104.3	105.07	105.62	106.16	106.58	106.99	107.41	107.79	108.03	108.47	108.84	109.21	109.58	109.95
274.8	0	89.478	95.603	98.497	100.83	102.19	103.45	104.24	105.01	105.56	106.1	106.52	106.94	107.35	107.73	107.97	108.409	108.778	109.147	109.516	109.885
274.9	0	89.425	95.546	98.441	100.77	102.14	103.4	104.18	104.95	105.5	106.04	106.46	106.88	107.29	107.68	107.91	108.354	108.724	109.094	109.464	109.834
275	0	89.373	95.49	98.385	100.72	102.08	103.34	104.12	104.9	105.45	105.98	106.4	106.82	107.23	107.62	107.86	108.302	108.674	109.046	109.418	109.79
275.1	0	89.32	95.433	98.328	100.66	102.02	103.28	104.06	104.84	105.39	105.92	106.35	106.76	107.18	107.56	107.8	108.24	108.61	108.98	109.35	109.72
275.2	0	89.266	95.376	98.271	100.6	101.96	103.22	104	104.78	105.33	105.87	106.29	106.71	107.12	107.5	107.74	108.179	108.548	108.917	109.286	109.655
275.3	0	89.213	95.319	98.214	100.54	101.9	103.16	103.95	104.72	105.27	105.81	106.23	106.65	107.06	107.45	107.69	108.132	108.504	108.876	109.248	109.62
275.4	0	89.159	95.262	98.157	100.48	101.84	103.1	103.89	104.66	105.21	105.75	106.17	106.59	107	107.39	107.63	108.072	108.444	108.816	109.188	109.56
275.5	0	89.105	95.204	98.1	100.42	101.78	103.04	103.83	104.6	105.15	105.69	106.11	106.53	106.94	107.33	107.57	108.012	108.384	108.756	109.128	109.5
275.6	0	89.051	95.146	98.042	100.36	101.72	102.98	103.77	104.54	105.09	105.63	106.05	106.47	106.89	107.27	107.52	107.962	108.336	108.71	109.084	109.458
275.7	0	88.996	95.088	97.984	100.3	101.66	102.92	103.71	104.48	105.03	105.57	105.99	106.41	106.83	107.22	107.46	107.907	108.282	108.657	109.032	109.407
275.8	0	88.941	95.03	97.926	100.23	101.61	102.86	103.65	104.42	104.97	105.51	105.94	106.36	106.77	107.16	107.4	107.842	108.214	108.586	108.958	109.33
275.9	0	88.886	94.971	97.868	100.17	101.54	102.8	103.58	104.36	104.91	105.45	105.88	106.3	106.71	107.1	107.34	107.782	108.154	108.526	108.898	109.27
276	0	88.831	94.913	97.809	100.11	101.48	102.73	103.52	104.3	104.85	105.39	105.82	106.24	106.65	107.04	107.28	107.722	108.094	108.466	108.838	109.21
276.1	0	88.775	94.854	97.75	100.05	101.42	102.67	103.46	104.23	104.79	105.33	105.76	106.18	106.59	106.98	107.23	107.67	108.044	108.418	108.792	109.166
276.2	0	88.719	94.794	97.691	99.988	101.36	102.61	103.4	104.17	104.73	105.27	105.7	106.12	106.53	106.92	107.17	107.61	107.984	108.358	108.732	109.106
276.3	0	88.663	94.734	97.632	99.926	101.3	102.55	103.34	104.11	104.66	105.21	105.63	106.06	106.47	106.86	107.11	107.554	107.93	108.306	108.682	109.058
276.4	0	88.607	94.674	97.572	99.863	101.24	102.49	103.28	104.05	104.6	105.15	105.57	106	106.41	106.8	107.05	107.494	107.87	108.246	108.622	108.998
276.5	0	88.55	94.614	97.512	99.8	101.18	102.42	103.22	103.99	104.54	105.08	105.51	105.94	106.35	106.74	106.99	107.434	107.81	108.186	108.562	108.938
276.6	0	88.493	94.554	97.452	99.737	101.12	102.36	103.15	103.92	104.48	105.02	105.45	105.87	106.29	106.68	106.93	107.375	107.752	108.129	108.506	108.883
276.7	0	88.436	94.493	97.391	99.674	101.05	102.3	103.09	103.86	104.41	104.96	105.39	105.81	106.23	106.62	106.87	107.315	107.692	108.069	108.446	108.823
276.8	0	88.379	94.431	97.331	99.61	100.99	102.23	103.03	103.8	104.35	104.9	105.33	105.75	106.17	106.56	106.81	107.255	107.632	108.009	108.386	108.763
276.9	0	88.321	94.37	97.269	99.546	100.93	102.17	102.96	103.74	104.29	104.83	105.26	105.69	106.11	106.5	106.75	107.199	107.578	107.957	108.336	108.715
277	0	88.263	94.308	97.208	99.482	100.87	102.11	102.9	103.67	104.23	104.77	105.2	105.63	106.05	106.44	106.69	107.139	107.518	107.897	108.276	108.655
277.1	0	88.204	94.246	97.146	99.417	100.8	102.04	102.84	103.61	104.16	104.71	105.14	105.57	105.98	106.38	106.63	107.077	107.456	107.835	108.214	108.593
277.2	0	88.146	94.183	97.084	99.352	100.74	101.98	102.77	103.54	104.1	104.64	105.08	105.5	105.92	106.32	106.57	107.018	107.398	107.778	108.158	108.538
277.3	0	88.087	94.12	97.022	99.287	100.67	101.91	102.71	103.48	104.03	104.58	105.01	105.44	105.86	106.26	106.51	106.962	107.344	107.726	108.108	108.49
277.4	0	88.028	94.057	96.959	99.221	100.61	101.85	102.64	103.42	103.97	104.52	104.95	105.38	105.8	106.2	106.44	106.894	107.274	107.654	108.034	108.414
277.5	0	87.968	93.994	96.896	99.155	100.54	101.78	102.58	103.35	103.9	104.45	104.89	105.31	105.73	106.13	106.38	106.828	107.208	107.588	107.968	108.348
277.6	0	87.908	93.93	96.832	99.089	100.48	101.71	102.52	103.29	103.84	104.39	104.82	105.25	105.67	106.07	106.32	106.772	107.154	107.536	107.918	108.3
277.7	0	87.848	93.866	96.768	99.022	100.41	101.65	102.45	103.22	103.77	104.32	104.76	105.19	105.61	106.01	106.26	106.712	107.094	107.476	107.858	108.24
277.8	0	87.788	93.801	96.704	98.956	100.35	101.58	102.38	103.15	103.71	104.26	104.69	105.12	105.54	105.95	106.2	106.655	107.04	107.425	107.81	108.195
277.9	0	87.727	93.736	96.64	98.888	100.28	101.51	102.32	103.09	103.64	104.19	104.63	105.06	105.48	105.88	106.13	106.582	106.964	107.346	107.728	108.11
278	0	87.666	93.671	96.575	98.821	100.22	101.45	102.25	103.02	103.58	104.13	104.56	104.99	105.42	105.82	106.07	106.527	106.912	107.297	107.682	108.067
278.1	0	87.605	93.606	96.51	98.753	100.15	101.38	102.19	102.96	103.51	104.06	104.5	104.93	105.35	105.76	106.01	106.465	106.85	107.235	107.62	108.005
278.2	0	87.544	93.54	96.445	98.684	100.08	101.31	102.12	102.89	103.45	103.99	104.43	104.86	105.29	105.69	105.95	106.405	106.792	107.179	107.566	107.953
278.3	0	87.482	93.474	96.379	98.616	100.01	101.24	102.05	102.82	103.38	103.93	104.36	104.8	105.22	105.63	105.88	106.339	106.726	107.113	107.5	107.887
278.4	0	87.42	93.408	96.313	98.547	99.947	101.17	101.98	102.75	103.31	103.86	104.3	104.73	105.16	105.56	105.82	106.275	106.662	107.049	107.436	107.823
278.5	0	87.357	93.341	96.247	98.478	99.879	101.1	101.92	102.69	103.24	103.79	104.23	104.67	105.09	105.5	105.75	106.209	106.596	106.983	107.37	107.757
278.6	0	87.295	93.274	96.18	98.408	99.81	101.03	101.85	102.62	103.18	103.73	104.17	104.6	105.02	105.43	105.69	106.143	106.53	106.917	107.304	107.691
278.7	0	87.232	93.207	96.113	98.339	99.742	100.96	101.78	102.55	103.11	103.66	104.1	104.53	104.96	105.37	105.63	106.088	106.478	106.868	107.258	107.648
278.8	0	87.168	93.14	96.046	98.269	99.673	100.89	101.71	102.48	103.04	103.59	104.03	104.47	104.89	105.3	105.56	106.017	106.406	106.795	107.184	107.573
278.9	0	87.105	93.072	95.978	98.198	99.603	100.82	101.64	102.41	102.97	103.53	103.96	104.4	104.83	105.24	105.5	105.962	106.354	106.746	107.138	107.53
279	0	87.041	93.003	95.91	98.128	99.534	100.75	101.57	102.34	102.9	103.46	103.9	104.33	104.76	105.17	105.43	105.888	106.278	106.668	107.058	107.448
279.1	0	86.976	92.935	95.842	98.056	99.464	100.68	101.5	102.27	102.84	103.39	103.83	104.27	104.69	105.11	105.36	105.822	106.212	106.602	106.992	107.382
279.2	0	86.911	92.866	95.773	97.985	99.393	100.61	101.43	102.2	102.77	103.32	103.76	104.2	104.62	105.04	105.3	105.76	106.152	106.544	106.936	107.328
279.3	0	86.846	92.796	95.704	97.913	99.323	100.54	101.36	102.13	102.7	103.25	103.69	104.13	104.56	104.97	105.23	105.692	106.084	106.476	106.868	107.26
279.4	0	86.781	92.726	95.635	97.841	99.252	100.47	101.29	102.06	102.63	103.18	103.62	104.06	104.49	104.9	105.17	105.63	106.024	106.418	106.812	107.206
279.5	0	86.715	92.656	95.565	97.769	99.18	100.39	101.22	101.99	102.56	103.11	103.55	103.99	104.42	104.84	105.1	105.565	105.96	106.355	106.75	107.145
279.6	0	86.648	92.586	95.495	97.696	99.109	100.32	101.15	101.92	102.49	103.04	103.48	103.92	104.35	104.77	105.03	105.495	105.89	106.285	106.68	107.075
279.7	0	86.582	92.515	95.424	97.623	99.037	100.25	101.07	101.85	102.42	102.97	103.41	103.85	104.28	104.7	104.96	105.425	105.82	106.215	106.61	107.005
279.8	0	86.514	92.443	95.353	97.549	98.964	100.17	101	101.77	102.34	102.9	103.34	103.78	104.21	104.63	104.9	105.363	105.76	106.157	106.554	106.951
279.9	0	86.447	92.371	95.282	97.475	98.891	100.1	100.93	101.7	102.27	102.83	103.27	103.71	104.14	104.57	104.83	105.298	105.696	106.094	106.492	106.89
280	0	86.378	92.299	95.21	97.401	98.818	100.03	100.85	101.63	102.2	102.76	103.2	103.64	104.07	104.5	104.76	105.228	105.626	106.024	106.422	106.82
280.1	0	86.31	92.226	95.138	97.326	98.745	99.951	100.78	101.55	102.13	102.68	103.13	103.57	104	104.43	104.69	105.158	105.556	105.954	106.352	106.75
280.2	0	86.241	92.153	95.065	97.251	98.671	99.876	100.71	101.48	102.06	102.61	103.06	103.5	103.93	104.36	104.62	105.088	105.486	105.884	106.282	106.68
280.3	0	86.171	92.079	94.992	97.175	98.597	99.801	100.63	101.41	101.98	102.54	102.99	103.43	103.86	104.29	104.55	105.018	105.416	105.814	106.212	106.61
280.4	0	86.101	92.005	94.919	97.099	98.522	99.725	100.56	101.33	101.91	102.47	102.91	103.36	103.79	104.22	104.49	104.96	105.362	105.764	106.166	106.568
280.5	0	86.03	91.93	94.845	97.022	98.447	99.649	100.48	101.26	101.83	102.39	102.84	103.28	103.72	104.15	104.42	104.891	105.294	105.697	106.1	106.503
280.6	0	85.959	91.855	94.77	96.945	98.371	99.573	100.41	101.18	101.76	102.32	102.77	103.21	103.65	104.08	104.35	104.821	105.224	105.627	106.03	106.433
280.7	0	85.888	91.78	94.695	96.868	98.295	99.496	100.33	101.1	101.69	102.24	102.7	103.14	103.58	104.01	104.28	104.751	105.154	105.557	105.96	106.363
280.8	0	85.816	91.703	94.62	96.79	98.218	99.419	100.25	101.03	101.61	102.17	102.62	103.07	103.5	103.94	104.21	104.683	105.088	105.493	105.898	106.303
280.9	0	85.743	91.627	94.544	96.711	98.141	99.341	100.18	100.95	101.53	102.1	102.55	102.99	103.43	103.86	104.13	104.601	105.004	105.407	105.81	106.213
281	0	85.67	91.55	94.467	96.632	98.064	99.263	100.1	100.87	101.46	102.02	102.47	102.92	103.36	103.79	104.06	104.535	104.94	105.345	105.75	106.155
281.1	0	85.597	91.472	94.39	96.553	97.986	99.184	100.02	100.8	101.38	101.95	102.4	102.84	103.28	103.72	103.99	104.464	104.87	105.276	105.682	106.088
281.2	0	85.523	91.394	94.313	96.473	97.908	99.105	99.946	100.72	101.31	101.87	102.32	102.77	103.21	103.65	103.92	104.398	104.806	105.214	105.622	106.03
281.3	0	85.449	91.315	94.235	96.392	97.829	99.025	99.867	100.64	101.23	101.79	102.25	102.69	103.14	103.57	103.85	104.324	104.732	105.14	105.548	105.956
281.4	0	85.374	91.236	94.156	96.311	97.749	98.945	99.788	100.56	101.15	101.72	102.17	102.62	103.06	103.5	103.78	104.256	104.666	105.076	105.486	105.896
281.5	0	85.298	91.156	94.077	96.229	97.669	98.864	99.709	100.48	101.07	101.64	102.1	102.54	102.99	103.43	103.7	104.179	104.588	104.997	105.406	105.815
281.6	0	85.222	91.075	93.997	96.147	97.589	98.783	99.629	100.4	101	101.56	102.02	102.47	102.91	103.35	103.63	104.106	104.516	104.926	105.336	105.746
281.7	0	85.145	90.995	93.917	96.064	97.508	98.701	99.549	100.32	100.92	101.48	101.94	102.39	102.84	103.28	103.56	104.041	104.454	104.867	105.28	105.693
281.8	0	85.068	90.913	93.836	95.981	97.426	98.619	99.468	100.24	100.84	101.41	101.87	102.32	102.76	103.2	103.48	103.956	104.366	104.776	105.186	105.596
281.9	0	84.991	90.831	93.755	95.897	97.344	98.536	99.387	100.16	100.76	101.33	101.79	102.24	102.68	103.13	103.41	103.889	104.302	104.715	105.128	105.541
282	0	84.912	90.748	93.673	95.812	97.261	98.453	99.305	100.08	100.68	101.25	101.71	102.16	102.61	103.05	103.33	103.811	104.224	104.637	105.05	105.463
282.1	0	84.834	90.665	93.59	95.727	97.178	98.369	99.223	99.998	100.6	101.17	101.63	102.08	102.53	102.98	103.26	103.744	104.16	104.576	104.992	105.408
282.2	0	84.754	90.581	93.507	95.641	97.094	98.285	99.14	99.915	100.52	101.09	101.55	102.01	102.45	102.9	103.18	103.663	104.078	104.493	104.908	105.323
282.3	0	84.674	90.497	93.424	95.555	97.01	98.2	99.057	99.832	100.43	101.01	101.47	101.93	102.38	102.82	103.11	103.39	103.821	104.186	104.551	104.916
282.4	0	84.594	90.412	93.339	95.468	96.925	98.114	98.973	99.749	100.35	100.93	101.39	101.85	102.3	102.75	103.03	103.31	103.743	104.108	104.473	104.838
282.5	0	84.513	90.326	93.254	95.38	96.839	98.029	98.889	99.665	100.27	100.84	101.31	101.77	102.22	102.67	102.96	103.24	103.676	104.044	104.412	104.78
282.6	0	84.431	90.239	93.169	95.292	96.753	97.942	98.804	99.581	100.19	100.76	101.23	101.69	102.14	102.59	102.88	103.16	103.596	103.964	104.332	104.7
282.7	0	84.349	90.152	93.083	95.204	96.666	97.855	98.719	99.496	100.1	100.68	101.15	101.61	102.06	102.51	102.8	103.09	103.524	103.894	104.264	104.634
282.8	0	84.266	90.065	92.996	95.114	96.579	97.767	98.633	99.41	100.02	100.6	101.07	101.53	101.98	102.43	102.73	103.01	103.449	103.82	104.191	104.562
282.9	0	84.182	89.976	92.909	95.024	96.491	97.679	98.546	99.325	99.935	100.51	100.99	101.45	101.9	102.35	102.65	102.93	103.369	103.74	104.111	104.482
283	0	84.098	89.887	92.821	94.934	96.403	97.591	98.459	99.238	99.85	100.43	100.9	101.36	101.82	102.28	102.57	102.86	103.303	103.678	104.053	104.428
283.1	0	84.013	89.798	92.732	94.843	96.314	97.502	98.372	99.151	99.764	100.34	100.82	101.28	101.74	102.2	102.49	102.78	103.223	103.598	103.973	104.348
283.2	0	83.928	89.707	92.643	94.751	96.225	97.412	98.284	99.064	99.678	100.26	100.74	101.2	101.66	102.11	102.41	102.7	103.141	103.516	103.891	104.266
283.3	0	83.841	89.616	92.553	94.659	96.135	97.321	98.195	98.976	99.592	100.17	100.65	101.12	101.58	102.03	102.33	102.62	103.061	103.436	103.811	104.186
283.4	0	83.755	89.524	92.462	94.566	96.044	97.23	98.106	98.887	99.505	100.09	100.57	101.03	101.49	101.95	102.25	102.55	102.994	103.374	103.754	104.134
283.5	0	83.667	89.432	92.371	94.473	95.953	97.139	98.016	98.798	99.417	99.999	100.48	100.95	101.41	101.87	102.17	102.47	102.914	103.294	103.674	104.054
283.6	0	83.578	89.339	92.279	94.379	95.861	97.047	97.926	98.709	99.329	99.912	100.4	100.86	101.33	101.79	102.09	102.39	102.838	103.22	103.602	103.984
283.7	0	83.489	89.245	92.187	94.284	95.768	96.954	97.835	98.618	99.24	99.824	100.31	100.78	101.24	101.71	102.01	102.31	102.759	103.142	103.525	103.908
283.8	0	83.399	89.15	92.093	94.189	95.675	96.86	97.743	98.528	99.151	99.736	100.22	100.69	101.16	101.62	101.93	102.23	102.681	103.066	103.451	103.836
283.9	0	83.308	89.055	91.999	94.093	95.581	96.766	97.651	98.436	99.061	99.647	100.14	100.61	101.08	101.54	101.85	102.15	102.601	102.986	103.371	103.756
284	0	83.216	88.959	91.905	93.996	95.486	96.671	97.558	98.344	98.971	99.557	100.05	100.52	100.99	101.45	101.77	102.07	102.524	102.912	103.3	103.688
284.1	0	83.124	88.862	91.809	93.898	95.391	96.576	97.465	98.252	98.88	99.468	99.961	100.43	100.9	101.37	101.68	101.98	102.436	102.824	103.212	103.6
284.2	0	83.03	88.764	91.713	93.8	95.295	96.479	97.371	98.158	98.789	99.377	99.872	100.35	100.82	101.28	101.6	101.9	102.354	102.742	103.13	103.518
284.3	0	82.935	88.665	91.615	93.701	95.198	96.382	97.276	98.064	98.696	99.286	99.783	100.26	100.73	101.2	101.52	101.82	102.279	102.67	103.061	103.452
284.4	0	82.839	88.565	91.517	93.601	95.101	96.285	97.18	97.97	98.604	99.195	99.693	100.17	100.64	101.11	101.43	101.74	102.197	102.59	102.983	103.376
284.5	0	82.743	88.465	91.418	93.5	95.003	96.186	97.084	97.874	98.51	99.102	99.602	100.08	100.55	101.03	101.35	101.65	102.114	102.508	102.902	103.296
284.6	0	82.645	88.363	91.318	93.398	94.904	96.087	96.987	97.778	98.416	99.01	99.511	99.99	100.47	100.94	101.26	101.57	102.031	102.426	102.821	103.216
284.7	0	82.545	88.26	91.217	93.296	94.804	95.987	96.889	97.682	98.322	98.916	99.42	99.9	100.38	100.85	101.17	101.48	101.941	102.336	102.731	103.126
284.8	0	82.445	88.156	91.115	93.192	94.703	95.887	96.79	97.584	98.226	98.822	99.327	99.809	100.29	100.76	101.09	101.4	101.8644	102.2626	102.6608	103.059
284.9	0	82.343	88.051	91.012	93.088	94.602	95.785	96.691	97.486	98.13	98.728	99.235	99.717	100.2	100.67	101	101.31	101.7752	102.1738	102.5724	102.971
285	0	82.24	87.945	90.908	92.982	94.499	95.683	96.591	97.387	98.034	98.632	99.141	99.625	100.11	100.58	100.91	101.23	101.694	102.095	102.496	102.897
285.1	0	82.135	87.837	90.802	92.875	94.396	95.58	96.49	97.288	97.936	98.536	99.047	99.533	100.01	100.49	100.82	101.14	101.6058	102.0082	102.4106	102.813
285.2	0	82.028	87.727	90.696	92.768	94.291	95.476	96.389	97.187	97.838	98.44	98.953	99.44	99.922	100.4	100.74	101.05	101.5218	101.9256	102.3294	102.7332
285.3	0	81.92	87.617	90.588	92.659	94.186	95.371	96.287	97.086	97.739	98.342	98.857	99.346	99.83	100.31	100.65	100.97	101.4416	101.8484	102.2552	102.662
285.4	0	81.81	87.504	90.479	92.549	94.08	95.265	96.183	96.984	97.64	98.244	98.762	99.252	99.737	100.22	100.56	100.88	101.3535	101.7614	102.1693	102.5772
285.5	0	81.698	87.39	90.368	92.437	93.972	95.159	96.079	96.882	97.539	98.146	98.665	99.157	99.643	100.13	100.47	100.79	101.2659	101.6752	102.0845	102.4938
285.6	0	81.583	87.274	90.255	92.325	93.864	95.051	95.974	96.778	97.438	98.046	98.568	99.061	99.549	100.03	100.38	100.7	101.1767	101.5876	101.9985	102.4094
285.7	0	81.467	87.157	90.142	92.211	93.754	94.942	95.868	96.674	97.336	97.946	98.47	98.965	99.454	99.94	100.28	100.61	101.0846	101.4962	101.9078	102.3194
285.8	0	81.348	87.037	90.026	92.095	93.643	94.833	95.762	96.568	97.233	97.845	98.371	98.868	99.359	99.846	100.19	100.52	100.9971	101.4106	101.8241	102.2376
285.9	0	81.227	86.915	89.909	91.978	93.531	94.722	95.654	96.462	97.13	97.743	98.272	98.771	99.263	99.751	100.1	100.43	100.9095	101.325	101.7405	102.156
286	0	81.103	86.791	89.79	91.859	93.417	94.61	95.545	96.355	97.025	97.641	98.172	98.673	99.166	99.656	100.01	100.34	100.8224	101.2402	101.658	102.0758
286.1	0	80.976	86.665	89.668	91.739	93.302	94.496	95.435	96.247	96.92	97.537	98.071	98.574	99.069	99.56	99.912	100.24	100.7235	101.141	101.5585	101.976
286.2	0	80.847	86.536	89.545	91.617	93.185	94.382	95.324	96.138	96.814	97.433	97.969	98.474	98.971	99.463	99.817	100.15	100.6344	101.0542	101.474	101.8938
286.3	0	80.714	86.404	89.42	91.493	93.067	94.266	95.212	96.028	96.707	97.328	97.867	98.374	98.872	99.366	99.722	100.06	100.5454	100.9676	101.3898	101.812
286.4	0	80.578	86.27	89.292	91.367	92.947	94.149	95.099	95.917	96.599	97.222	97.763	98.273	98.773	99.268	99.627	99.963	100.451	100.8744	101.2978	101.7212
286.5	0	80.438	86.133	89.162	91.239	92.825	94.03	94.984	95.805	96.49	97.115	97.659	98.171	98.673	99.17	99.531	99.868	100.3582	100.7834	101.2086	101.6338
286.6	0	80.295	85.992	89.029	91.109	92.702	93.909	94.868	95.691	96.38	97.008	97.554	98.068	98.573	99.071	99.434	99.773	100.2651	100.6922	101.1193	101.5464
286.7	0	80.147	85.848	88.894	90.976	92.577	93.787	94.751	95.577	96.269	96.899	97.448	97.965	98.471	98.971	99.336	99.677	100.1707	100.5996	101.0285	101.4574
286.8	0	79.996	85.701	88.755	90.842	92.449	93.664	94.632	95.461	96.157	96.79	97.342	97.86	98.369	98.871	99.238	99.581	100.0771	100.5082	100.9393	101.3704
286.9	0	79.84	85.549	88.613	90.704	92.32	93.538	94.512	95.344	96.043	96.679	97.234	97.755	98.266	98.77	99.139	99.484	99.9821	100.4152	100.8483	101.2814
287	0	79.68	85.394	88.469	90.564	92.188	93.41	94.39	95.226	95.929	96.568	97.125	97.649	98.162	98.668	99.04	99.386	99.8866	100.3218	100.757	101.1922
287.1	0	79.514	85.235	88.32	90.421	92.054	93.281	94.266	95.106	95.813	96.455	97.016	97.542	98.057	98.565	98.939	99.288	99.7904	100.2278	100.6652	101.1026
287.2	0	79.344	85.071	88.168	90.274	91.917	93.149	94.141	94.985	95.697	96.342	96.905	97.434	97.952	98.462	98.839	99.189	99.6943	100.134	100.5737	101.0134
287.3	0	79.168	84.902	88.013	90.125	91.778	93.015	94.014	94.862	95.578	96.227	96.794	97.325	97.846	98.358	98.737	99.09	99.5975	100.0396	100.4817	100.9238
287.4	0	78.986	84.729	87.853	89.972	91.636	92.879	93.884	94.737	95.459	96.111	96.681	97.215	97.738	98.253	98.634	98.99	99.4998	99.9444	100.389	100.8336
287.5	0	78.799	84.55	87.689	89.815	91.491	92.74	93.753	94.611	95.338	95.994	96.567	97.104	97.63	98.147	98.531	98.889	99.4015	99.8486	100.2957	100.7428
287.6	0	78.605	84.366	87.52	89.654	91.343	92.599	93.619	94.482	95.215	95.875	96.452	96.992	97.521	98.04	98.427	98.787	99.3022	99.7518	100.2014	100.651
287.7	0	78.405	84.177	87.346	89.49	91.191	92.455	93.483	94.352	95.091	95.755	96.336	96.879	97.41	97.933	98.322	98.684	99.2022	99.6544	100.1066	100.5588
287.8	0	78.198	83.981	87.168	89.321	91.036	92.308	93.345	94.22	94.964	95.633	96.219	96.764	97.299	97.824	98.217	98.581	99.1026	99.5578	100.013	100.4682
287.9	0	77.984	83.779	86.984	89.147	90.877	92.157	93.204	94.085	94.836	95.51	96.1	96.649	97.187	97.714	98.11	98.477	99.0011	99.459	99.9169	100.3748
288	0	77.762	83.571	86.795	88.969	90.713	92.004	93.06	93.948	94.707	95.385	95.98	96.532	97.073	97.604	98.002	98.372	98.8993	99.3602	99.8211	100.282
288.1	0	77.526	83.356	86.599	88.785	90.546	91.847	92.914	93.809	94.575	95.259	95.858	96.414	96.958	97.492	97.894	98.266	98.7968	99.2608	99.7248	100.1888
288.2	0	77.239	83.134	86.398	88.597	90.374	91.686	92.764	93.667	94.44	95.131	95.735	96.295	96.843	97.38	97.784	98.159	98.6929	99.1598	99.6267	100.0936
288.3	0	76.942	82.904	86.191	88.402	90.198	91.521	92.611	93.522	94.304	95	95.61	96.174	96.725	97.266	97.674	98.052	98.5897	99.0602	99.5307	100.0012
288.4	0	76.636	82.667	85.976	88.202	90.017	91.352	92.455	93.375	94.165	94.868	95.484	96.052	96.607	97.151	97.562	97.943	98.4841	98.9578	99.4315	99.9052
288.5	0	76.32	82.423	85.755	87.996	89.83	91.179	92.294	93.225	94.024	94.734	95.355	95.928	96.487	97.035	97.45	97.834	98.3793	98.8568	99.3343	99.8118
288.6	0	75.994	82.17	85.527	87.784	89.638	91.001	92.131	93.071	93.88	94.597	95.225	95.802	96.366	96.918	97.336	97.723	98.2726	98.7538	99.235	99.7162
288.7	0	75.659	81.908	85.291	87.564	89.441	90.818	91.963	92.914	93.733	94.458	95.093	95.675	96.244	96.799	97.221	97.612	98.1655	98.6506	99.1357	99.6208
288.8	0	75.313	81.638	85.048	87.338	89.237	90.63	91.79	92.753	93.583	94.317	94.958	95.546	96.12	96.679	97.105	97.499	98.0571	98.5462	99.0353	99.5244
288.9	0	74.956	81.359	84.797	87.105	89.027	90.437	91.613	92.588	93.43	94.173	94.822	95.415	95.994	96.558	96.988	97.385	97.9482	98.4416	98.935	99.4284
289	0	74.589	81.071	84.537	86.865	88.811	90.238	91.432	92.42	93.274	94.026	94.683	95.282	95.866	96.435	96.87	97.27	97.8386	98.3366	98.8346	99.3326
289.1	0	74.212	80.773	84.269	86.616	88.588	90.033	91.245	92.247	93.114	93.876	94.542	95.147	95.737	96.311	96.75	97.154	97.7279	98.2306	98.7333	99.236
289.2	0	73.824	80.465	83.993	86.36	88.358	89.822	91.053	92.069	92.95	93.723	94.398	95.01	95.606	96.185	96.628	97.036	97.6152	98.1226	98.63	99.1374
289.3	0	73.425	80.148	83.707	86.096	88.121	89.605	90.856	91.887	92.783	93.566	94.251	94.871	95.473	96.058	96.506	96.918	97.5033	98.016	98.5287	99.0414
289.4	0	73.016	79.821	83.412	85.823	87.876	89.381	90.653	91.7	92.611	93.406	94.101	94.729	95.338	95.929	96.382	96.797	97.389	97.907	98.425	98.943
289.5	0	72.597	79.484	83.108	85.541	87.624	89.149	90.443	91.508	92.434	93.242	93.948	94.584	95.201	95.798	96.256	96.676	97.2747	97.7986	98.3225	98.8464
289.6	0	72.167	79.136	82.794	85.251	87.363	88.911	90.228	91.31	92.253	93.075	93.792	94.437	95.061	95.665	96.128	96.553	97.1585	97.6884	98.2183	98.7482
289.7	0	71.728	78.779	82.471	84.952	87.095	88.666	90.006	91.106	92.067	92.903	93.633	94.287	94.919	95.53	95.999	96.429	97.042	97.5784	98.1148	98.6512
289.8	0	71.279	78.411	82.138	84.643	86.818	88.412	89.777	90.897	91.876	92.726	93.469	94.134	94.774	95.393	95.868	96.303	96.924	97.4672	98.0104	98.5536
289.9	0	70.821	78.033	81.794	84.325	86.532	88.151	89.542	90.681	91.68	92.545	93.302	93.977	94.627	95.253	95.735	96.175	96.8046	97.355	97.9054	98.4558
290	0	70.353	77.645	81.441	83.998	86.238	87.882	89.299	90.46	91.478	92.36	93.131	93.817	94.477	95.111	95.6	96.045	96.6837	97.2416	97.7995	98.3574
290.1	0	69.878	77.224	81.078	83.661	85.935	87.605	89.049	90.231	91.27	92.169	92.955	93.654	94.323	94.967	95.462	95.914	96.5617	97.1276	97.6935	98.2594
290.2	0	69.393	76.787	80.706	83.314	85.623	87.319	88.791	89.996	91.056	91.973	92.775	93.486	94.167	94.819	95.323	95.781	96.439	97.0136	97.5882	98.1628
290.3	0	68.901	76.341	80.323	82.958	85.302	87.025	88.525	89.753	90.836	91.771	92.59	93.315	94.007	94.669	95.181	95.646	96.3144	96.898	97.4816	98.0652
290.4	0	68.401	75.886	79.931	82.592	84.972	86.722	88.251	89.504	90.61	91.564	92.401	93.139	93.843	94.516	95.036	95.509	96.1885	96.7818	97.3751	97.9684
290.5	0	67.894	75.421	79.529	82.217	84.632	86.41	87.97	89.247	90.377	91.351	92.206	92.959	93.676	94.36	94.889	95.369	96.0605	96.6638	97.2671	97.8704
290.6	0	67.38	74.948	79.117	81.832	84.283	86.089	87.679	88.982	90.136	91.132	92.006	92.775	93.504	94.2	94.739	95.227	95.9307	96.5446	97.1585	97.7724
290.7	0	66.859	74.466	78.696	81.437	83.925	85.759	87.381	88.71	89.889	90.906	91.8	92.585	93.329	94.037	94.586	95.082	95.7991	96.4242	97.0493	97.6744
290.8	0	66.331	73.976	78.265	81.032	83.557	85.42	87.073	88.43	89.635	90.673	91.588	92.391	93.149	93.869	94.429	94.935	95.665	96.3018	96.9386	97.5754
290.9	0	65.797	73.479	77.826	80.619	83.18	85.072	86.757	88.141	89.373	90.434	91.37	92.191	92.965	93.698	94.27	94.785	95.5297	96.179	96.8283	97.4776
291	0	65.257	72.973	77.369	80.195	82.794	84.715	86.433	87.845	89.104	90.188	91.146	91.986	92.776	93.523	94.107	94.632	95.3917	96.054	96.7163	97.3786
291.1	0	64.712	72.461	76.892	79.763	82.399	84.349	86.099	87.54	88.827	89.934	90.916	91.775	92.581	93.344	93.94	94.476	95.2515	95.9276	96.6037	97.2798
291.2	0	64.161	71.94	76.407	79.322	81.994	83.974	85.757	87.226	88.542	89.674	90.679	91.558	92.382	93.16	93.769	94.316	95.1079	95.7982	96.4885	97.1788
291.3	0	63.605	71.413	75.913	78.872	81.58	83.589	85.406	86.905	88.249	89.405	90.435	91.335	92.177	92.971	93.594	94.153	94.9619	95.6672	96.3725	97.0778
291.4	0	63.044	70.879	75.412	78.413	81.157	83.196	85.046	86.574	87.948	89.13	90.184	91.106	91.967	92.777	93.415	93.986	94.8126	95.5334	96.2542	96.975
291.5	0	62.479	70.338	74.904	77.947	80.726	82.795	84.678	86.235	87.638	88.846	89.925	90.87	91.751	92.578	93.231	93.816	94.6608	95.398	96.1352	96.8724
291.6	0	61.91	69.791	74.388	77.472	80.286	82.384	84.301	85.887	87.321	88.555	89.66	90.628	91.529	92.374	93.043	93.641	94.505	95.259	96.013	96.767
291.7	0	61.337	69.237	73.865	76.988	79.838	81.965	83.915	85.531	86.995	88.256	89.387	90.379	91.301	92.164	92.85	93.462	94.3457	95.1172	95.8887	96.6602
291.8	0	60.761	68.677	73.336	76.497	79.382	81.537	83.521	85.166	86.661	87.948	89.106	90.122	91.066	91.948	92.653	93.279	94.1839	94.974	95.7641	96.5542
291.9	0	60.182	68.111	72.799	75.999	78.918	81.102	83.118	84.793	86.318	87.633	88.818	89.859	90.825	91.727	92.45	93.091	94.0171	94.826	95.6349	96.4438
292	0	59.6	67.54	72.257	75.494	78.447	80.658	82.708	84.411	85.967	87.31	88.523	89.588	90.577	91.499	92.241	92.898	93.8458	94.6742	95.5026	96.331
292.1	0	59.016	66.965	71.708	74.982	77.968	80.206	82.289	84.021	85.608	86.979	88.219	89.31	90.322	91.265	92.027	92.7	93.6703	94.5188	95.3673	96.2158
292.2	0	58.43	66.384	71.154	74.463	77.48	79.747	81.862	83.623	85.241	86.639	87.908	89.024	90.06	91.025	91.807	92.497	93.4905	94.3598	95.2291	96.0984
292.3	0	57.843	65.799	70.593	73.938	76.974	79.28	81.427	83.217	84.865	86.292	87.589	88.731	89.791	90.778	91.582	92.289	93.3063	94.197	95.0877	95.9784
292.4	0	57.255	65.211	70.028	73.406	76.461	78.806	80.985	82.803	84.481	85.937	87.262	88.43	89.515	90.524	91.35	92.076	93.1171	94.0298	94.9425	95.8552
292.5	0	56.665	64.619	69.457	72.869	75.942	78.325	80.536	82.381	84.089	85.573	86.927	88.121	89.231	90.264	91.112	91.856	92.9221	93.8572	94.7923	95.7274
292.6	0	56.075	64.024	68.882	72.326	75.417	77.837	80.079	81.952	83.689	85.202	86.585	87.805	88.94	89.997	90.868	91.631	92.7222	93.6802	94.6382	95.5962
292.7	0	55.485	63.426	68.302	71.778	74.885	77.342	79.615	81.515	83.282	84.823	86.235	87.481	88.641	89.722	90.618	91.4	92.5169	93.4984	94.4799	95.4614
292.8	0	54.895	62.826	67.717	71.224	74.347	76.84	79.144	81.071	82.867	84.436	85.877	87.149	88.335	89.441	90.36	91.162	92.3047	93.3098	94.3149	95.32
292.9	0	54.305	62.223	67.129	70.666	73.804	76.331	78.666	80.62	82.444	84.041	85.511	86.81	88.022	89.152	90.097	90.919	92.0879	93.1172	94.1465	95.1758
293	0	53.716	61.619	66.538	70.103	73.255	75.816	78.182	80.162	82.015	83.639	85.138	86.463	87.701	88.856	89.826	90.668	91.8633	92.9168	93.9703	95.0238
293.1	0	53.127	61.014	65.943	69.535	72.702	75.295	77.691	79.697	81.578	83.23	84.758	86.109	87.372	88.553	89.548	90.412	91.6334	92.7116	93.7898	94.868
293.2	0	52.54	60.408	65.345	68.964	72.143	74.768	77.19	79.226	81.135	82.813	84.37	85.747	87.036	88.242	89.264	90.148	91.3964	92.4994	93.6024	94.7054
293.3	0	51.953	59.8	64.746	68.388	71.581	74.236	76.681	78.749	80.684	82.389	83.975	85.378	86.692	87.924	88.973	89.878	91.1533	92.2814	93.4095	94.5376
293.4	0	51.279	59.193	64.144	67.809	71.014	73.7	76.166	78.265	80.227	81.959	83.573	85.002	86.341	87.599	88.674	89.601	90.9027	92.0558	93.2089	94.362
293.5	0	50.547	58.584	63.54	67.227	70.442	73.158	75.646	77.776	79.764	81.521	83.163	84.619	85.983	87.266	88.369	89.317	90.6454	91.8236	93.0018	94.18
293.6	0	49.824	57.975	62.935	66.642	69.868	72.612	75.12	77.279	79.295	81.078	82.747	84.228	85.618	86.927	88.057	89.027	90.3825	91.5862	92.7899	93.9936
293.7	0	49.109	57.367	62.328	66.055	69.29	72.061	74.59	76.777	78.82	80.627	82.325	83.831	85.246	86.58	87.737	88.729	90.1107	91.3394	92.5681	93.7968
293.8	0	48.403	56.758	61.721	65.465	68.708	71.506	74.055	76.268	78.339	80.17	81.895	83.427	84.867	86.226	87.411	88.425	89.8332	91.0872	92.3412	93.5952
293.9	0	47.705	56.149	61.113	64.874	68.124	70.948	73.515	75.755	77.852	79.708	81.459	83.016	84.481	85.865	87.078	88.114	89.5487	90.828	92.1073	93.3866
294	0	47.015	55.54	60.504	64.28	67.538	70.386	72.971	75.237	77.358	79.239	81.017	82.599	84.088	85.497	86.738	87.796	89.2568	90.5612	91.8656	93.17
294.1	0	46.334	54.931	59.895	63.685	66.949	69.82	72.423	74.714	76.856	78.764	80.569	82.175	83.689	85.122	86.392	87.472	88.9591	90.2888	91.6185	92.9482
294.2	0	45.661	54.323	59.286	63.089	66.358	69.252	71.87	74.187	76.349	78.284	80.115	81.745	83.283	84.741	86.038	87.14	88.6529	90.0074	91.3619	92.7164
294.3	0	44.996	53.716	58.677	62.491	65.765	68.68	71.315	73.656	75.837	77.798	79.654	81.308	82.87	84.353	85.678	86.803	88.3418	89.7216	91.1014	92.4812
294.4	0	44.34	53.109	58.067	61.892	65.17	68.106	70.756	73.12	75.321	77.306	79.188	80.866	82.451	83.958	85.311	86.458	88.022	89.4264	90.8308	92.2352
294.5	0	43.692	52.503	57.459	61.293	64.574	67.53	70.193	72.581	74.8	76.809	78.717	80.418	82.026	83.557	84.938	86.108	87.697	89.1262	90.5554	91.9846
294.6	0	43.052	51.898	56.85	60.693	63.977	66.952	69.628	72.039	74.275	76.306	78.24	79.964	81.595	83.149	84.558	85.751	87.3645	88.8182	90.2719	91.7256
294.7	0	42.421	51.265	56.243	60.093	63.379	66.371	69.06	71.493	73.747	75.8	77.757	79.504	81.158	82.736	84.172	85.388	87.0262	88.5044	89.9826	91.4608
294.8	0	41.797	50.622	55.636	59.493	62.78	65.789	68.49	70.944	73.215	75.289	77.268	79.039	80.716	82.316	83.779	85.018	86.6799	88.182	89.6841	91.1862
294.9	0	41.181	49.983	55.029	58.892	62.18	65.205	67.917	70.392	72.68	74.774	76.772	78.569	80.268	81.89	83.38	84.643	86.328	87.854	89.38	90.906
295	0	40.572	49.348	54.424	58.292	61.58	64.62	67.342	69.837	72.142	74.255	76.272	78.094	79.814	81.458	82.975	84.262	85.9697	87.5194	89.0691	90.6188
295.1	0	39.971	48.718	53.819	57.691	60.979	64.034	66.765	69.28	71.601	73.733	75.768	77.614	79.355	81.021	82.564	83.874	85.6043	87.1772	88.7501	90.323
295.2	0	39.378	48.093	53.216	57.092	60.379	63.447	66.187	68.72	71.058	73.208	75.26	77.129	78.891	80.578	82.147	83.481	85.2332	86.8292	88.4252	90.0212
295.3	0	38.791	47.472	52.614	56.492	59.779	62.859	65.608	68.158	70.512	72.679	74.748	76.638	78.423	80.13	81.724	83.082	84.8561	86.475	88.0939	89.7128
295.4	0	38.212	46.855	52.013	55.894	59.179	62.271	65.027	67.594	69.963	72.148	74.233	76.144	77.95	79.677	81.296	82.678	84.4732	86.1146	87.756	89.3974
295.5	0	37.639	46.244	51.404	55.296	58.579	61.683	64.445	67.029	69.413	71.615	73.715	75.645	77.472	79.219	80.862	82.267	84.0832	85.7466	87.41	89.0734
295.6	0	37.073	45.636	50.788	54.7	57.98	61.095	63.863	66.462	68.86	71.078	73.193	75.143	76.989	78.756	80.422	81.852	83.6877	85.3728	87.0579	88.743
295.7	0	36.514	45.033	50.175	54.105	57.382	60.506	63.281	65.893	68.306	70.54	72.669	74.638	76.502	78.288	79.978	81.431	83.286	84.9922	86.6984	88.4046
295.8	0	35.962	44.435	49.565	53.51	56.785	59.919	62.698	65.324	67.75	70	72.142	74.13	76.012	77.816	79.528	81.005	82.878	84.6046	86.3312	88.0578
295.9	0	35.415	43.84	48.957	52.917	56.189	59.331	62.115	64.753	67.192	69.457	71.613	73.618	75.518	77.34	79.074	80.574	82.4652	84.212	85.9588	87.7056
296	0	34.875	43.25	48.352	52.326	55.594	58.744	61.532	64.182	66.633	68.913	71.081	73.103	75.02	76.859	78.615	80.139	82.0473	83.814	85.5807	87.3474
296.1	0	34.341	42.665	47.75	51.736	55	58.158	60.95	63.61	66.073	68.368	70.548	72.586	74.52	76.374	78.151	79.698	81.6223	83.4078	85.1933	86.9788
296.2	0	33.814	42.083	47.152	51.135	54.408	57.572	60.367	63.038	65.511	67.82	70.012	72.066	74.016	75.886	77.684	79.253	81.1936	82.9978	84.802	86.6062
296.3	0	33.292	41.506	46.556	50.536	53.817	56.988	59.786	62.466	64.949	67.272	69.475	71.544	73.51	75.395	77.209	78.804	80.7581	82.58	84.4019	86.2238
296.4	0	32.775	40.932	45.964	49.94	53.227	56.404	59.204	61.894	64.386	66.722	68.935	71.02	73	74.901	76.73	78.35	80.3172	82.1562	83.9952	85.8342
296.5	0	32.265	40.363	45.376	49.345	52.639	55.822	58.624	61.322	63.822	66.171	68.395	70.493	72.488	74.404	76.248	77.892	79.8724	81.7282	83.584	85.4398
296.6	0	31.76	39.798	44.79	48.753	52.052	55.24	58.044	60.75	63.258	65.619	67.853	69.965	71.974	73.904	75.763	77.43	79.4229	81.2948	83.1667	85.0386
296.7	0	31.261	39.237	44.208	48.164	51.467	54.66	57.465	60.179	62.693	65.066	67.309	69.435	71.457	73.402	75.275	76.963	78.9686	80.856	82.7434	84.6308
296.8	0	30.768	38.681	43.63	47.577	50.884	54.082	56.887	59.608	62.129	64.513	66.765	68.904	70.938	72.897	74.784	76.493	78.5104	80.4128	82.3152	84.2176
296.9	0	30.28	38.128	43.055	46.993	50.302	53.504	56.311	59.037	61.564	63.959	66.22	68.371	70.417	72.389	74.291	76.019	78.0484	79.9654	81.8824	83.7994
297	0	29.798	37.58	42.483	46.411	49.723	52.928	55.735	58.468	60.999	63.404	65.674	67.837	69.895	71.879	73.794	75.542	77.184	79.1311	80.9552	82.7793
297.1	0	29.321	37.037	41.915	45.833	49.146	52.353	55.16	57.899	60.435	62.849	65.128	67.302	69.371	71.368	73.296	75.062	76.719	78.6802	80.5192	82.3582
297.2	0	28.85	36.497	41.351	45.257	48.57	51.78	54.587	57.331	59.871	62.294	64.58	66.766	68.845	70.854	72.795	74.578	76.252	78.2262	80.08	81.9338
297.3	0	28.384	35.963	40.791	44.684	47.997	51.201	54.015	56.764	59.308	61.739	64.033	66.23	68.319	70.339	72.292	74.092	75.782	77.7685	79.6364	81.5043
297.4	0	27.924	35.432	40.234	44.114	47.427	50.623	53.444	56.197	58.745	61.185	63.485	65.693	67.792	69.822	71.787	73.604	75.308	77.3068	79.1882	81.0696
297.5	0	27.469	34.906	39.681	43.547	46.858	50.048	52.875	55.632	58.183	60.63	62.938	65.155	67.264	69.304	71.28	73.113	74.832	76.8421	78.7366	80.6311
297.6	0	27.019	34.385	39.133	42.984	46.293	49.474	52.307	55.069	57.622	60.076	62.39	64.617	66.736	68.785	70.772	72.62	74.353	76.3739	78.2808	80.1877
297.7	0	26.575	33.868	38.588	42.424	45.73	48.903	51.741	54.506	57.062	59.522	61.842	64.079	66.207	68.265	70.261	72.126	73.872	75.9035	77.8226	79.7417
297.8	0	26.136	33.356	38.048	41.867	45.17	48.334	51.176	53.945	56.503	58.969	61.295	63.541	65.678	67.744	69.75	71.629	73.388	75.4293	77.3598	79.2903
297.9	0	25.658	32.849	37.513	41.314	44.613	47.768	50.613	53.385	55.945	58.417	60.748	63.003	65.148	67.223	69.237	71.13	72.902	74.9525	76.894	78.8355
298	0	25.105	32.347	36.981	40.765	44.059	47.204	50.052	52.827	55.388	57.865	60.201	62.464	64.618	66.701	68.723	70.629	72.414	74.473	76.425	78.377
298.1	0	24.566	31.85	36.455	40.219	43.508	46.643	49.493	52.27	54.832	57.314	59.655	61.926	64.088	66.178	68.208	70.127	71.924	73.9913	75.9534	77.9155
298.2	0	24.041	31.357	35.932	39.678	42.961	46.085	48.937	51.715	54.278	56.764	59.109	61.388	63.557	65.656	67.692	69.624	71.433	73.5084	75.4804	77.4524
298.3	0	23.529	30.87	35.415	39.14	42.416	45.53	48.382	51.158	53.725	56.215	58.564	60.85	63.027	65.133	67.176	69.119	70.939	73.0218	75.0028	76.9838
298.4	0	23.029	30.389	34.902	38.608	41.875	44.978	47.83	50.602	53.174	55.667	58.02	60.313	62.496	64.61	66.659	68.613	70.445	72.5349	74.525	76.5151
298.5	0	22.541	29.913	34.394	38.079	41.338	44.429	47.281	50.048	52.624	55.12	57.477	59.776	61.966	64.087	66.141	68.106	69.949	72.0453	74.0438	76.0423
298.6	0	22.066	29.442	33.89	37.555	40.805	43.883	46.733	49.496	52.076	54.575	56.935	59.24	61.436	63.563	65.623	67.599	69.452	71.555	73.5618	75.5686
298.7	0	21.602	28.977	33.391	37.035	40.275	43.341	46.189	48.947	51.53	54.031	56.393	58.704	60.906	63.04	65.105	67.09	68.953	71.062	73.0764	75.0908
298.8	0	21.149	28.518	32.898	36.52	39.748	42.801	45.647	48.399	50.985	53.488	55.853	58.169	60.376	62.517	64.586	66.581	68.454	70.5688	72.5908	74.6128
298.9	0	20.707	28.065	32.409	36.01	39.226	42.265	45.108	47.854	50.441	52.947	55.315	57.636	59.846	61.994	64.068	66.071	67.954	70.0745	72.1038	74.1331
299	0	20.277	27.617	31.925	35.504	38.708	41.732	44.572	47.312	49.9	52.408	54.777	57.103	59.317	61.471	63.549	65.56	67.453	69.5783	71.6144	73.6505
299.1	0	19.856	27.175	31.446	35.004	38.194	41.203	44.039	46.772	49.361	51.871	54.241	56.571	58.789	60.948	63.031	65.049	66.952	69.0819	71.1246	73.1673
299.2	0	19.446	26.739	30.972	34.508	37.684	40.678	43.508	46.234	48.823	51.334	53.706	56.041	58.261	60.426	62.513	64.538	66.45	68.5846	70.6336	72.6826
299.3	0	19.046	26.309	30.504	34.017	37.178	40.156	42.981	45.699	48.288	50.798	53.173	55.511	57.733	59.903	61.994	64.026	65.947	68.0859	70.141	72.1961
299.4	0	18.656	25.884	30.04	33.531	36.677	39.639	42.457	45.168	47.755	50.264	52.641	54.983	57.207	59.382	61.476	63.514	65.445	67.5872	69.648	71.7088
299.5	0	18.275	25.444	29.583	33.05	36.18	39.125	41.937	44.639	47.224	49.733	52.111	54.456	56.681	58.86	60.959	63.003	64.941	67.0877	69.154	71.2203
299.6	0	17.904	25.009	29.13	32.575	35.687	38.616	41.42	44.113	46.696	49.203	51.582	53.93	56.156	58.339	60.441	62.491	64.437	66.587	68.6584	70.7298
299.7	0	17.541	24.581	28.683	32.104	35.199	38.112	40.907	43.59	46.17	48.675	51.055	53.405	55.632	57.819	59.924	61.979	63.933	66.086	68.1622	70.2384
299.8	0	17.187	24.16	28.242	31.639	34.716	37.612	40.398	43.07	45.647	48.15	50.53	52.882	55.109	57.299	59.407	61.467	63.429	65.5846	67.6654	69.7462
299.9	0	16.842	23.746	27.805	31.179	34.238	37.116	39.893	42.554	45.126	47.627	50.006	52.36	54.587	56.78	58.891	60.955	62.924	65.0821	67.167	69.2519
300	0	16.505	23.339	27.375	30.724	33.764	36.625	39.392	42.041	44.608	47.105	49.485	51.839	54.066	56.262	58.375	60.444	62.419	64.5796	66.6684	68.7572
300.1	0	16.176	22.939	26.95	30.275	33.295	36.139	38.895	41.532	44.093	46.586	48.965	51.318	53.547	55.744	57.86	59.933	61.915	64.0773	66.1698	68.2623
300.2	0	15.854	22.546	26.531	29.831	32.832	35.658	38.403	41.027	43.581	46.069	48.447	50.798	53.028	55.228	57.345	59.422	61.41	63.574	65.6698	67.7656
300.3	0	15.541	22.16	26.117	29.392	32.373	35.182	37.915	40.526	43.073	45.555	47.931	50.279	52.511	54.712	56.831	58.912	60.905	63.0706	65.1694	67.2682
300.4	0	15.235	21.78	25.707	28.959	31.919	34.71	37.432	40.029	42.568	45.043	47.417	49.762	51.995	54.197	56.318	58.402	60.4	62.5669	64.6684	66.7699
300.5	0	14.936	21.408	25.299	28.53	31.47	34.243	36.953	39.536	42.066	44.534	46.906	49.247	51.481	53.684	55.805	57.893	59.896	62.0635	64.1674	66.2713
300.6	0	14.644	21.042	24.897	28.108	31.027	33.781	36.479	39.048	41.568	44.028	46.396	48.734	50.968	53.171	55.294	57.384	59.392	61.5601	63.6662	65.7723
300.7	0	14.36	20.682	24.502	27.69	30.589	33.324	36.01	38.564	41.074	43.525	45.889	48.223	50.456	52.66	54.783	56.876	58.889	61.0574	63.1656	65.2738
300.8	0	14.082	20.329	24.113	27.279	30.156	32.872	35.545	38.085	40.585	43.025	45.385	47.714	49.947	52.15	54.273	56.369	58.387	60.5549	62.6648	64.7747
300.9	0	13.81	19.983	23.731	26.872	29.729	32.425	35.085	37.61	40.099	42.53	44.884	47.207	49.439	51.642	53.765	55.862	57.885	60.0522	62.1634	64.2746
301	0	13.546	19.643	23.355	26.472	29.307	31.984	34.63	37.14	39.618	42.037	44.385	46.703	48.933	51.134	53.257	55.357	57.384	59.5505	61.663	63.7755
301.1	0	13.287	19.31	22.985	26.076	28.891	31.547	34.18	36.675	39.141	41.549	43.89	46.202	48.43	50.628	52.752	54.852	56.885	59.0496	61.163	63.2764
301.2	0	13.035	18.984	22.622	25.686	28.48	31.116	33.735	36.215	38.669	41.065	43.399	45.703	47.929	50.124	52.248	54.348	56.386	58.5484	60.6622	62.776
301.3	0	12.79	18.664	22.265	25.3	28.076	30.691	33.294	35.76	38.202	40.586	42.911	45.208	47.431	49.622	51.745	53.846	55.889	58.0486	60.1626	62.2766
301.4	0	12.55	18.35	21.914	24.92	27.677	30.271	32.859	35.309	37.739	40.11	42.427	44.716	46.935	49.122	51.245	53.345	55.393	57.5497	59.6636	61.7775
301.5	0	12.316	18.043	21.57	24.546	27.284	29.857	32.43	34.864	37.281	39.64	41.947	44.227	46.442	48.625	50.746	52.845	54.898	57.0508	59.164	61.2772
301.6	0	12.089	17.743	21.232	24.179	26.897	29.449	32.005	34.425	36.829	39.173	41.471	43.742	45.953	48.131	50.25	52.347	54.405	56.5532	58.6652	60.7772
301.7	0	11.867	17.449	20.9	23.818	26.517	29.046	31.586	33.99	36.381	38.712	40.999	43.26	45.466	47.639	49.756	51.851	53.913	56.0568	58.1674	60.278
301.8	0	11.651	17.161	20.575	23.464	26.142	28.65	31.173	33.56	35.938	38.255	40.532	42.783	44.983	47.151	49.265	51.357	53.423	55.5616	57.6702	59.7788
301.9	0	11.44	16.879	20.256	23.116	25.773	28.259	30.765	33.136	35.501	37.803	40.069	42.309	44.503	46.666	48.777	50.866	52.934	55.0678	57.174	59.2802
302	0	11.235	16.603	19.943	22.775	25.408	27.874	30.362	32.717	35.069	37.356	39.611	41.84	44.027	46.183	48.291	50.377	52.448	54.576	56.6796	58.7832
302.1	0	11.035	16.334	19.637	22.44	25.049	27.495	29.965	32.304	34.641	36.914	39.157	41.375	43.555	45.705	47.808	49.89	51.963	54.0845	56.1846	58.2847
302.2	0	10.84	16.07	19.337	22.112	24.697	27.122	29.574	31.896	34.219	36.478	38.709	40.915	43.086	45.229	47.328	49.407	51.479	53.595	55.6914	57.7878
302.3	0	10.65	15.812	19.043	21.79	24.35	26.755	29.188	31.493	33.803	36.046	38.265	40.459	42.622	44.757	46.852	48.926	50.996	53.1057	55.1974	57.2891
302.4	0	10.465	15.56	18.755	21.474	24.01	26.394	28.808	31.096	33.391	35.62	37.825	40.007	42.162	44.289	46.379	48.448	50.515	52.6181	54.7046	56.7911
302.5	0	10.285	15.314	18.473	21.164	23.675	26.038	28.434	30.704	32.985	35.198	37.391	39.561	41.706	43.825	45.909	47.973	50.037	52.133	54.214	56.295
302.6	0	10.109	15.073	18.197	20.861	23.347	25.689	28.065	30.318	32.584	34.782	36.962	39.119	41.254	43.364	45.442	47.501	49.561	51.495	53.5545	55.5764
302.7	0	9.938	14.838	17.926	20.564	23.024	25.346	27.702	29.937	32.189	34.371	36.538	38.682	40.807	42.908	44.979	47.033	49.088	51.022	53.0765	55.0949
302.8	0	9.7713	14.607	17.661	20.272	22.708	25.009	27.345	29.562	31.799	33.965	36.119	38.25	40.364	42.455	44.52	46.567	48.619	50.55	52.5995	54.6137
302.9	0	9.6087	14.382	17.402	19.987	22.397	24.678	26.993	29.192	31.414	33.565	35.705	37.822	39.926	42.007	44.064	46.105	48.152	50.082	52.126	54.1361
303	0	9.4503	14.163	17.148	19.707	22.092	24.353	26.648	28.828	31.034	33.17	35.296	37.4	39.493	41.563	43.613	45.647	47.688	49.616	51.6535	53.6585
303.1	0	9.2959	13.948	16.9	19.433	21.793	24.033	26.308	28.469	30.66	32.78	34.892	36.983	39.064	41.123	43.165	45.192	47.227	49.152	51.183	53.1826
303.2	0	9.1454	13.738	16.656	19.164	21.5	23.72	25.974	28.116	30.29	32.396	34.493	36.57	38.64	40.688	42.721	44.741	46.769	48.692	50.716	52.7101
303.3	0	8.9987	13.532	16.418	18.9	21.213	23.411	25.645	27.768	29.927	32.016	34.1	36.163	38.221	40.257	42.282	44.294	46.315	48.235	50.2515	52.2395
303.4	0	8.8557	13.332	16.186	18.642	20.931	23.109	25.321	27.426	29.568	31.643	33.712	35.761	37.807	39.831	41.846	43.85	45.865	47.78	49.7895	51.7712
303.5	0	8.7162	13.136	15.958	18.389	20.655	22.813	25.003	27.09	29.215	31.274	33.329	35.364	37.397	39.409	41.415	43.411	45.417	47.329	49.33	51.3048
303.6	0	8.5803	12.944	15.735	18.141	20.385	22.522	24.69	26.759	28.867	30.911	32.951	34.972	36.993	38.993	40.988	42.975	44.974	46.881	48.874	50.8418
303.7	0	8.4477	12.757	15.517	17.898	20.12	22.236	24.383	26.434	28.524	30.553	32.579	34.586	36.594	38.58	40.566	42.544	44.534	46.436	48.42	50.38
303.8	0	8.3184	12.574	15.304	17.66	19.861	21.956	24.082	26.114	28.187	30.2	32.212	34.204	36.2	38.173	40.148	42.117	44.098	45.994	47.969	49.9209
303.9	0	8.1923	12.395	15.096	17.427	19.606	21.682	23.786	25.8	27.856	29.853	31.85	33.828	35.811	37.771	39.735	41.694	43.665	45.556	47.521	49.4644
304	0	8.0694	12.22	14.892	17.2	19.357	21.413	23.496	25.492	27.53	29.511	31.493	33.457	35.427	37.374	39.326	41.275	43.237	45.121	47.0765	49.0112
304.1	0	7.9494	12.05	14.693	16.976	19.114	21.15	23.211	25.19	27.209	29.174	31.142	33.092	35.049	36.982	38.922	40.861	42.813	44.69	46.6355	48.5611
304.2	0	7.8324	11.883	14.498	16.758	18.875	20.892	22.932	24.893	26.894	28.842	30.796	32.731	34.675	36.594	38.523	40.451	42.393	44.263	46.198	48.1142
304.3	0	7.7183	11.72	14.307	16.544	18.641	20.638	22.658	24.602	26.584	28.516	30.455	32.375	34.307	36.212	38.128	40.045	41.977	43.839	45.7635	47.67
304.4	0	7.607	11.56	14.121	16.335	18.411	20.39	22.389	24.315	26.28	28.194	30.119	32.025	33.943	35.835	37.738	39.644	41.565	43.419	45.3325	47.2289
304.5	0	7.4984	11.404	13.939	16.131	18.187	20.147	22.126	24.035	25.981	27.879	29.788	31.679	33.585	35.462	37.353	39.247	41.157	43.003	44.905	46.791
304.6	0	7.3924	11.252	13.761	15.93	17.967	19.909	21.868	23.759	25.687	27.568	29.463	31.339	33.231	35.095	36.973	38.854	40.754	42.591	44.4815	46.3569
304.7	0	7.289	11.103	13.587	15.734	17.752	19.676	21.614	23.488	25.397	27.263	29.142	31.004	32.882	34.733	36.598	38.467	40.355	42.184	44.0625	45.9271
304.8	0	7.1881	10.958	13.416	15.543	17.542	19.447	21.366	23.223	25.114	26.963	28.827	30.673	32.538	34.375	36.227	38.083	39.96	41.78	43.6465	45.5001
304.9	0	7.0897	10.816	13.25	15.355	17.335	19.223	21.123	22.962	24.835	26.668	28.517	30.348	32.199	34.022	35.861	37.704	39.57	41.38	43.2345	45.0768
305	0	6.9936	10.677	13.087	15.172	17.133	19.004	20.884	22.707	24.561	26.378	28.212	30.027	31.865	33.674	35.5	37.33	39.184	40.985	42.827	44.6579
305.1	0	6.8999	10.541	12.927	14.992	16.935	18.789	20.65	22.456	24.292	26.093	27.912	29.712	31.536	33.331	35.144	36.96	38.803	40.594	42.4235	44.2428
305.2	0	6.8084	10.408	12.771	14.816	16.742	18.578	20.421	22.21	24.028	25.813	27.617	29.401	31.211	32.992	34.792	36.595	38.426	40.207	42.024	43.8316
305.3	0	6.7191	10.278	12.618	14.644	16.552	18.372	20.197	21.969	23.77	25.539	27.327	29.096	30.892	32.659	34.445	36.235	38.053	39.825	41.629	43.4248
305.4	0	6.632	10.151	12.468	14.475	16.366	18.17	19.977	21.732	23.515	25.269	27.041	28.795	30.577	32.33	34.103	35.879	37.685	39.447	41.238	43.0218
305.5	0	6.547	10.027	12.322	14.31	16.184	17.971	19.761	21.501	23.266	25.004	26.761	28.499	30.267	32.005	33.766	35.528	37.322	39.074	40.852	42.6238
305.6	0	6.464	9.9063	12.179	14.149	16.005	17.777	19.549	21.273	23.021	24.744	26.486	28.208	29.962	31.686	33.433	35.182	36.963	38.705	40.47	42.2297
305.7	0	6.3829	9.7879	12.039	13.991	15.831	17.587	19.342	21.05	22.781	24.488	26.215	27.922	29.661	31.371	33.105	34.841	36.609	38.341	40.093	41.8406
305.8	0	6.3038	9.6722	11.901	13.836	15.659	17.4	19.138	20.831	22.546	24.237	25.949	27.641	29.366	31.061	32.782	34.504	36.259	37.981	39.7195	41.4547
305.9	0	6.2266	9.5591	11.767	13.684	15.492	17.217	18.939	20.617	22.315	23.991	25.688	27.364	29.075	30.756	32.463	34.171	35.914	37.626	39.3515	41.0747
306	0	6.1511	9.4486	11.636	13.536	15.327	17.038	18.743	20.406	22.088	23.749	25.431	27.093	28.789	30.455	32.149	33.844	35.574	37.275	38.9875	40.6983
306.1	0	6.0774	9.3405	11.507	13.39	15.166	16.862	18.551	20.2	21.866	23.511	25.178	26.825	28.507	30.16	31.839	33.521	35.238	36.93	38.6295	40.3285
306.2	0	6.0054	9.2348	11.381	13.248	15.008	16.69	18.363	19.997	21.648	23.278	24.93	26.563	28.231	29.868	31.535	33.202	34.907	36.588	38.274	39.9604
306.3	0	5.9351	9.1315	11.258	13.108	14.853	16.521	18.179	19.799	21.434	23.049	24.687	26.304	27.958	29.582	31.234	32.889	34.58	36.251	37.924	39.5982
306.4	0	5.8664	9.0304	11.138	12.972	14.702	16.355	17.998	19.604	21.224	22.825	24.447	26.051	27.691	29.3	30.939	32.579	34.258	35.919	37.5785	39.2404
306.5	0	5.7992	8.9315	11.02	12.838	14.553	16.193	17.821	19.413	21.018	22.604	24.212	25.801	27.427	29.023	30.648	32.275	33.94	35.591	37.237	38.8864
306.6	0	5.7336	8.8348	10.905	12.707	14.408	16.033	17.647	19.225	20.816	22.388	23.981	25.556	27.168	28.75	30.362	31.975	33.626	35.268	36.9	38.5369
306.7	0	5.6695	8.7402	10.792	12.579	14.265	15.877	17.477	19.041	20.617	22.175	23.755	25.316	26.913	28.481	30.08	31.679	33.318	34.949	36.568	38.1926
306.8	0	5.6068	8.6477	10.681	12.453	14.125	15.724	17.31	18.861	20.422	21.967	23.532	25.079	26.663	28.217	29.803	31.388	33.013	34.635	36.24	37.8521
306.9	0	5.5455	8.5571	10.573	12.33	13.988	15.573	17.146	18.684	20.231	21.762	23.313	24.847	26.417	27.957	29.53	31.101	32.713	34.324	35.9155	37.5149
307	0	5.4856	8.4685	10.467	12.209	13.853	15.426	16.985	18.51	20.043	21.561	23.098	24.619	26.175	27.702	29.261	30.819	32.417	34.019	35.597	37.1842
307.1	0	5.4271	8.3817	10.363	12.091	13.721	15.281	16.827	18.339	19.859	21.363	22.887	24.395	25.937	27.45	28.997	30.541	32.126	33.717	35.2815	36.856
307.2	0	5.3698	8.2968	10.262	11.976	13.592	15.139	16.673	18.172	19.678	21.17	22.679	24.175	25.703	27.203	28.737	30.268	31.839	33.419	34.97	36.5317
307.3	0	5.3138	8.2136	10.162	11.862	13.465	15	16.521	18.008	19.501	20.979	22.476	23.958	25.473	26.96	28.481	29.999	31.556	33.126	34.6635	36.2127
307.4	0	5.2591	8.1322	10.065	11.751	13.341	14.863	16.372	17.847	19.327	20.792	22.275	23.745	25.247	26.721	28.229	29.734	31.278	32.836	34.3605	35.897
307.5	0	5.2056	8.0525	9.9698	11.643	13.219	14.729	16.226	17.689	19.155	20.609	22.079	23.537	25.025	26.486	27.981	29.473	31.004	32.551	34.0625	35.5866
307.6	0	5.1532	7.9745	9.8765	11.536	13.1	14.598	16.082	17.534	18.988	20.429	21.886	23.331	24.807	26.254	27.737	29.216	30.734	32.27	33.7685	35.2802
307.7	0	5.102	7.898	9.785	11.432	12.983	14.469	15.941	17.382	18.823	20.252	21.696	23.13	24.592	26.027	27.497	28.964	30.469	31.993	33.479	34.9783
307.8	0	5.0519	7.8232	9.6953	11.33	12.868	14.342	15.803	17.232	18.661	20.078	21.51	22.931	24.381	25.803	27.261	28.715	30.207	31.72	33.193	34.6799
307.9	0	5.0029	7.7498	9.6074	11.229	12.756	14.218	15.668	17.085	18.502	19.907	21.327	22.737	24.174	25.584	27.029	28.471	29.95	31.451	32.9115	34.386
308	0	4.9549	7.6779	9.5213	11.131	12.646	14.096	15.534	16.941	18.346	19.74	21.148	22.545	23.97	25.368	26.801	28.23	29.697	31.186	32.634	34.0962
308.1	0	4.9079	7.6075	9.4369	11.034	12.538	13.977	15.403	16.8	18.193	19.575	20.971	22.357	23.77	25.156	26.576	27.993	29.447	30.925	32.3605	33.8106
308.2	0	4.862	7.5384	9.3541	10.94	12.431	13.86	15.275	16.661	18.043	19.414	20.798	22.172	23.573	24.948	26.355	27.76	29.202	30.668	32.0915	33.5296
308.3	0	4.817	7.4708	9.273	10.847	12.327	13.744	15.148	16.524	17.896	19.255	20.628	21.99	23.379	24.743	26.137	27.531	28.96	30.414	31.8255	33.2515
308.4	0	4.773	7.4045	9.1933	10.756	12.225	13.631	15.024	16.39	17.751	19.099	20.46	21.812	23.189	24.541	25.923	27.305	28.723	30.165	31.565	32.9794
308.5	0	4.7299	7.3394	9.1152	10.666	12.125	13.521	14.902	16.258	17.608	18.946	20.296	21.636	23.002	24.343	25.713	27.083	28.489	29.92	31.308	32.7107
308.6	0	4.6878	7.2756	9.0386	10.579	12.026	13.412	14.783	16.129	17.468	18.796	20.135	21.464	22.817	24.148	25.506	26.865	28.259	29.678	31.0545	32.4455
308.7	0	4.6465	7.2131	8.9634	10.492	11.93	13.305	14.665	16.001	17.331	18.648	19.976	21.294	22.636	23.956	25.303	26.651	28.032	29.44	30.8045	32.1837
308.8	0	4.6062	7.1517	8.8896	10.408	11.835	13.2	14.549	15.876	17.196	18.503	19.82	21.128	22.458	23.768	25.103	26.439	27.809	29.206	30.559	31.9269
308.9	0	4.5666	7.0915	8.8172	10.325	11.742	13.097	14.436	15.753	17.064	18.361	19.667	20.964	22.283	23.582	24.906	26.232	27.59	28.975	30.317	31.6735
309	0	4.5279	7.0325	8.7461	10.243	11.65	12.996	14.324	15.632	16.933	18.22	19.516	20.803	22.111	23.4	24.713	26.027	27.375	28.748	30.079	31.4243
309.1	0	4.49	6.9746	8.6764	10.163	11.56	12.896	14.215	15.514	16.805	18.083	19.368	20.645	21.942	23.221	24.523	25.826	27.163	28.524	29.844	31.178
309.2	0	4.4529	6.9177	8.6079	10.084	11.472	12.799	14.107	15.397	16.679	17.947	19.223	20.489	21.776	23.044	24.336	25.629	26.954	28.304	29.613	30.9359
309.3	0	4.4166	6.8619	8.5406	10.007	11.385	12.703	14.002	15.282	16.555	17.814	19.08	20.337	21.612	22.871	24.152	25.435	26.749	28.088	29.3865	30.6987
309.4	0	4.381	6.8072	8.4746	9.9312	11.3	12.608	13.898	15.169	16.434	17.684	18.939	20.186	21.452	22.701	23.972	25.244	26.547	27.874	29.1615	30.4624
309.5	0	4.3462	6.7535	8.4097	9.8566	11.216	12.516	13.796	15.059	16.314	17.555	18.801	20.039	21.294	22.533	23.794	25.056	26.348	27.664	28.941	30.2312
309.6	0	4.3121	6.7008	8.3461	9.7833	11.133	12.425	13.696	14.95	16.197	17.428	18.665	19.893	21.139	22.368	23.619	24.871	26.153	27.458	28.725	30.0049
309.7	0	4.2787	6.649	8.2835	9.7112	11.052	12.335	13.597	14.843	16.081	17.304	18.532	19.75	20.986	22.206	23.447	24.689	25.96	27.254	28.5105	29.7797
309.8	0	4.246	6.5982	8.222	9.6404	10.973	12.247	13.501	14.738	15.967	17.182	18.4	19.61	20.836	22.047	23.278	24.51	25.771	27.054	28.3005	29.5594
309.9	0	4.214	6.5483	8.1616	9.5708	10.894	12.161	13.406	14.634	15.856	17.062	18.271	19.472	20.688	21.89	23.111	24.334	25.585	26.857	28.094	29.3429
310	0	4.1827	6.4993	8.1023	9.5024	10.817	12.076	13.312	14.533	15.746	16.943	18.143	19.336	20.542	21.735	22.947	24.16	25.402	26.663	27.8905	29.1295
310.1	0	4.152	6.4511	8.0439	9.4351	10.742	11.992	13.22	14.433	15.638	16.827	18.018	19.202	20.399	21.584	22.786	23.99	25.221	26.473	27.6905	28.9197
310.2	0	4.122	6.4039	7.9866	9.3689	10.667	11.91	13.13	14.334	15.531	16.712	17.895	19.07	20.259	21.434	22.628	23.822	25.044	26.285	27.493	28.7123
310.3	0	4.0926	6.3574	7.9302	9.3039	10.594	11.829	13.041	14.238	15.426	16.6	17.774	18.94	20.12	21.288	22.472	23.657	24.869	26.1	27.2985	28.5081
310.4	0	4.0638	6.3118	7.8748	9.2399	10.522	11.749	12.953	14.142	15.323	16.489	17.654	18.813	19.984	21.143	22.318	23.495	24.697	25.918	27.1075	28.3077
310.5	0	4.0356	6.267	7.8202	9.1769	10.451	11.67	12.867	14.049	15.222	16.38	17.537	18.687	19.85	21.001	22.168	23.335	24.528	25.739	26.919	28.1096
310.6	0	4.0079	6.2229	7.7666	9.115	10.381	11.593	12.782	13.956	15.122	16.272	17.421	18.564	19.718	20.861	22.019	23.177	24.362	25.563	26.7345	27.9162
310.7	0	3.9807	6.1796	7.7138	9.054	10.312	11.517	12.699	13.866	15.023	16.166	17.308	18.442	19.588	20.723	21.873	23.023	24.198	25.389	26.5515	27.7238
310.8	0	3.9541	6.1371	7.6619	8.994	10.245	11.442	12.616	13.776	14.927	16.062	17.196	18.322	19.46	20.587	21.729	22.87	24.036	25.218	26.3715	27.5348
310.9	0	3.9279	6.0952	7.6108	8.9349	10.178	11.368	12.535	13.688	14.831	15.96	17.085	18.204	19.334	20.453	21.587	22.72	23.877	25.05	26.195	27.3496
311	0	3.9021	6.054	7.5605	8.8767	10.112	11.296	12.456	13.601	14.737	15.859	16.977	18.088	19.21	20.322	21.448	22.572	23.721	24.884	26.0205	27.1662
311.1	0	3.8768	6.0135	7.511	8.8195	10.048	11.224	12.377	13.516	14.644	15.759	16.87	17.974	19.088	20.192	21.311	22.427	23.567	24.721	25.845	26.9828
311.2	0	3.8519	5.9736	7.4623	8.7631	9.9843	11.154	12.3	13.432	14.553	15.661	16.765	17.862	18.968	20.065	21.175	22.284	23.415	24.56	25.677	26.8062
311.3	0	3.8274	5.9344	7.4144	8.7076	9.9217	11.084	12.223	13.349	14.463	15.565	16.661	17.751	18.849	19.939	21.042	22.143	23.266	24.402	25.511	26.6319
311.4	0	3.8032	5.8958	7.3672	8.6529	9.8601	11.016	12.148	13.267	14.375	15.47	16.559	17.642	18.733	19.815	20.911	22.004	23.119	24.246	25.347	26.4596
311.5	0	3.7794	5.8578	7.3208	8.5991	9.7994	10.949	12.074	13.186	14.287	15.376	16.459	17.535	18.618	19.693	20.782	21.867	22.974	24.093	25.186	26.2906
311.6	0	3.7559	5.8204	7.2751	8.5461	9.7396	10.882	12.001	13.107	14.201	15.283	16.36	17.429	18.505	19.573	20.654	21.732	22.831	23.942	25.027	26.124
311.7	0	3.7328	5.7835	7.2301	8.4939	9.6807	10.817	11.93	13.029	14.117	15.192	16.262	17.325	18.394	19.455	20.529	21.599	22.69	23.793	24.871	25.9598
311.8	0	3.7099	5.7473	7.1858	8.4425	9.6227	10.753	11.859	12.952	14.033	15.102	16.166	17.222	18.284	19.338	20.405	21.468	22.551	23.646	24.717	25.798
311.9	0	3.6874	5.7115	7.1422	8.3918	9.5656	10.689	11.789	12.876	13.95	15.014	16.071	17.121	18.176	19.224	20.283	21.339	22.414	23.501	24.566	25.639
312	0	3.6652	5.6764	7.0992	8.3419	9.5094	10.627	11.721	12.801	13.869	14.926	15.978	17.021	18.069	19.11	20.163	21.212	22.279	23.359	24.416	25.4817
312.1	0	3.6432	5.6417	7.0569	8.2927	9.4539	10.565	11.653	12.727	13.789	14.84	15.885	16.922	17.964	18.999	20.045	21.086	22.146	23.218	24.269	25.3268
312.2	0	3.6216	5.6076	7.0151	8.2443	9.3993	10.505	11.586	12.654	13.71	14.755	15.794	16.826	17.861	18.889	19.928	20.962	22.015	23.08	24.124	25.1748
312.3	0	3.6002	5.5739	6.974	8.1965	9.3455	10.445	11.521	12.583	13.632	14.672	15.705	16.73	17.759	18.781	19.813	20.841	21.886	22.943	23.981	25.0242
312.4	0	3.5791	5.5408	6.9335	8.1494	9.2924	10.386	11.456	12.512	13.555	14.589	15.616	16.636	17.658	18.674	19.7	20.721	21.759	22.809	23.84	24.8762
312.5	0	3.5583	5.5081	6.8936	8.1031	9.2401	10.328	11.392	12.442	13.48	14.508	15.529	16.542	17.559	18.569	19.588	20.602	21.633	22.676	23.702	24.7308
312.6	0	3.5378	5.4759	6.8542	8.0573	9.1885	10.271	11.329	12.374	13.405	14.427	15.443	16.451	17.461	18.465	19.478	20.485	21.51	22.546	23.565	24.5873
312.7	0	3.5175	5.4442	6.8154	8.0122	9.1376	10.214	11.267	12.306	13.331	14.348	15.358	16.36	17.365	18.363	19.369	20.37	21.388	22.417	23.429	24.4447
312.8	0	3.4975	5.4129	6.7772	7.9678	9.0874	10.159	11.205	12.239	13.259	14.27	15.274	16.271	17.269	18.262	19.262	20.257	21.267	22.289	23.296	24.3042
312.9	0	3.4777	5.3821	6.7395	7.924	9.0379	10.104	11.145	12.173	13.187	14.193	15.192	16.183	17.175	18.162	19.157	20.145	21.149	22.164	23.165	24.1665
313	0	3.4582	5.3517	6.7024	7.8808	8.9891	10.05	11.085	12.108	13.117	14.117	15.11	16.096	17.083	18.064	19.052	20.035	21.032	22.04	23.035	24.0301
313.1	0	3.439	5.3217	6.6657	7.8382	8.9409	9.9963	11.027	12.044	13.047	14.042	15.03	16.01	16.991	17.967	18.95	19.927	20.917	21.919	22.907	23.8958
313.2	0	3.42	5.2921	6.6296	7.7962	8.8934	9.9436	10.968	11.981	12.978	13.968	14.95	15.926	16.901	17.872	18.849	19.82	20.803	21.798	22.781	23.7628
313.3	0	3.4012	5.263	6.5939	7.7547	8.8465	9.8915	10.911	11.918	12.911	13.895	14.872	15.842	16.813	17.778	18.749	19.714	20.691	21.68	22.657	23.6328
313.4	0	3.3828	5.2343	6.5588	7.7139	8.8002	9.8402	10.855	11.857	12.844	13.823	14.795	15.76	16.725	17.685	18.651	19.61	20.581	21.563	22.534	23.5035
313.5	0	3.3645	5.2059	6.5241	7.6735	8.7546	9.7895	10.799	11.796	12.778	13.752	14.719	15.679	16.638	17.593	18.554	19.507	20.472	21.448	22.413	23.3765
313.6	0	3.3465	5.178	6.4899	7.6338	8.7095	9.7395	10.744	11.736	12.713	13.682	14.644	15.598	16.553	17.503	18.458	19.406	20.365	21.334	22.293	23.2506
313.7	0	3.3288	5.1505	6.4561	7.5945	8.665	9.6901	10.689	11.677	12.649	13.613	14.57	15.519	16.469	17.413	18.363	19.306	20.26	21.222	22.175	23.1272
313.8	0	3.3113	5.1233	6.4228	7.5558	8.6211	9.6414	10.636	11.618	12.585	13.544	14.496	15.441	16.386	17.325	18.27	19.208	20.155	21.111	22.059	23.0049
313.9	0	3.294	5.0966	6.3899	7.5176	8.5777	9.5932	10.583	11.56	12.523	13.477	14.424	15.364	16.304	17.238	18.178	19.11	20.053	21.002	21.944	22.8846
