0	0	0.1	0.2	0.3	0.4	0.5	0.6	0.7	0.8	0.9	1	1.1	1.2	1.3	1.4	1.5
263.7	0	-0.018135	-0.055643	-0.09399	-0.13215	-0.17116	-0.21097	-0.25114	-0.29151	-0.33204	-0.37272	-0.41337	-0.45402	-0.49467	-0.5351	-0.57525
263.8	0.22032	0.20212	0.16449	0.12601	0.087728	0.048607	0.008681	-0.03163	-0.072142	-0.11281	-0.15363	-0.19444	-0.23522	-0.276	-0.31657	-0.35685
263.9	0.44054	0.42229	0.38454	0.34593	0.30752	0.26828	0.22825	0.18781	0.14716	0.10635	0.065388	0.024444	-0.016478	-0.057385	-0.098087	-0.13851
264	0.66121	0.64291	0.60504	0.5663	0.52776	0.48842	0.44827	0.40771	0.36692	0.32598	0.28488	0.2438	0.20275	0.16172	0.12088	0.080324
264.1	0.88218	0.86382	0.82583	0.78696	0.7483	0.70884	0.6686	0.62791	0.58698	0.54591	0.50469	0.46348	0.4223	0.38114	0.34018	0.29948
264.2	1.1034	1.085	1.0469	1.0079	0.96911	0.92953	0.88918	0.84838	0.80731	0.76611	0.72476	0.68343	0.64213	0.60084	0.55975	0.51892
264.3	1.3252	1.3068	1.2686	1.2294	1.1905	1.1508	1.1104	1.0694	1.0282	0.98692	0.94545	0.90399	0.86257	0.82117	0.77995	0.73899
264.4	1.5478	1.5293	1.491	1.4517	1.4127	1.3729	1.3323	1.2912	1.2499	1.2085	1.1669	1.1253	1.0838	1.0422	1.0009	0.9598
264.5	1.771	1.7524	1.714	1.6747	1.6355	1.5955	1.5549	1.5137	1.4722	1.4307	1.389	1.3473	1.3056	1.264	1.2225	1.1813
264.6	1.9948	1.9761	1.9376	1.8981	1.8588	1.8187	1.778	1.7367	1.6951	1.6534	1.6116	1.5698	1.528	1.4862	1.4447	1.4033
264.7	2.2185	2.1998	2.1611	2.1216	2.0821	2.0419	2.001	1.9596	1.9179	1.8761	1.8341	1.7922	1.7504	1.7085	1.6668	1.6253
264.8	2.4415	2.4227	2.384	2.3443	2.3047	2.2644	2.2233	2.1818	2.14	2.098	2.056	2.014	1.972	1.93	1.8881	1.8465
264.9	2.664	2.6452	2.6063	2.5665	2.5268	2.4863	2.4452	2.4036	2.3616	2.3195	2.2773	2.2352	2.1931	2.151	2.109	2.0673
265	2.8863	2.8674	2.8285	2.7885	2.7487	2.7081	2.6668	2.6251	2.5829	2.5407	2.4984	2.4562	2.414	2.3718	2.3297	2.2878
265.1	3.1086	3.0897	3.0506	3.0105	2.9705	2.9298	2.8884	2.8465	2.8043	2.7619	2.7195	2.6771	2.6348	2.5925	2.5503	2.5083
265.2	3.331	3.312	3.2728	3.2326	3.1924	3.1515	3.11	3.068	3.0256	2.9831	2.9406	2.8981	2.8557	2.8133	2.7709	2.7288
265.3	3.5532	3.5342	3.4948	3.4546	3.4142	3.3732	3.3315	3.2894	3.2469	3.2043	3.1616	3.119	3.0765	3.0339	2.9915	2.9493
265.4	3.7755	3.7564	3.7169	3.6765	3.6361	3.5948	3.553	3.5108	3.4682	3.4254	3.3826	3.3399	3.2972	3.2546	3.212	3.1697
265.5	3.998	3.9788	3.9392	3.8987	3.858	3.8167	3.7747	3.7324	3.6896	3.6467	3.6038	3.561	3.5182	3.4754	3.4328	3.3903
265.6	4.2208	4.2015	4.1618	4.1211	4.0803	4.0388	3.9967	3.9542	3.9113	3.8682	3.8252	3.7823	3.7394	3.6965	3.6537	3.6111
265.7	4.4439	4.4245	4.3847	4.3439	4.3029	4.2612	4.2189	4.1763	4.1333	4.0901	4.047	4.0039	3.9609	3.9179	3.875	3.8323
265.8	4.6672	4.6478	4.6078	4.5668	4.5257	4.4838	4.4414	4.3986	4.3555	4.3122	4.2689	4.2257	4.1826	4.1394	4.0965	4.0537
265.9	4.8902	4.8708	4.8306	4.7895	4.7482	4.7062	4.6636	4.6207	4.5774	4.534	4.4906	4.4473	4.404	4.3607	4.3176	4.2747
266	5.1131	5.0935	5.0533	5.012	4.9705	4.9283	4.8856	4.8425	4.7991	4.7556	4.7121	4.6686	4.6251	4.5818	4.5386	4.4955
266.1	5.3359	5.3163	5.2759	5.2345	5.1929	5.1504	5.1076	5.0644	5.0208	4.9772	4.9335	4.8899	4.8463	4.8028	4.7595	4.7163
266.2	5.5587	5.539	5.4985	5.4569	5.4152	5.3726	5.3295	5.2862	5.2425	5.1987	5.1549	5.1111	5.0674	5.0237	4.9803	4.937
266.3	5.7816	5.7619	5.7212	5.6795	5.6376	5.5948	5.5516	5.5081	5.4643	5.4203	5.3764	5.3325	5.2886	5.2448	5.2012	5.1579
266.4	6.0048	5.985	5.9442	5.9023	5.8602	5.8173	5.7739	5.7303	5.6863	5.6422	5.5982	5.5541	5.51	5.4661	5.4224	5.3789
266.5	6.2279	6.208	6.1671	6.1251	6.0828	6.0397	5.9962	5.9524	5.9083	5.8641	5.8198	5.7756	5.7314	5.6873	5.6435	5.5999
266.6	6.4509	6.431	6.3899	6.3477	6.3053	6.2621	6.2184	6.1745	6.1302	6.0858	6.0415	5.9971	5.9527	5.9084	5.8645	5.8208
266.7	6.6741	6.6541	6.6129	6.5706	6.5281	6.4847	6.4408	6.3967	6.3523	6.3078	6.2633	6.2188	6.1742	6.1298	6.0858	6.042
266.8	6.8973	6.8773	6.8359	6.7935	6.7508	6.7073	6.6633	6.619	6.5745	6.5299	6.4852	6.4405	6.3958	6.3512	6.307	6.2631
266.9	7.1204	7.1003	7.0589	7.0163	6.9735	6.9298	6.8857	6.8413	6.7966	6.7518	6.707	6.6622	6.6174	6.5726	6.5283	6.4843
267	7.3435	7.3233	7.2818	7.239	7.1961	7.1523	7.108	7.0635	7.0187	6.9738	6.9288	6.8839	6.8389	6.794	6.7495	6.7054
267.1	7.5663	7.5461	7.5044	7.4615	7.4185	7.3746	7.3301	7.2855	7.2405	7.1955	7.1504	7.1053	7.0602	7.0152	6.9705	6.9263
267.2	7.7892	7.7689	7.7271	7.6841	7.6409	7.5969	7.5523	7.5075	7.4624	7.4173	7.3721	7.3268	7.2816	7.2364	7.1917	7.1473
267.3	8.0126	7.9923	7.9503	7.9072	7.8639	7.8198	7.7751	7.7301	7.6849	7.6396	7.5942	7.5489	7.5035	7.4582	7.4133	7.3688
267.4	8.2363	8.216	8.1739	8.1306	8.0873	8.043	7.9982	7.9531	7.9077	7.8623	7.8168	7.7713	7.7258	7.6804	7.6354	7.5908
267.5	8.4602	8.4398	8.3976	8.3541	8.3107	8.2663	8.2214	8.1761	8.1306	8.0851	8.0394	7.9938	7.9482	7.9027	7.8575	7.8128
267.6	8.6842	8.6637	8.6214	8.5778	8.5343	8.4898	8.4447	8.3993	8.3537	8.308	8.2622	8.2165	8.1707	8.1251	8.0798	8.0349
267.7	8.9083	8.8878	8.8453	8.8016	8.7579	8.7133	8.6681	8.6226	8.5768	8.531	8.4851	8.4392	8.3934	8.3476	8.3022	8.2572
267.8	9.1325	9.1119	9.0693	9.0255	8.9817	8.937	8.8917	8.846	8.8001	8.7541	8.7081	8.6621	8.6161	8.5702	8.5247	8.4796
267.9	9.3569	9.3362	9.2935	9.2496	9.2056	9.1608	9.1154	9.0696	9.0235	8.9774	8.9312	8.8851	8.839	8.7931	8.7474	8.7022
268	9.5811	9.5604	9.5175	9.4734	9.4294	9.3845	9.3389	9.293	9.2468	9.2005	9.1542	9.1079	9.0618	9.0157	8.9699	8.9245
268.1	9.805	9.7842	9.7412	9.697	9.6528	9.6078	9.5621	9.516	9.4697	9.4233	9.3768	9.3304	9.2842	9.238	9.1921	9.1466
268.2	10.029	10.008	9.9648	9.9205	9.8762	9.831	9.7852	9.739	9.6925	9.646	9.5994	9.5529	9.5065	9.4602	9.4142	9.3686
268.3	10.253	10.232	10.189	10.144	10.1	10.054	10.009	9.9622	9.9156	9.8689	9.8221	9.7755	9.729	9.6826	9.6365	9.5907
268.4	10.477	10.456	10.413	10.368	10.323	10.278	10.232	10.186	10.139	10.092	10.045	9.9983	9.9517	9.9052	9.859	9.8131
268.5	10.701	10.68	10.637	10.592	10.547	10.502	10.456	10.409	10.362	10.315	10.268	10.221	10.174	10.128	10.082	10.036
268.6	10.926	10.905	10.861	10.816	10.771	10.726	10.679	10.632	10.585	10.538	10.491	10.444	10.397	10.351	10.304	10.258
268.7	11.15	11.129	11.085	11.04	10.995	10.95	10.903	10.856	10.809	10.762	10.714	10.667	10.62	10.573	10.527	10.481
268.8	11.376	11.354	11.31	11.265	11.22	11.174	11.127	11.08	11.033	10.986	10.938	10.891	10.844	10.797	10.75	10.704
268.9	11.601	11.579	11.535	11.49	11.445	11.399	11.352	11.305	11.257	11.21	11.162	11.115	11.067	11.02	10.973	10.927
269	11.826	11.804	11.76	11.714	11.669	11.623	11.576	11.529	11.481	11.433	11.386	11.338	11.29	11.243	11.196	11.15
269.1	12.05	12.029	11.984	11.939	11.893	11.847	11.8	11.752	11.704	11.656	11.609	11.561	11.513	11.466	11.419	11.372
269.2	12.274	12.253	12.208	12.163	12.117	12.07	12.023	11.976	11.928	11.88	11.832	11.784	11.736	11.688	11.641	11.594
269.3	12.499	12.477	12.433	12.387	12.341	12.294	12.247	12.199	12.151	12.103	12.055	12.007	11.959	11.911	11.863	11.816
269.4	12.723	12.702	12.657	12.611	12.565	12.518	12.47	12.423	12.374	12.326	12.278	12.23	12.182	12.134	12.086	12.039
269.5	12.948	12.926	12.881	12.835	12.789	12.742	12.694	12.646	12.598	12.549	12.501	12.453	12.404	12.356	12.308	12.261
269.6	13.172	13.15	13.105	13.059	13.013	12.966	12.918	12.87	12.821	12.772	12.724	12.675	12.627	12.579	12.531	12.483
269.7	13.397	13.375	13.329	13.283	13.237	13.189	13.141	13.093	13.044	12.996	12.947	12.898	12.85	12.801	12.753	12.705
269.8	13.622	13.6	13.554	13.508	13.461	13.414	13.366	13.317	13.268	13.219	13.17	13.122	13.073	13.024	12.976	12.928
269.9	13.847	13.825	13.78	13.733	13.686	13.639	13.59	13.542	13.493	13.444	13.395	13.346	13.297	13.248	13.2	13.152
270	14.073	14.051	14.005	13.958	13.911	13.862	13.814	13.765	13.716	13.667	13.618	13.569	13.52	13.471	13.422	13.374
270.1	14.298	14.276	14.23	14.183	14.135	14.086	14.037	13.988	13.939	13.89	13.841	13.791	13.742	13.693	13.644	13.596
270.2	14.523	14.501	14.455	14.408	14.36	14.311	14.262	14.213	14.163	14.114	14.065	14.015	13.966	13.917	13.868	13.819
270.3	14.749	14.726	14.68	14.633	14.585	14.535	14.486	14.437	14.388	14.338	14.288	14.239	14.189	14.14	14.091	14.042
270.4	14.974	14.952	14.906	14.858	14.81	14.76	14.711	14.662	14.612	14.562	14.512	14.463	14.413	14.364	14.314	14.265
270.5	15.199	15.177	15.131	15.083	15.035	14.985	14.936	14.886	14.836	14.786	14.736	14.686	14.637	14.587	14.538	14.489
270.6	15.424	15.402	15.356	15.308	15.259	15.209	15.16	15.11	15.06	15.01	14.96	14.91	14.86	14.81	14.76	14.711
270.7	15.65	15.627	15.581	15.533	15.484	15.434	15.384	15.334	15.284	15.234	15.183	15.133	15.083	15.033	14.983	14.934
270.8	15.875	15.852	15.806	15.758	15.709	15.658	15.609	15.558	15.508	15.458	15.407	15.357	15.307	15.257	15.207	15.157
270.9	16.101	16.078	16.031	15.983	15.934	15.884	15.833	15.783	15.732	15.682	15.631	15.581	15.531	15.48	15.43	15.381
271	16.327	16.304	16.257	16.209	16.159	16.109	16.058	16.008	15.957	15.907	15.856	15.805	15.755	15.704	15.654	15.604
271.1	16.553	16.53	16.483	16.434	16.385	16.334	16.284	16.233	16.182	16.131	16.08	16.029	15.979	15.928	15.878	15.828
271.2	16.779	16.756	16.709	16.66	16.61	16.559	16.509	16.458	16.407	16.356	16.304	16.254	16.203	16.152	16.102	16.051
271.3	17.005	16.982	16.935	16.886	16.836	16.785	16.734	16.683	16.631	16.58	16.529	16.478	16.427	16.376	16.325	16.275
271.4	17.231	17.208	17.161	17.112	17.061	17.01	16.959	16.908	16.856	16.805	16.754	16.702	16.651	16.6	16.549	16.499
271.5	17.458	17.435	17.387	17.337	17.287	17.236	17.184	17.133	17.081	17.03	16.978	16.927	16.875	16.824	16.773	16.723
271.6	17.684	17.661	17.613	17.563	17.513	17.461	17.41	17.358	17.306	17.255	17.203	17.151	17.1	17.048	16.997	16.947
271.7	17.911	17.887	17.839	17.79	17.739	17.687	17.635	17.583	17.531	17.48	17.428	17.376	17.324	17.273	17.222	17.171
271.8	18.137	18.114	18.066	18.016	17.965	17.913	17.861	17.809	17.757	17.705	17.652	17.601	17.549	17.497	17.446	17.395
271.9	18.364	18.341	18.292	18.242	18.191	18.139	18.087	18.034	17.982	17.93	17.877	17.825	17.773	17.721	17.67	17.619
272	18.591	18.567	18.519	18.468	18.417	18.365	18.312	18.26	18.207	18.155	18.102	18.05	17.998	17.946	17.894	17.843
272.1	18.818	18.794	18.745	18.695	18.643	18.59	18.538	18.485	18.433	18.38	18.327	18.275	18.222	18.17	18.118	18.067
272.2	19.045	19.021	18.972	18.921	18.869	18.817	18.764	18.711	18.658	18.605	18.552	18.5	18.447	18.395	18.343	18.291
272.3	19.272	19.248	19.198	19.147	19.095	19.043	18.99	18.937	18.884	18.83	18.777	18.724	18.672	18.619	18.567	18.515
272.4	19.498	19.474	19.424	19.373	19.321	19.268	19.215	19.162	19.108	19.055	19.002	18.949	18.896	18.843	18.791	18.739
272.5	19.724	19.7	19.65	19.599	19.546	19.493	19.44	19.386	19.333	19.279	19.226	19.173	19.119	19.067	19.014	18.962
272.6	19.95	19.926	19.876	19.824	19.772	19.718	19.665	19.611	19.557	19.504	19.45	19.397	19.343	19.29	19.238	19.185
272.7	20.176	20.152	20.102	20.05	19.997	19.943	19.89	19.836	19.782	19.728	19.674	19.621	19.567	19.514	19.461	19.409
272.8	20.403	20.379	20.328	20.276	20.223	20.169	20.115	20.061	20.007	19.953	19.899	19.845	19.791	19.738	19.685	19.633
272.9	20.63	20.605	20.555	20.502	20.449	20.395	20.341	20.287	20.232	20.178	20.124	20.07	20.016	19.962	19.909	19.857
273	20.857	20.832	20.781	20.729	20.675	20.621	20.567	20.512	20.458	20.403	20.349	20.295	20.24	20.187	20.133	20.081
273.1	21.084	21.059	21.008	20.955	20.902	20.847	20.793	20.738	20.683	20.629	20.574	20.52	20.465	20.411	20.358	20.305
273.2	21.311	21.286	21.235	21.182	21.128	21.074	21.019	20.964	20.909	20.855	20.8	20.745	20.691	20.636	20.583	20.53
273.3	21.539	21.514	21.463	21.41	21.356	21.301	21.246	21.191	21.136	21.081	21.026	20.971	20.916	20.862	20.808	20.755
273.4	21.768	21.743	21.691	21.638	21.583	21.528	21.473	21.418	21.363	21.307	21.252	21.197	21.142	21.088	21.034	20.98
273.5	21.996	21.971	21.919	21.866	21.811	21.756	21.701	21.645	21.59	21.534	21.479	21.424	21.369	21.314	21.26	21.206
273.6	22.225	22.2	22.147	22.094	22.039	21.983	21.928	21.872	21.817	21.761	21.706	21.65	21.595	21.54	21.486	21.432
273.7	22.453	22.428	22.376	22.322	22.267	22.211	22.155	22.099	22.043	21.988	21.932	21.876	21.821	21.766	21.711	21.657
273.8	22.681	22.656	22.604	22.549	22.494	22.438	22.382	22.326	22.27	22.214	22.158	22.103	22.047	21.992	21.937	21.883
273.9	22.91	22.885	22.832	22.778	22.722	22.666	22.61	22.554	22.497	22.441	22.385	22.329	22.274	22.218	22.163	22.109
274	23.139	23.113	23.061	23.006	22.95	22.894	22.838	22.781	22.725	22.668	22.612	22.556	22.5	22.445	22.389	22.335
274.1	23.368	23.342	23.289	23.234	23.178	23.122	23.066	23.009	22.952	22.896	22.839	22.783	22.727	22.671	22.616	22.561
274.2	23.596	23.571	23.518	23.462	23.406	23.349	23.293	23.236	23.179	23.122	23.066	23.009	22.953	22.897	22.842	22.787
274.3	23.825	23.799	23.746	23.69	23.634	23.577	23.52	23.463	23.406	23.349	23.292	23.236	23.179	23.123	23.068	23.012
274.4	24.054	24.028	23.974	23.919	23.862	23.805	23.748	23.691	23.633	23.576	23.519	23.463	23.406	23.35	23.294	23.238
274.5	24.283	24.257	24.203	24.147	24.091	24.033	23.976	23.919	23.861	23.804	23.746	23.69	23.633	23.576	23.52	23.464
274.6	24.512	24.486	24.432	24.376	24.319	24.261	24.204	24.147	24.089	24.031	23.974	23.917	23.86	23.803	23.746	23.691
274.7	24.741	24.715	24.661	24.605	24.547	24.489	24.432	24.374	24.316	24.258	24.201	24.144	24.086	24.029	23.973	23.917
274.8	24.97	24.944	24.889	24.833	24.776	24.717	24.66	24.602	24.543	24.485	24.428	24.37	24.313	24.256	24.199	24.143
274.9	25.199	25.172	25.118	25.061	25.004	24.945	24.887	24.829	24.77	24.712	24.654	24.596	24.539	24.481	24.424	24.368
275	25.428	25.401	25.346	25.29	25.232	25.173	25.115	25.056	24.997	24.939	24.88	24.823	24.765	24.707	24.65	24.594
275.1	25.657	25.63	25.575	25.519	25.461	25.402	25.343	25.284	25.225	25.166	25.108	25.05	24.992	24.934	24.877	24.82
275.2	25.886	25.86	25.804	25.747	25.689	25.63	25.571	25.512	25.452	25.393	25.335	25.276	25.218	25.161	25.103	25.046
275.3	26.116	26.089	26.034	25.976	25.918	25.859	25.799	25.74	25.68	25.621	25.562	25.504	25.445	25.387	25.329	25.272
275.4	26.346	26.319	26.263	26.206	26.147	26.087	26.028	25.968	25.908	25.849	25.79	25.731	25.672	25.614	25.556	25.499
275.5	26.575	26.548	26.492	26.435	26.376	26.316	26.256	26.196	26.136	26.076	26.017	25.958	25.899	25.841	25.783	25.725
275.6	26.805	26.778	26.722	26.664	26.605	26.545	26.485	26.425	26.364	26.304	26.245	26.185	26.127	26.068	26.01	25.952
275.7	27.036	27.008	26.952	26.894	26.835	26.774	26.714	26.653	26.593	26.533	26.473	26.413	26.354	26.295	26.237	26.179
275.8	27.266	27.239	27.182	27.124	27.064	27.004	26.943	26.882	26.822	26.761	26.701	26.641	26.582	26.523	26.464	26.406
275.9	27.497	27.469	27.412	27.354	27.294	27.233	27.172	27.111	27.05	26.99	26.929	26.869	26.809	26.75	26.691	26.633
276	27.728	27.7	27.643	27.584	27.524	27.463	27.402	27.34	27.279	27.218	27.157	27.097	27.037	26.978	26.919	26.86
276.1	27.958	27.931	27.873	27.814	27.754	27.692	27.631	27.569	27.508	27.447	27.386	27.325	27.265	27.205	27.146	27.087
276.2	28.189	28.161	28.103	28.044	27.983	27.922	27.86	27.798	27.737	27.675	27.614	27.553	27.493	27.433	27.373	27.314
276.3	28.42	28.392	28.334	28.274	28.213	28.151	28.089	28.027	27.965	27.903	27.842	27.781	27.72	27.66	27.6	27.541
276.4	28.65	28.622	28.564	28.504	28.442	28.38	28.318	28.256	28.194	28.132	28.07	28.008	27.948	27.887	27.827	27.768
276.5	28.881	28.853	28.794	28.734	28.672	28.61	28.547	28.485	28.422	28.36	28.298	28.236	28.175	28.114	28.054	27.994
276.6	29.112	29.084	29.025	28.964	28.902	28.84	28.777	28.714	28.651	28.589	28.526	28.464	28.403	28.342	28.282	28.222
276.7	29.344	29.315	29.256	29.195	29.133	29.07	29.007	28.944	28.881	28.818	28.755	28.693	28.631	28.57	28.51	28.45
276.8	29.576	29.547	29.487	29.426	29.364	29.3	29.237	29.174	29.111	29.048	28.985	28.922	28.86	28.799	28.738	28.678
276.9	29.808	29.779	29.719	29.658	29.595	29.532	29.468	29.404	29.341	29.278	29.215	29.152	29.09	29.028	28.967	28.906
277	30.041	30.012	29.952	29.89	29.827	29.763	29.699	29.635	29.572	29.508	29.445	29.382	29.319	29.258	29.196	29.135
277.1	30.274	30.245	30.185	30.123	30.059	29.995	29.931	29.867	29.803	29.739	29.675	29.612	29.549	29.487	29.426	29.365
277.2	30.508	30.478	30.418	30.355	30.292	30.227	30.163	30.098	30.034	29.97	29.906	29.843	29.78	29.717	29.655	29.594
277.3	30.741	30.712	30.651	30.588	30.524	30.459	30.394	30.329	30.265	30.201	30.137	30.073	30.01	29.947	29.885	29.824
277.4	30.974	30.945	30.883	30.82	30.756	30.691	30.625	30.56	30.496	30.431	30.367	30.303	30.239	30.176	30.114	30.052
277.5	31.207	31.177	31.116	31.052	30.988	30.922	30.857	30.791	30.726	30.661	30.597	30.532	30.469	30.405	30.343	30.281
277.6	31.44	31.41	31.348	31.284	31.219	31.153	31.087	31.022	30.956	30.891	30.826	30.762	30.698	30.634	30.572	30.509
277.7	31.672	31.642	31.58	31.516	31.45	31.384	31.318	31.252	31.186	31.121	31.056	30.991	30.927	30.863	30.8	30.738
277.8	31.905	31.874	31.812	31.747	31.682	31.615	31.549	31.482	31.417	31.351	31.286	31.221	31.156	31.092	31.029	30.966
277.9	32.137	32.107	32.044	31.979	31.913	31.847	31.78	31.713	31.647	31.581	31.515	31.45	31.386	31.321	31.258	31.195
278	32.37	32.34	32.277	32.212	32.145	32.078	32.011	31.944	31.878	31.811	31.746	31.68	31.615	31.551	31.487	31.424
278.1	32.604	32.573	32.51	32.444	32.377	32.31	32.242	32.175	32.108	32.042	31.976	31.91	31.845	31.78	31.716	31.653
278.2	32.837	32.806	32.742	32.677	32.61	32.542	32.474	32.407	32.339	32.273	32.206	32.141	32.075	32.01	31.946	31.882
278.3	33.071	33.04	32.976	32.91	32.842	32.774	32.706	32.638	32.571	32.504	32.437	32.371	32.305	32.24	32.175	32.111
278.4	33.305	33.274	33.21	33.143	33.076	33.007	32.939	32.87	32.803	32.735	32.669	32.602	32.536	32.471	32.406	32.341
278.5	33.54	33.509	33.444	33.378	33.31	33.241	33.172	33.103	33.035	32.968	32.901	32.834	32.768	32.702	32.637	32.572
278.6	33.775	33.744	33.679	33.612	33.544	33.475	33.406	33.337	33.268	33.2	33.133	33.066	33	32.933	32.868	32.803
278.7	34.011	33.979	33.914	33.846	33.778	33.708	33.639	33.57	33.501	33.433	33.365	33.298	33.231	33.165	33.099	33.034
278.8	34.246	34.214	34.148	34.081	34.012	33.942	33.872	33.803	33.734	33.665	33.597	33.53	33.463	33.396	33.33	33.264
278.9	34.481	34.449	34.383	34.315	34.246	34.176	34.106	34.036	33.966	33.897	33.829	33.761	33.694	33.627	33.561	33.495
279	34.716	34.684	34.618	34.549	34.48	34.41	34.339	34.269	34.199	34.13	34.061	33.993	33.926	33.858	33.792	33.726
279.1	34.952	34.92	34.853	34.784	34.714	34.644	34.573	34.502	34.432	34.363	34.294	34.225	34.157	34.09	34.023	33.957
279.2	35.188	35.155	35.088	35.019	34.949	34.878	34.807	34.736	34.665	34.595	34.526	34.457	34.389	34.321	34.254	34.188
279.3	35.424	35.391	35.324	35.254	35.184	35.112	35.041	34.969	34.899	34.828	34.759	34.69	34.621	34.553	34.485	34.419
279.4	35.66	35.627	35.559	35.49	35.419	35.347	35.275	35.203	35.132	35.062	34.992	34.922	34.853	34.785	34.717	34.65
279.5	35.897	35.864	35.796	35.725	35.654	35.582	35.51	35.438	35.366	35.295	35.225	35.155	35.086	35.017	34.949	34.882
279.6	36.134	36.101	36.032	35.962	35.89	35.817	35.745	35.672	35.6	35.529	35.459	35.388	35.319	35.25	35.181	35.114
279.7	36.372	36.338	36.269	36.198	36.126	36.053	35.98	35.907	35.835	35.763	35.692	35.622	35.552	35.482	35.414	35.346
279.8	36.609	36.575	36.505	36.434	36.362	36.288	36.215	36.142	36.069	35.997	35.926	35.855	35.785	35.715	35.646	35.578
279.9	36.846	36.812	36.742	36.67	36.597	36.524	36.45	36.377	36.303	36.231	36.159	36.088	36.017	35.947	35.878	35.81
280	37.083	37.049	36.978	36.906	36.833	36.759	36.685	36.611	36.538	36.465	36.393	36.321	36.25	36.18	36.11	36.042
280.1	37.32	37.286	37.215	37.142	37.069	36.994	36.92	36.846	36.772	36.698	36.626	36.554	36.483	36.412	36.342	36.274
280.2	37.558	37.523	37.452	37.379	37.304	37.23	37.155	37.08	37.006	36.932	36.86	36.788	36.716	36.645	36.575	36.506
280.3	37.796	37.761	37.689	37.615	37.541	37.465	37.39	37.315	37.241	37.167	37.094	37.021	36.949	36.878	36.807	36.738
280.4	38.034	37.999	37.926	37.852	37.777	37.701	37.626	37.551	37.476	37.401	37.328	37.255	37.183	37.111	37.04	36.971
280.5	38.272	38.237	38.164	38.09	38.014	37.938	37.862	37.786	37.711	37.636	37.562	37.489	37.417	37.345	37.274	37.204
280.6	38.511	38.476	38.402	38.327	38.251	38.175	38.098	38.022	37.946	37.871	37.797	37.724	37.651	37.578	37.507	37.437
280.7	38.75	38.714	38.641	38.565	38.489	38.412	38.335	38.258	38.182	38.107	38.032	37.958	37.885	37.813	37.741	37.67
280.8	38.99	38.954	38.879	38.803	38.726	38.649	38.572	38.495	38.418	38.342	38.267	38.193	38.12	38.047	37.975	37.904
280.9	39.229	39.193	39.118	39.042	38.964	38.886	38.809	38.731	38.654	38.578	38.503	38.428	38.354	38.281	38.209	38.138
281	39.469	39.433	39.357	39.28	39.202	39.124	39.046	38.968	38.891	38.814	38.738	38.663	38.589	38.516	38.443	38.371
281.1	39.709	39.672	39.597	39.519	39.44	39.361	39.283	39.205	39.127	39.05	38.974	38.899	38.824	38.75	38.677	38.605
281.2	39.949	39.912	39.836	39.758	39.679	39.599	39.52	39.441	39.363	39.286	39.209	39.134	39.059	38.985	38.911	38.839
281.3	40.19	40.152	40.075	39.997	39.917	39.837	39.758	39.678	39.6	39.522	39.445	39.369	39.294	39.219	39.146	39.073
281.4	40.431	40.393	40.316	40.237	40.156	40.076	39.996	39.916	39.837	39.759	39.681	39.605	39.53	39.455	39.381	39.308
281.5	40.673	40.635	40.557	40.477	40.396	40.315	40.235	40.154	40.075	39.996	39.918	39.842	39.766	39.69	39.616	39.543
281.6	40.915	40.877	40.798	40.718	40.637	40.555	40.474	40.393	40.313	40.234	40.156	40.079	40.003	39.927	39.852	39.778
281.7	41.158	41.12	41.041	40.96	40.878	40.796	40.714	40.633	40.553	40.473	40.394	40.317	40.24	40.164	40.089	40.014
281.8	41.402	41.363	41.283	41.202	41.119	41.037	40.955	40.873	40.792	40.712	40.633	40.555	40.478	40.401	40.326	40.251
281.9	41.645	41.606	41.526	41.444	41.361	41.278	41.195	41.113	41.031	40.951	40.871	40.793	40.715	40.638	40.563	40.488
282	41.889	41.849	41.769	41.686	41.602	41.519	41.435	41.352	41.271	41.19	41.11	41.031	40.953	40.876	40.799	40.724
282.1	42.132	42.093	42.011	41.928	41.844	41.76	41.676	41.592	41.51	41.429	41.348	41.269	41.19	41.113	41.036	40.961
282.2	42.376	42.336	42.254	42.17	42.086	42.001	41.916	41.832	41.75	41.668	41.587	41.507	41.428	41.35	41.273	41.197
282.3	42.62	42.58	42.497	42.413	42.328	42.242	42.157	42.073	41.989	41.907	41.825	41.745	41.666	41.587	41.51	41.434
282.4	42.864	42.824	42.74	42.655	42.569	42.483	42.398	42.313	42.229	42.146	42.064	41.983	41.904	41.825	41.747	41.671
282.5	43.108	43.067	42.984	42.898	42.812	42.725	42.639	42.553	42.469	42.386	42.303	42.222	42.142	42.063	41.985	41.907
282.6	43.353	43.312	43.228	43.142	43.055	42.967	42.881	42.795	42.71	42.626	42.543	42.461	42.381	42.301	42.223	42.145
282.7	43.6	43.558	43.473	43.386	43.299	43.211	43.124	43.037	42.952	42.867	42.784	42.702	42.621	42.541	42.462	42.384
282.8	43.847	43.805	43.72	43.632	43.544	43.455	43.368	43.281	43.195	43.11	43.026	42.943	42.862	42.781	42.702	42.624
282.9	44.095	44.053	43.967	43.879	43.79	43.701	43.613	43.525	43.439	43.353	43.269	43.186	43.104	43.023	42.943	42.864
283	44.344	44.302	44.215	44.126	44.036	43.947	43.858	43.77	43.683	43.597	43.512	43.428	43.346	43.265	43.184	43.105
283.1	44.593	44.551	44.463	44.374	44.283	44.193	44.104	44.015	43.928	43.841	43.756	43.672	43.589	43.507	43.426	43.347
283.2	44.843	44.8	44.712	44.621	44.531	44.44	44.35	44.261	44.173	44.086	44	43.915	43.832	43.749	43.668	43.588
283.3	45.093	45.05	44.961	44.87	44.779	44.687	44.597	44.507	44.418	44.331	44.244	44.159	44.075	43.992	43.911	43.831
283.4	45.344	45.3	45.211	45.119	45.027	44.935	44.844	44.754	44.664	44.576	44.489	44.404	44.319	44.236	44.154	44.073
283.5	45.595	45.551	45.461	45.368	45.276	45.183	45.091	45	44.911	44.822	44.735	44.648	44.563	44.48	44.397	44.316
283.6	45.846	45.802	45.711	45.618	45.525	45.431	45.339	45.247	45.157	45.068	44.98	44.893	44.808	44.723	44.64	44.559
283.7	46.098	46.053	45.961	45.868	45.774	45.68	45.587	45.495	45.404	45.314	45.225	45.138	45.052	44.967	44.884	44.802
283.8	46.351	46.305	46.213	46.118	46.023	45.929	45.835	45.742	45.651	45.56	45.471	45.384	45.297	45.212	45.128	45.045
283.9	46.604	46.558	46.464	46.369	46.274	46.179	46.084	45.991	45.899	45.808	45.718	45.63	45.543	45.457	45.372	45.289
284	46.858	46.812	46.718	46.622	46.526	46.429	46.334	46.24	46.147	46.056	45.966	45.877	45.789	45.703	45.618	45.534
284.1	47.114	47.067	46.972	46.875	46.778	46.681	46.586	46.491	46.397	46.305	46.214	46.125	46.037	45.95	45.865	45.78
284.2	47.37	47.323	47.227	47.129	47.032	46.934	46.838	46.742	46.648	46.555	46.464	46.374	46.286	46.198	46.112	46.027
284.3	47.629	47.581	47.484	47.385	47.287	47.188	47.091	46.995	46.9	46.807	46.715	46.624	46.535	46.447	46.361	46.275
284.4	47.888	47.84	47.742	47.642	47.543	47.444	47.346	47.249	47.153	47.059	46.967	46.876	46.786	46.698	46.61	46.525
284.5	48.149	48.1	48.001	47.901	47.8	47.7	47.602	47.504	47.408	47.313	47.22	47.128	47.038	46.949	46.861	46.775
284.6	48.411	48.362	48.262	48.16	48.059	47.958	47.859	47.76	47.663	47.568	47.474	47.382	47.291	47.202	47.114	47.027
284.7	48.675	48.625	48.524	48.421	48.319	48.217	48.117	48.018	47.92	47.824	47.73	47.637	47.546	47.456	47.367	47.28
284.8	48.94	48.889	48.787	48.683	48.58	48.477	48.376	48.276	48.178	48.081	47.986	47.893	47.801	47.71	47.621	47.533
284.9	49.206	49.155	49.051	48.946	48.842	48.738	48.636	48.536	48.437	48.339	48.243	48.149	48.057	47.966	47.876	47.787
285	49.474	49.422	49.316	49.21	49.105	49	48.898	48.796	48.696	48.598	48.502	48.407	48.314	48.222	48.132	48.043
285.1	49.743	49.69	49.583	49.475	49.369	49.263	49.16	49.057	48.957	48.858	48.761	48.666	48.572	48.48	48.389	48.299
285.2	50.012	49.959	49.85	49.741	49.633	49.527	49.422	49.319	49.218	49.118	49.02	48.924	48.83	48.737	48.646	48.556
285.3	50.283	50.229	50.118	50.008	49.899	49.791	49.686	49.582	49.48	49.379	49.281	49.184	49.089	48.996	48.904	48.813
285.4	50.556	50.5	50.388	50.277	50.166	50.057	49.951	49.846	49.743	49.642	49.543	49.445	49.35	49.256	49.163	49.072
285.5	50.831	50.774	50.66	50.547	50.435	50.325	50.218	50.112	50.008	49.906	49.806	49.708	49.612	49.517	49.424	49.332
285.6	51.108	51.05	50.934	50.819	50.706	50.595	50.486	50.379	50.275	50.172	50.071	49.972	49.876	49.781	49.687	49.594
285.7	51.387	51.328	51.21	51.093	50.978	50.866	50.756	50.648	50.543	50.439	50.337	50.238	50.141	50.045	49.95	49.858
285.8	51.667	51.607	51.487	51.368	51.252	51.138	51.027	50.918	50.811	50.707	50.605	50.504	50.406	50.31	50.215	50.121
285.9	51.949	51.888	51.765	51.645	51.527	51.411	51.299	51.189	51.082	50.976	50.873	50.772	50.673	50.576	50.481	50.387
286	52.234	52.171	52.046	51.923	51.803	51.687	51.573	51.462	51.354	51.247	51.143	51.042	50.942	50.844	50.748	50.654
286.1	52.521	52.456	52.329	52.204	52.082	51.963	51.849	51.736	51.627	51.52	51.415	51.313	51.212	51.114	51.017	50.922
286.2	52.809	52.744	52.613	52.486	52.362	52.242	52.125	52.012	51.902	51.794	51.688	51.585	51.484	51.384	51.287	51.191
286.3	53.1	53.032	52.899	52.769	52.643	52.521	52.403	52.289	52.177	52.068	51.961	51.857	51.756	51.656	51.558	51.461
286.4	53.392	53.323	53.186	53.053	52.926	52.802	52.682	52.566	52.454	52.344	52.236	52.131	52.029	51.928	51.829	51.732
286.5	53.687	53.616	53.476	53.34	53.21	53.084	52.963	52.846	52.732	52.621	52.513	52.407	52.303	52.202	52.102	52.005
286.6	53.984	53.912	53.768	53.63	53.497	53.369	53.246	53.127	53.012	52.9	52.791	52.684	52.58	52.478	52.378	52.279
286.7	54.285	54.21	54.063	53.921	53.786	53.656	53.531	53.411	53.294	53.181	53.071	52.963	52.858	52.755	52.654	52.555
286.8	54.588	54.511	54.36	54.215	54.077	53.945	53.818	53.696	53.578	53.464	53.352	53.244	53.138	53.034	52.932	52.833
286.9	54.893	54.814	54.659	54.51	54.369	54.235	54.106	53.982	53.863	53.747	53.635	53.525	53.418	53.314	53.211	53.111
287	55.202	55.121	54.961	54.809	54.665	54.528	54.397	54.271	54.15	54.033	53.92	53.809	53.701	53.596	53.493	53.392
287.1	55.516	55.432	55.267	55.112	54.964	54.824	54.691	54.564	54.441	54.323	54.208	54.097	53.988	53.881	53.777	53.676
287.2	55.833	55.747	55.577	55.417	55.266	55.123	54.988	54.858	54.734	54.614	54.499	54.386	54.276	54.169	54.064	53.961
287.3	56.152	56.063	55.888	55.724	55.569	55.423	55.285	55.154	55.028	54.906	54.789	54.675	54.565	54.456	54.351	54.247
287.4	56.467	56.374	56.194	56.025	55.867	55.718	55.577	55.443	55.315	55.192	55.074	54.959	54.847	54.738	54.631	54.527
287.5	56.776	56.681	56.495	56.321	56.158	56.006	55.862	55.726	55.596	55.472	55.352	55.235	55.122	55.012	54.905	54.8
287.6	57.086	56.988	56.796	56.617	56.45	56.294	56.148	56.009	55.877	55.751	55.629	55.512	55.398	55.286	55.178	55.072
287.7	57.4	57.298	57.1	56.916	56.745	56.584	56.435	56.294	56.159	56.031	55.908	55.789	55.674	55.562	55.452	55.346
287.8	57.719	57.614	57.409	57.219	57.043	56.879	56.726	56.582	56.445	56.315	56.19	56.07	55.954	55.84	55.73	55.622
287.9	58.041	57.933	57.721	57.526	57.344	57.176	57.02	56.872	56.733	56.601	56.475	56.353	56.235	56.121	56.009	55.901
288	58.366	58.253	58.035	57.833	57.647	57.474	57.313	57.163	57.022	56.887	56.759	56.636	56.516	56.401	56.288	56.179
288.1	58.695	58.564	58.323	58.115	57.923	57.745	57.581	57.428	57.283	57.146	57.016	56.891	56.771	56.654	56.54	56.43
288.2	59.038	58.89	58.629	58.414	58.216	58.034	57.865	57.708	57.561	57.422	57.29	57.163	57.041	56.923	56.808	56.696
288.3	59.394	59.244	58.976	58.754	58.55	58.362	58.189	58.029	57.878	57.737	57.602	57.474	57.35	57.231	57.115	57.002
288.4	59.753	59.597	59.321	59.092	58.882	58.688	58.511	58.346	58.193	58.048	57.911	57.781	57.656	57.535	57.418	57.304
288.5	60.112	59.952	59.667	59.43	59.213	59.014	58.831	58.663	58.506	58.358	58.219	58.087	57.96	57.837	57.719	57.604
288.6	60.469	60.304	60.01	59.765	59.541	59.336	59.149	58.975	58.815	58.664	58.523	58.388	58.26	58.136	58.016	57.9
288.7	60.824	60.654	60.35	60.098	59.867	59.655	59.462	59.285	59.12	58.966	58.822	58.686	58.555	58.429	58.308	58.191
288.8	61.179	61.004	60.691	60.43	60.192	59.973	59.775	59.592	59.424	59.267	59.12	58.98	58.848	58.72	58.598	58.479
288.9	61.535	61.354	61.031	60.762	60.516	60.291	60.086	59.899	59.726	59.565	59.415	59.273	59.139	59.009	58.885	58.765
289	61.888	61.702	61.37	61.091	60.837	60.605	60.395	60.202	60.024	59.86	59.707	59.562	59.425	59.294	59.168	59.047
289.1	62.242	62.05	61.708	61.42	61.158	60.919	60.702	60.503	60.321	60.152	59.996	59.849	59.709	59.576	59.449	59.326
289.2	62.597	62.4	62.047	61.751	61.48	61.233	61.009	60.805	60.618	60.445	60.285	60.134	59.993	59.857	59.728	59.604
289.3	62.955	62.753	62.39	62.084	61.804	61.549	61.319	61.108	60.916	60.738	60.574	60.421	60.277	60.139	60.008	59.882
289.4	63.315	63.108	62.735	62.419	62.131	61.868	61.63	61.413	61.215	61.033	60.865	60.709	60.561	60.422	60.289	60.161
289.5	63.678	63.466	63.082	62.757	62.459	62.188	61.943	61.719	61.515	61.329	61.156	60.996	60.846	60.704	60.569	60.439
289.6	64.042	63.825	63.431	63.096	62.789	62.509	62.256	62.026	61.816	61.624	61.448	61.284	61.131	60.986	60.849	60.717
289.7	64.407	64.185	63.782	63.436	63.12	62.832	62.571	62.333	62.118	61.92	61.739	61.571	61.415	61.267	61.127	60.994
289.8	64.773	64.546	64.133	63.778	63.452	63.155	62.886	62.641	62.419	62.216	62.03	61.858	61.698	61.547	61.405	61.27
289.9	65.14	64.909	64.487	64.123	63.787	63.481	63.204	62.951	62.723	62.514	62.322	62.146	61.983	61.829	61.684	61.547
290	65.508	65.272	64.834	64.453	64.108	63.793	63.507	63.247	63.011	62.796	62.6	62.419	62.252	62.095	61.947	61.808
290.1	65.876	65.636	65.18	64.781	64.426	64.101	63.807	63.539	63.296	63.075	62.873	62.687	62.515	62.355	62.205	62.063
290.2	66.243	65.999	65.534	65.124	64.76	64.426	64.122	63.846	63.596	63.368	63.16	62.97	62.794	62.63	62.477	62.332
290.3	66.612	66.364	65.89	65.471	65.097	64.753	64.441	64.157	63.899	63.665	63.451	63.255	63.075	62.907	62.751	62.603
290.4	66.982	66.73	66.248	65.82	65.436	65.083	64.762	64.469	64.203	63.962	63.742	63.541	63.356	63.184	63.024	62.874
290.5	67.354	67.098	66.608	66.171	65.777	65.415	65.084	64.783	64.51	64.261	64.035	63.828	63.638	63.462	63.298	63.145
290.6	67.727	67.468	66.971	66.524	66.12	65.749	65.409	65.099	64.818	64.562	64.329	64.116	63.921	63.741	63.573	63.417
290.7	68.102	67.839	67.334	66.878	66.466	66.084	65.736	65.417	65.128	64.864	64.624	64.405	64.205	64.02	63.849	63.689
290.8	68.477	68.212	67.7	67.236	66.814	66.423	66.065	65.738	65.44	65.169	64.922	64.696	64.491	64.301	64.125	63.962
290.9	68.854	68.586	68.066	67.592	67.159	66.759	66.392	66.055	65.749	65.47	65.216	64.984	64.772	64.578	64.398	64.231
291	69.231	68.96	68.434	67.945	67.497	67.088	66.712	66.366	66.052	65.765	65.503	65.264	65.047	64.847	64.663	64.491
291.1	69.607	69.333	68.8	68.301	67.841	67.423	67.037	66.683	66.36	66.065	65.795	65.55	65.326	65.121	64.932	64.756
291.2	69.981	69.704	69.166	68.659	68.192	67.764	67.37	67.007	66.675	66.371	66.094	65.842	65.612	65.401	65.207	65.027
291.3	70.354	70.075	69.531	69.017	68.541	68.105	67.701	67.329	66.988	66.677	66.392	66.133	65.896	65.679	65.48	65.296
291.4	70.727	70.446	69.896	69.374	68.891	68.446	68.034	67.653	67.303	66.983	66.691	66.424	66.18	65.958	65.753	65.564
291.5	71.1	70.817	70.261	69.733	69.241	68.788	68.367	67.978	67.62	67.291	66.991	66.716	66.466	66.237	66.026	65.833
291.6	71.473	71.188	70.627	70.092	69.593	69.131	68.702	68.303	67.937	67.6	67.291	67.009	66.752	66.516	66.3	66.101
291.7	71.846	71.559	70.993	70.451	69.944	69.475	69.037	68.63	68.255	67.91	67.593	67.303	67.039	66.796	66.574	66.37
291.8	72.217	71.929	71.358	70.811	70.297	69.819	69.374	68.959	68.575	68.221	67.896	67.599	67.327	67.078	66.85	66.64
291.9	72.588	72.298	71.724	71.17	70.649	70.164	69.711	69.287	68.895	68.533	68.2	67.895	67.615	67.359	67.125	66.91
292	72.958	72.667	72.089	71.529	71.002	70.51	70.049	69.617	69.217	68.847	68.506	68.192	67.905	67.642	67.401	67.18
292.1	73.328	73.036	72.454	71.889	71.355	70.856	70.387	69.948	69.54	69.161	68.812	68.49	68.196	67.925	67.678	67.451
292.2	73.697	73.404	72.819	72.249	71.709	71.2	70.72	70.273	69.856	69.469	69.112	68.783	68.48	68.203	67.948	67.715
292.3	74.066	73.772	73.184	72.609	72.064	71.545	71.054	70.6	70.176	69.781	69.415	69.078	68.768	68.483	68.221	67.982
292.4	74.433	74.139	73.549	72.97	72.419	71.893	71.397	70.935	70.503	70.1	69.726	69.381	69.064	68.771	68.503	68.257
292.5	74.8	74.505	73.914	73.33	72.774	72.242	71.739	71.27	70.831	70.42	70.038	69.685	69.36	69.06	68.784	68.532
292.6	75.167	74.872	74.278	73.691	73.129	72.592	72.082	71.606	71.159	70.741	70.352	69.991	69.657	69.35	69.067	68.808
292.7	75.533	75.238	74.643	74.053	73.486	72.943	72.426	71.943	71.489	71.063	70.666	70.298	69.957	69.642	69.352	69.086
292.8	75.899	75.604	75.008	74.415	73.843	73.295	72.772	72.282	71.821	71.388	70.983	70.607	70.258	69.936	69.638	69.365
292.9	76.264	75.969	75.373	74.776	74.201	73.648	73.119	72.622	72.155	71.714	71.302	70.918	70.562	70.232	69.927	69.647
293	76.629	76.334	75.737	75.138	74.559	74.001	73.466	72.964	72.49	72.043	71.623	71.232	70.868	70.53	70.218	69.931
293.1	76.992	76.698	76.101	75.5	74.917	74.354	73.814	73.304	72.822	72.368	71.942	71.543	71.172	70.827	70.507	70.213
293.2	77.354	77.064	76.471	75.868	75.282	74.715	74.17	73.652	73.162	72.702	72.268	71.862	71.484	71.131	70.804	70.503
293.3	77.715	77.403	76.786	76.182	75.593	75.021	74.472	73.949	73.452	72.985	72.545	72.132	71.746	71.386	71.052	70.744
293.4	78.076	77.721	77.061	76.456	75.864	75.289	74.735	74.206	73.704	73.231	72.784	72.364	71.972	71.604	71.263	70.947
293.5	78.436	78.07	77.399	76.793	76.199	75.62	75.062	74.529	74.021	73.541	73.088	72.661	72.261	71.887	71.538	71.215
293.6	78.796	78.436	77.772	77.165	76.569	75.988	75.425	74.887	74.373	73.887	73.427	72.994	72.587	72.206	71.85	71.52
293.7	79.154	78.799	78.139	77.531	76.933	76.349	75.783	75.24	74.721	74.229	73.763	73.323	72.91	72.522	72.159	71.822
293.8	79.512	79.161	78.505	77.897	77.298	76.711	76.141	75.594	75.07	74.573	74.101	73.655	73.235	72.84	72.47	72.126
293.9	79.87	79.523	78.872	78.263	77.663	77.074	76.501	75.95	75.421	74.918	74.44	73.987	73.561	73.159	72.782	72.432
294	80.227	79.885	79.238	78.629	78.027	77.436	76.86	76.305	75.772	75.263	74.778	74.319	73.886	73.478	73.094	72.737
294.1	80.583	80.244	79.602	78.993	78.39	77.797	77.219	76.66	76.123	75.608	75.117	74.652	74.213	73.798	73.408	73.044
294.2	80.937	80.603	79.964	79.356	78.753	78.158	77.577	77.015	76.474	75.954	75.458	74.988	74.542	74.121	73.724	73.353
294.3	81.29	80.96	80.326	79.718	79.114	78.518	77.935	77.37	76.824	76.301	75.799	75.323	74.872	74.444	74.041	73.663
294.4	81.641	81.315	80.686	80.078	79.474	78.877	78.292	77.724	77.175	76.647	76.14	75.659	75.201	74.768	74.358	73.974
294.5	81.991	81.669	81.045	80.439	79.835	79.237	78.65	78.08	77.527	76.995	76.484	75.997	75.534	75.095	74.678	74.288
294.6	82.337	82.02	81.393	80.78	80.175	79.577	78.988	78.415	77.859	77.324	76.808	76.316	75.848	75.403	74.98	74.584
294.7	82.682	82.368	81.734	81.11	80.506	79.906	79.316	78.741	78.182	77.644	77.124	76.627	76.153	75.702	75.273	74.87
294.8	83.025	82.715	82.084	81.46	80.856	80.256	79.665	79.088	78.526	77.984	77.461	76.958	76.478	76.022	75.588	75.178
294.9	83.368	83.062	82.437	81.816	81.213	80.612	80.02	79.441	78.877	78.332	77.806	77.298	76.813	76.351	75.911	75.496
295	83.71	83.407	82.789	82.17	81.568	80.967	80.374	79.793	79.228	78.68	78.15	77.638	77.149	76.682	76.237	75.815
295.1	84.051	83.752	83.139	82.524	81.922	81.321	80.728	80.146	79.578	79.027	78.494	77.979	77.485	77.013	76.562	76.135
295.2	84.39	84.095	83.489	82.876	82.274	81.674	81.081	80.497	79.928	79.375	78.839	78.32	77.821	77.344	76.888	76.456
295.3	84.729	84.437	83.837	83.227	82.627	82.027	81.433	80.849	80.278	79.723	79.184	78.663	78.16	77.678	77.217	76.779
295.4	85.066	84.778	84.183	83.574	82.973	82.374	81.78	81.196	80.623	80.066	79.525	79	78.493	78.007	77.542	77.098
295.5	85.403	85.118	84.529	83.918	83.313	82.715	82.121	81.536	80.962	80.403	79.859	79.332	78.822	78.332	77.861	77.412
295.6	85.738	85.457	84.873	84.263	83.657	83.06	82.467	81.881	81.306	80.746	80.2	79.67	79.157	78.663	78.187	77.734
295.7	86.072	85.794	85.215	84.609	84.006	83.409	82.817	82.231	81.655	81.093	80.546	80.013	79.497	78.999	78.52	78.062
295.8	86.403	86.129	85.556	84.953	84.352	83.757	83.164	82.579	82.003	81.439	80.89	80.355	79.836	79.335	78.852	78.389
295.9	86.734	86.462	85.895	85.296	84.696	84.102	83.511	82.926	82.349	81.785	81.234	80.697	80.175	79.671	79.184	78.716
296	87.063	86.795	86.232	85.637	85.04	84.448	83.857	83.273	82.696	82.13	81.578	81.039	80.515	80.007	79.516	79.044
296.1	87.39	87.125	86.568	85.976	85.378	84.784	84.194	83.61	83.033	82.467	81.913	81.372	80.846	80.335	79.841	79.365
296.2	87.716	87.453	86.901	86.313	85.714	85.118	84.529	83.946	83.369	82.802	82.247	81.705	81.176	80.663	80.165	79.685
296.3	88.04	87.78	87.233	86.648	86.052	85.458	84.871	84.288	83.711	83.144	82.588	82.044	81.513	80.998	80.497	80.012
296.4	88.361	88.105	87.562	86.982	86.389	85.796	85.21	84.628	84.052	83.484	82.927	82.382	81.849	81.331	80.828	80.34
296.5	88.681	88.427	87.89	87.313	86.723	86.132	85.548	84.967	84.391	83.823	83.265	82.719	82.184	81.664	81.158	80.667
296.6	88.999	88.748	88.215	87.642	87.055	86.466	85.883	85.303	84.728	84.16	83.601	83.054	82.518	81.995	81.487	80.993
296.7	89.314	89.066	88.538	87.969	87.385	86.799	86.217	85.638	85.063	84.495	83.936	83.388	82.85	82.326	81.815	81.319
296.8	89.628	89.382	88.86	88.294	87.713	87.129	86.549	85.971	85.397	84.829	84.27	83.721	83.182	82.656	82.143	81.644
296.9	89.94	89.698	89.18	88.618	88.04	87.459	86.88	86.303	85.73	85.163	84.603	84.053	83.514	82.986	82.471	81.97
297	90.251	90.011	89.499	88.941	88.366	87.787	87.21	86.634	86.062	85.495	84.936	84.385	83.845	83.316	82.799	82.295
297.1	90.56	90.323	89.816	89.262	88.69	88.113	87.538	86.965	86.393	85.827	85.268	84.717	84.176	83.646	83.127	82.621
297.2	90.868	90.634	90.131	89.581	89.013	88.438	87.863	87.289	86.719	86.153	85.594	85.043	84.501	83.97	83.45	82.942
297.3	91.174	90.942	90.444	89.899	89.334	88.762	88.187	87.612	87.043	86.478	85.919	85.368	84.825	84.294	83.772	83.262
297.4	91.478	91.249	90.756	90.215	89.653	89.084	88.511	87.938	87.37	86.806	86.247	85.696	85.154	84.621	84.099	83.587
297.5	91.78	91.554	91.066	90.529	89.971	89.405	88.834	88.263	87.696	87.133	86.575	86.024	85.482	84.949	84.425	83.912
297.6	92.08	91.857	91.374	90.841	90.287	89.724	89.156	88.586	88.021	87.459	86.902	86.351	85.808	85.275	84.751	84.236
297.7	92.379	92.16	91.684	91.156	90.605	90.046	89.48	88.912	88.348	87.788	87.231	86.681	86.138	85.604	85.079	84.564
297.8	92.675	92.449	91.969	91.445	90.898	90.342	89.779	89.213	88.651	88.091	87.535	86.985	86.443	85.909	85.383	84.867
297.9	92.97	92.71	92.198	91.679	91.136	90.583	90.023	89.459	88.899	88.34	87.786	87.236	86.693	86.159	85.634	85.116
298	93.263	92.987	92.46	91.946	91.408	90.858	90.301	89.74	89.181	88.624	88.07	87.521	86.979	86.444	85.918	85.4
298.1	93.554	93.288	92.775	92.265	91.731	91.185	90.631	90.072	89.515	88.96	88.407	87.859	87.317	86.783	86.256	85.737
298.2	93.844	93.585	93.08	92.576	92.046	91.503	90.952	90.396	89.84	89.285	88.733	88.186	87.644	87.11	86.584	86.064
298.3	94.132	93.879	93.384	92.884	92.359	91.82	91.272	90.718	90.163	89.609	89.059	88.512	87.971	87.437	86.91	86.39
298.4	94.418	94.172	93.685	93.191	92.67	92.135	91.59	91.039	90.487	89.934	89.385	88.84	88.299	87.765	87.238	86.718
298.5	94.703	94.462	93.985	93.495	92.979	92.448	91.907	91.359	90.808	90.257	89.71	89.166	88.626	88.092	87.566	87.045
298.6	94.986	94.751	94.282	93.798	93.286	92.76	92.222	91.676	91.128	90.579	90.033	89.49	88.951	88.418	87.892	87.371
298.7	95.267	95.038	94.578	94.099	93.592	93.069	92.535	91.993	91.447	90.9	90.355	89.813	89.275	88.743	88.216	87.695
298.8	95.547	95.323	94.872	94.398	93.896	93.377	92.846	92.307	91.764	91.219	90.676	90.135	89.598	89.066	88.54	88.019
298.9	95.825	95.606	95.163	94.695	94.197	93.683	93.156	92.62	92.079	91.536	90.995	90.456	89.92	89.389	88.863	88.342
299	96.1	95.888	95.453	94.989	94.497	93.988	93.464	92.931	92.393	91.852	91.313	90.776	90.241	89.711	89.185	88.664
299.1	96.375	96.167	95.74	95.282	94.795	94.29	93.77	93.241	92.705	92.167	91.629	91.093	90.56	90.03	89.504	88.984
299.2	96.647	96.445	96.026	95.574	95.091	94.591	94.075	93.549	93.017	92.48	91.944	91.409	90.877	90.348	89.823	89.303
299.3	96.919	96.721	96.311	95.865	95.388	94.892	94.38	93.858	93.328	92.795	92.26	91.726	91.196	90.668	90.143	89.623
299.4	97.188	96.995	96.586	96.14	95.668	95.177	94.669	94.151	93.624	93.093	92.561	92.029	91.499	90.972	90.449	89.929
299.5	97.456	97.268	96.86	96.413	95.946	95.459	94.956	94.441	93.918	93.39	92.86	92.33	91.802	91.276	90.752	90.233
299.6	97.722	97.539	97.139	96.699	96.237	95.756	95.257	94.746	94.226	93.701	93.173	92.644	92.118	91.593	91.07	90.551
299.7	97.986	97.807	97.416	96.982	96.526	96.049	95.555	95.048	94.532	94.009	93.484	92.957	92.432	91.908	91.386	90.868
299.8	98.249	98.075	97.691	97.263	96.812	96.341	95.851	95.349	94.836	94.316	93.793	93.269	92.745	92.222	91.701	91.183
299.9	98.511	98.34	97.964	97.542	97.097	96.63	96.146	95.648	95.139	94.622	94.101	93.579	93.057	92.536	92.015	91.498
300	98.77	98.604	98.236	97.82	97.38	96.918	96.439	95.945	95.44	94.927	94.408	93.888	93.367	92.846	92.327	91.811
300.1	99.028	98.866	98.505	98.096	97.661	97.205	96.73	96.241	95.74	95.23	94.714	94.196	93.676	93.156	92.638	92.122
300.2	99.285	99.126	98.773	98.37	97.941	97.489	97.019	96.535	96.038	95.532	95.019	94.502	93.984	93.466	92.949	92.433
300.3	99.54	99.385	99.039	98.642	98.218	97.772	97.306	96.827	96.334	95.831	95.321	94.807	94.291	93.774	93.258	92.744
300.4	99.794	99.643	99.304	98.911	98.491	98.05	97.59	97.115	96.627	96.128	95.621	95.109	94.595	94.079	93.564	93.051
300.5	100.05	99.899	99.567	99.18	98.764	98.329	97.873	97.403	96.92	96.425	95.921	95.412	94.899	94.385	93.872	93.359
300.6	100.3	100.15	99.829	99.449	99.039	98.609	98.159	97.693	97.214	96.723	96.223	95.717	95.206	94.694	94.182	93.671
300.7	100.55	100.41	100.09	99.716	99.313	98.888	98.443	97.982	97.508	97.021	96.524	96.021	95.513	95.003	94.492	93.982
300.8	100.8	100.66	100.35	99.983	99.585	99.166	98.726	98.27	97.8	97.318	96.825	96.325	95.819	95.311	94.802	94.293
300.9	101.05	100.91	100.61	100.25	99.856	99.442	99.008	98.557	98.092	97.614	97.125	96.628	96.125	95.619	95.112	94.604
301	101.29	101.16	100.87	100.51	100.13	99.717	99.288	98.842	98.382	97.909	97.424	96.931	96.431	95.927	95.421	94.915
301.1	101.54	101.41	101.12	100.77	100.39	99.99	99.566	99.125	98.67	98.202	97.721	97.232	96.735	96.234	95.73	95.225
301.2	101.78	101.66	101.37	101.03	100.66	100.26	99.842	99.407	98.956	98.493	98.017	97.531	97.038	96.539	96.038	95.535
301.3	102.03	101.91	101.63	101.29	100.92	100.53	100.12	99.688	99.243	98.784	98.313	97.831	97.341	96.846	96.347	95.846
301.4	102.27	102.15	101.88	101.55	101.19	100.8	100.39	99.969	99.529	99.075	98.609	98.131	97.645	97.152	96.656	96.157
301.5	102.51	102.39	102.13	101.8	101.45	101.07	100.67	100.25	99.814	99.365	98.903	98.43	97.948	97.458	96.965	96.468
301.6	102.75	102.64	102.37	102.06	101.71	101.34	100.94	100.53	100.1	99.654	99.197	98.728	98.249	97.764	97.273	96.779
301.7	102.99	102.88	102.62	102.31	101.97	101.6	101.21	100.8	100.38	99.941	99.489	99.025	98.55	98.068	97.581	97.089
301.8	103.22	103.12	102.87	102.56	102.23	101.86	101.48	101.08	100.66	100.23	99.78	99.321	98.85	98.372	97.888	97.399
301.9	103.46	103.35	103.11	102.81	102.48	102.13	101.75	101.35	100.94	100.51	100.07	99.615	99.149	98.674	98.194	97.708
302	103.69	103.59	103.35	103.06	102.74	102.39	102.02	101.63	101.22	100.8	100.36	99.909	99.447	98.977	98.499	98.017
302.1	103.93	103.83	103.6	103.31	102.99	102.65	102.29	101.9	101.5	101.08	100.65	100.2	99.746	99.28	98.806	98.327
302.2	104.16	104.07	103.84	103.56	103.25	102.91	102.55	102.17	101.78	101.36	100.94	100.5	100.04	99.581	99.111	98.635
302.3	104.39	104.3	104.08	103.81	103.5	103.17	102.82	102.44	102.05	101.64	101.22	100.79	100.34	99.882	99.416	98.943
302.4	104.63	104.53	104.32	104.05	103.75	103.43	103.08	102.71	102.33	101.92	101.51	101.08	100.63	100.18	99.719	99.25
302.5	104.86	104.77	104.56	104.29	104	103.68	103.34	102.98	102.6	102.2	101.79	101.37	100.93	100.48	100.02	99.556
302.6	105.09	105	104.79	104.54	104.25	103.94	103.6	103.25	102.87	102.48	102.07	101.65	101.22	100.78	100.32	99.861
302.7	105.31	105.23	105.03	104.78	104.5	104.19	103.86	103.51	103.14	102.76	102.35	101.94	101.51	101.07	100.62	100.16
302.8	105.54	105.46	105.26	105.02	104.74	104.44	104.12	103.77	103.41	103.03	102.63	102.22	101.8	101.37	100.92	100.47
302.9	105.77	105.69	105.49	105.25	104.98	104.69	104.37	104.03	103.68	103.3	102.91	102.51	102.09	101.66	101.22	100.77
303	105.99	105.91	105.73	105.49	105.23	104.94	104.63	104.29	103.94	103.57	103.19	102.79	102.37	101.95	101.51	101.07
303.1	106.22	106.14	105.96	105.73	105.47	105.19	104.88	104.55	104.21	103.84	103.46	103.07	102.66	102.24	101.81	101.37
303.2	106.44	106.37	106.19	105.96	105.71	105.43	105.13	104.81	104.47	104.11	103.74	103.35	102.94	102.53	102.1	101.66
303.3	106.66	106.59	106.42	106.2	105.95	105.68	105.38	105.07	104.73	104.38	104.01	103.63	103.23	102.82	102.39	101.96
303.4	106.89	106.82	106.65	106.43	106.19	105.92	105.63	105.32	104.99	104.65	104.28	103.9	103.51	103.11	102.69	102.26
303.5	107.11	107.04	106.88	106.67	106.43	106.17	105.88	105.58	105.25	104.91	104.55	104.18	103.79	103.39	102.98	102.56
303.6	107.33	107.27	107.1	106.9	106.67	106.41	106.13	105.83	105.51	105.18	104.82	104.46	104.08	103.68	103.27	102.85
303.7	107.55	107.49	107.33	107.13	106.9	106.65	106.38	106.09	105.77	105.44	105.09	104.73	104.35	103.96	103.56	103.15
303.8	107.77	107.71	107.56	107.36	107.14	106.89	106.62	106.34	106.03	105.7	105.36	105	104.63	104.25	103.85	103.44
303.9	107.99	107.93	107.78	107.59	107.37	107.13	106.87	106.59	106.28	105.96	105.63	105.27	104.91	104.53	104.14	103.73
304	108.21	108.15	108	107.82	107.6	107.37	107.11	106.83	106.54	106.22	105.89	105.54	105.18	104.81	104.42	104.02
304.1	108.43	108.37	108.23	108.04	107.83	107.6	107.35	107.08	106.79	106.48	106.15	105.81	105.46	105.09	104.7	104.31
304.2	108.65	108.59	108.45	108.27	108.07	107.84	107.59	107.33	107.04	106.74	106.42	106.08	105.73	105.37	104.99	104.6
304.3	108.86	108.81	108.67	108.5	108.3	108.07	107.83	107.57	107.29	106.99	106.68	106.35	106	105.64	105.27	104.88
304.4	109.08	109.03	108.89	108.72	108.53	108.31	108.07	107.82	107.54	107.25	106.94	106.61	106.27	105.92	105.55	105.17
304.5	109.3	109.24	109.11	108.95	108.75	108.54	108.31	108.06	107.79	107.5	107.2	106.88	106.54	106.19	105.83	105.45
304.6	109.51	109.46	109.33	109.17	108.98	108.78	108.55	108.3	108.04	107.76	107.46	107.14	106.81	106.47	106.11	105.74
304.7	109.73	109.68	109.55	109.39	109.21	109.01	108.79	108.55	108.29	108.01	107.71	107.4	107.08	106.74	106.39	106.02
304.8	109.95	109.9	109.77	109.62	109.44	109.24	109.02	108.79	108.53	108.26	107.97	107.66	107.34	107.01	106.66	106.3
304.9	110.16	110.11	109.99	109.84	109.66	109.47	109.26	109.03	108.78	108.51	108.22	107.92	107.61	107.28	106.94	106.58
305	110.37	110.33	110.21	110.06	109.89	109.7	109.49	109.26	109.02	108.76	108.48	108.18	107.87	107.55	107.21	106.86
305.1	110.59	110.54	110.43	110.28	110.11	109.93	109.72	109.5	109.26	109	108.73	108.44	108.13	107.81	107.48	107.13
305.2	110.8	110.76	110.64	110.5	110.34	110.15	109.95	109.74	109.5	109.25	108.98	108.69	108.39	108.08	107.75	107.41
305.3	111.01	110.97	110.86	110.72	110.56	110.38	110.18	109.97	109.74	109.49	109.23	108.95	108.65	108.34	108.02	107.68
305.4	111.22	111.18	111.08	110.94	110.78	110.61	110.41	110.2	109.98	109.74	109.48	109.2	108.91	108.6	108.29	107.95
305.5	111.43	111.39	111.29	111.16	111	110.83	110.64	110.44	110.21	109.98	109.72	109.45	109.17	108.87	108.55	108.22
305.6	111.64	111.6	111.5	111.37	111.22	111.05	110.87	110.67	110.45	110.22	109.97	109.7	109.42	109.12	108.81	108.49
305.7	111.85	111.81	111.72	111.59	111.44	111.28	111.09	110.9	110.68	110.46	110.21	109.95	109.67	109.38	109.08	108.76
305.8	112.06	112.02	111.93	111.8	111.66	111.5	111.32	111.13	110.92	110.69	110.45	110.2	109.92	109.64	109.34	109.02
305.9	112.27	112.23	112.14	112.02	111.88	111.72	111.54	111.35	111.15	110.93	110.69	110.44	110.17	109.89	109.6	109.29
306	112.48	112.44	112.35	112.23	112.09	111.94	111.77	111.58	111.38	111.16	110.93	110.69	110.42	110.15	109.86	109.55
306.1	112.69	112.65	112.56	112.45	112.31	112.16	111.99	111.81	111.61	111.4	111.17	110.93	110.67	110.4	110.11	109.81
306.2	112.9	112.86	112.77	112.66	112.53	112.38	112.21	112.04	111.84	111.63	111.41	111.17	110.92	110.65	110.37	110.07
306.3	113.11	113.07	112.98	112.87	112.74	112.6	112.44	112.26	112.07	111.87	111.65	111.41	111.17	110.9	110.63	110.33
306.4	113.31	113.28	113.2	113.09	112.96	112.82	112.66	112.49	112.3	112.1	111.89	111.66	111.41	111.15	110.88	110.59
306.5	113.52	113.49	113.4	113.3	113.17	113.03	112.88	112.71	112.53	112.33	112.12	111.9	111.66	111.4	111.13	110.85
306.6	113.73	113.69	113.61	113.51	113.39	113.25	113.1	112.93	112.76	112.56	112.36	112.13	111.9	111.65	111.38	111.11
306.7	113.93	113.9	113.82	113.72	113.6	113.47	113.32	113.16	112.98	112.79	112.59	112.37	112.14	111.89	111.63	111.36
306.8	114.14	114.11	114.03	113.93	113.81	113.68	113.54	113.38	113.21	113.02	112.82	112.61	112.38	112.14	111.88	111.61
306.9	114.34	114.31	114.24	114.14	114.03	113.9	113.76	113.6	113.43	113.25	113.05	112.84	112.62	112.38	112.13	111.87
307	114.55	114.52	114.45	114.35	114.24	114.11	113.97	113.82	113.65	113.48	113.28	113.08	112.86	112.62	112.38	112.12
307.1	114.75	114.73	114.65	114.56	114.45	114.33	114.19	114.04	113.88	113.7	113.51	113.31	113.09	112.87	112.62	112.37
307.2	114.96	114.93	114.86	114.77	114.66	114.54	114.41	114.26	114.1	113.93	113.74	113.54	113.33	113.11	112.87	112.62
307.3	115.17	115.14	115.07	114.98	114.87	114.75	114.62	114.48	114.32	114.15	113.97	113.78	113.57	113.35	113.11	112.86
307.4	115.37	115.34	115.28	115.19	115.08	114.97	114.84	114.7	114.54	114.38	114.2	114.01	113.8	113.59	113.35	113.11
307.5	115.57	115.55	115.48	115.4	115.29	115.18	115.05	114.92	114.76	114.6	114.43	114.24	114.04	113.82	113.6	113.36
307.6	115.78	115.75	115.69	115.6	115.5	115.39	115.27	115.13	114.98	114.82	114.65	114.47	114.27	114.06	113.84	113.6
307.7	115.98	115.96	115.89	115.81	115.71	115.6	115.48	115.35	115.2	115.05	114.88	114.7	114.5	114.3	114.08	113.84
307.8	116.19	116.16	116.1	116.02	115.92	115.81	115.7	115.56	115.42	115.27	115.1	114.92	114.73	114.53	114.31	114.09
307.9	116.39	116.36	116.3	116.22	116.13	116.03	115.91	115.78	115.64	115.49	115.32	115.15	114.96	114.76	114.55	114.33
308	116.59	116.57	116.51	116.43	116.34	116.23	116.12	115.99	115.86	115.71	115.55	115.38	115.19	115	114.79	114.57
308.1	116.79	116.77	116.71	116.63	116.54	116.44	116.33	116.21	116.07	115.93	115.77	115.6	115.42	115.23	115.02	114.81
308.2	116.99	116.97	116.91	116.84	116.75	116.65	116.54	116.42	116.29	116.14	115.99	115.82	115.65	115.46	115.26	115.04
308.3	117.2	117.17	117.12	117.04	116.96	116.86	116.75	116.63	116.5	116.36	116.21	116.05	115.87	115.69	115.49	115.28
308.4	117.4	117.38	117.32	117.25	117.17	117.07	116.96	116.85	116.72	116.58	116.43	116.27	116.1	115.92	115.72	115.52
308.5	117.6	117.58	117.53	117.46	117.37	117.28	117.17	117.06	116.93	116.8	116.65	116.49	116.32	116.14	115.95	115.75
308.6	117.8	117.78	117.73	117.66	117.58	117.49	117.38	117.27	117.15	117.01	116.87	116.71	116.55	116.37	116.18	115.99
308.7	118	117.98	117.93	117.86	117.78	117.69	117.59	117.48	117.36	117.23	117.09	116.94	116.77	116.6	116.41	116.22
308.8	118.2	118.18	118.13	118.07	117.99	117.9	117.8	117.69	117.57	117.44	117.3	117.16	117	116.82	116.64	116.45
308.9	118.41	118.39	118.34	118.27	118.19	118.11	118.01	117.9	117.78	117.66	117.52	117.37	117.22	117.05	116.87	116.68
309	118.61	118.59	118.54	118.47	118.4	118.31	118.22	118.11	118	117.87	117.74	117.59	117.44	117.27	117.1	116.91
309.1	118.8	118.79	118.74	118.68	118.6	118.52	118.42	118.32	118.21	118.08	117.95	117.81	117.66	117.5	117.32	117.14
309.2	119	118.99	118.94	118.88	118.8	118.72	118.63	118.53	118.42	118.3	118.17	118.03	117.88	117.72	117.55	117.37
309.3	119.2	119.18	119.14	119.08	119.01	118.93	118.83	118.73	118.63	118.51	118.38	118.24	118.1	117.94	117.77	117.6
309.4	119.4	119.38	119.34	119.28	119.21	119.13	119.04	118.94	118.83	118.72	118.59	118.46	118.31	118.16	118	117.82
309.5	119.6	119.58	119.54	119.48	119.41	119.33	119.25	119.15	119.04	118.93	118.81	118.67	118.53	118.38	118.22	118.05
309.6	119.8	119.78	119.74	119.68	119.61	119.54	119.45	119.36	119.25	119.14	119.02	118.89	118.75	118.6	118.44	118.27
309.7	120	119.98	119.94	119.88	119.82	119.74	119.66	119.56	119.46	119.35	119.23	119.1	118.97	118.82	118.66	118.5
309.8	120.2	120.18	120.14	120.08	120.02	119.94	119.86	119.77	119.67	119.56	119.44	119.32	119.18	119.04	118.89	118.72
309.9	120.4	120.38	120.34	120.29	120.22	120.15	120.07	119.98	119.88	119.77	119.66	119.53	119.4	119.26	119.11	118.95
310	120.59	120.58	120.54	120.49	120.42	120.35	120.27	120.18	120.08	119.98	119.87	119.74	119.61	119.47	119.33	119.17
310.1	120.79	120.78	120.74	120.69	120.62	120.55	120.47	120.39	120.29	120.19	120.08	119.96	119.83	119.69	119.55	119.39
310.2	120.99	120.98	120.94	120.89	120.83	120.76	120.68	120.59	120.5	120.4	120.29	120.17	120.04	119.91	119.76	119.61
310.3	121.19	121.17	121.14	121.09	121.03	120.96	120.88	120.8	120.7	120.6	120.5	120.38	120.26	120.12	119.98	119.83
310.4	121.39	121.37	121.34	121.29	121.23	121.16	121.08	121	120.91	120.81	120.71	120.59	120.47	120.34	120.2	120.05
310.5	121.58	121.57	121.53	121.49	121.43	121.36	121.29	121.2	121.12	121.02	120.91	120.8	120.68	120.55	120.42	120.27
310.6	121.78	121.77	121.73	121.68	121.63	121.56	121.49	121.41	121.32	121.23	121.12	121.01	120.89	120.77	120.63	120.49
310.7	121.98	121.97	121.93	121.88	121.83	121.76	121.69	121.61	121.53	121.43	121.33	121.22	121.1	120.98	120.85	120.71
310.8	122.18	122.16	122.13	122.08	122.03	121.96	121.89	121.81	121.73	121.64	121.54	121.43	121.32	121.19	121.06	120.92
310.9	122.37	122.36	122.33	122.28	122.23	122.16	122.09	122.02	121.93	121.84	121.74	121.64	121.53	121.4	121.28	121.14
311	122.57	122.56	122.52	122.48	122.42	122.36	122.29	122.22	122.14	122.05	121.95	121.85	121.73	121.62	121.49	121.35
311.1	122.77	122.75	122.72	122.68	122.62	122.56	122.49	122.42	122.34	122.25	122.16	122.05	121.94	121.83	121.7	121.57
311.2	122.96	122.95	122.92	122.87	122.82	122.76	122.69	122.62	122.54	122.45	122.36	122.26	122.15	122.04	121.91	121.78
311.3	123.16	123.15	123.11	123.07	123.02	122.96	122.89	122.82	122.74	122.66	122.57	122.47	122.36	122.25	122.12	122
311.4	123.35	123.34	123.31	123.27	123.22	123.16	123.09	123.02	122.95	122.86	122.77	122.67	122.57	122.46	122.34	122.21
311.5	123.55	123.54	123.51	123.46	123.42	123.36	123.29	123.22	123.15	123.06	122.97	122.88	122.78	122.66	122.55	122.42
311.6	123.74	123.73	123.7	123.66	123.61	123.56	123.49	123.43	123.35	123.27	123.18	123.08	122.98	122.87	122.76	122.64
311.7	123.94	123.93	123.9	123.86	123.81	123.76	123.69	123.63	123.55	123.47	123.38	123.29	123.19	123.08	122.97	122.85
311.8	124.14	124.12	124.1	124.06	124.01	123.95	123.89	123.83	123.75	123.67	123.59	123.49	123.4	123.29	123.18	123.06
311.9	124.33	124.32	124.29	124.25	124.21	124.15	124.09	124.03	123.95	123.88	123.79	123.7	123.6	123.5	123.39	123.27
312	124.53	124.52	124.49	124.45	124.4	124.35	124.29	124.23	124.16	124.08	123.99	123.9	123.81	123.71	123.6	123.48
312.1	124.72	124.71	124.68	124.65	124.6	124.55	124.49	124.43	124.36	124.28	124.2	124.11	124.01	123.91	123.81	123.69
312.2	124.92	124.91	124.88	124.84	124.8	124.75	124.69	124.63	124.56	124.48	124.4	124.31	124.22	124.12	124.01	123.9
312.3	125.11	125.1	125.07	125.04	124.99	124.94	124.89	124.82	124.76	124.68	124.6	124.52	124.42	124.33	124.22	124.11
312.4	125.31	125.3	125.27	125.23	125.19	125.14	125.08	125.02	124.96	124.88	124.8	124.72	124.63	124.53	124.43	124.32
312.5	125.5	125.49	125.47	125.43	125.39	125.34	125.28	125.22	125.16	125.08	125.01	124.92	124.83	124.74	124.64	124.53
312.6	125.7	125.69	125.66	125.62	125.58	125.53	125.48	125.42	125.36	125.28	125.21	125.12	125.04	124.94	124.84	124.74
312.7	125.89	125.88	125.86	125.82	125.78	125.73	125.68	125.62	125.55	125.48	125.41	125.33	125.24	125.15	125.05	124.94
312.8	126.09	126.08	126.05	126.02	125.97	125.93	125.87	125.82	125.75	125.68	125.61	125.53	125.44	125.35	125.25	125.15
312.9	126.28	126.27	126.24	126.21	126.17	126.12	126.07	126.01	125.95	125.88	125.81	125.73	125.65	125.56	125.46	125.36
313	126.47	126.46	126.44	126.41	126.37	126.32	126.27	126.21	126.15	126.08	126.01	125.93	125.85	125.76	125.67	125.56
313.1	126.67	126.66	126.63	126.6	126.56	126.52	126.47	126.41	126.35	126.28	126.21	126.13	126.05	125.96	125.87	125.77
313.2	126.86	126.85	126.83	126.8	126.76	126.71	126.66	126.61	126.55	126.48	126.41	126.34	126.25	126.17	126.08	125.98
313.3	127.06	127.05	127.02	126.99	126.95	126.91	126.86	126.81	126.75	126.68	126.61	126.54	126.46	126.37	126.28	126.18
313.4	127.25	127.24	127.22	127.19	127.15	127.1	127.06	127	126.94	126.88	126.81	126.74	126.66	126.57	126.48	126.39
313.5	127.44	127.43	127.41	127.38	127.34	127.3	127.25	127.2	127.14	127.08	127.01	126.94	126.86	126.78	126.69	126.59
313.6	127.64	127.63	127.61	127.57	127.54	127.5	127.45	127.4	127.34	127.28	127.21	127.14	127.06	126.98	126.89	126.8
313.7	127.83	127.82	127.8	127.77	127.73	127.69	127.64	127.59	127.54	127.47	127.41	127.34	127.26	127.18	127.09	127
