0	0	0.1	0.2	0.3	0.4	0.5	0.6	0.7	0.8	0.9	1	1.1	1.2	1.3	1.4	1.5
263.7	0	-0.019977	-0.061382	-0.104	-0.14668	-0.19009	-0.23397	-0.27823	-0.32294	-0.36776	-0.41256	-0.45737	-0.50204	-0.54647	-0.59078	-0.63499
263.8	0.22221	0.20225	0.1608	0.11805	0.075248	0.031693	-0.012322	-0.056712	-0.10156	-0.14652	-0.19147	-0.23641	-0.28121	-0.32579	-0.37024	-0.41457
263.9	0.44466	0.42472	0.38322	0.34034	0.29741	0.25371	0.20956	0.16504	0.12006	0.074959	0.029865	-0.015216	-0.060159	-0.10488	-0.14948	-0.19393
264	0.66733	0.64741	0.60587	0.56286	0.51979	0.47596	0.43167	0.38702	0.34191	0.29667	0.25143	0.2062	0.16112	0.11625	0.071508	0.026926
264.1	0.89005	0.87015	0.82855	0.78541	0.74221	0.69825	0.65382	0.60903	0.5638	0.51842	0.47303	0.42766	0.38243	0.33742	0.29252	0.2478
264.2	1.1127	1.0928	1.0511	1.0078	0.9645	0.9204	0.87583	0.83091	0.78556	0.74004	0.6945	0.64898	0.60362	0.55845	0.5134	0.46854
264.3	1.335	1.3151	1.2734	1.23	1.1865	1.1423	1.0976	1.0525	1.0071	0.9614	0.91571	0.87004	0.82453	0.77921	0.734	0.689
264.4	1.5573	1.5374	1.4956	1.452	1.4084	1.364	1.3192	1.274	1.2284	1.1826	1.1368	1.091	1.0453	0.99984	0.95447	0.90933
264.5	1.7794	1.7595	1.7176	1.6739	1.6302	1.5857	1.5407	1.4954	1.4497	1.4037	1.3577	1.3118	1.266	1.2204	1.1748	1.1295
264.6	2.0017	1.9817	1.9397	1.8959	1.852	1.8073	1.7622	1.7168	1.6709	1.6249	1.5787	1.5326	1.4867	1.4409	1.3952	1.3498
264.7	2.2239	2.2038	2.1617	2.1178	2.0738	2.029	1.9837	1.9381	1.8922	1.846	1.7997	1.7534	1.7073	1.6614	1.6156	1.57
264.8	2.4462	2.426	2.3837	2.3397	2.2955	2.2506	2.2052	2.1595	2.1134	2.0671	2.0206	1.9742	1.928	1.8819	1.836	1.7903
264.9	2.6685	2.6483	2.6059	2.5617	2.5174	2.4723	2.4267	2.3809	2.3347	2.2882	2.2417	2.1951	2.1487	2.1025	2.0564	2.0106
265	2.8909	2.8705	2.8279	2.7836	2.7392	2.6939	2.6482	2.6022	2.5558	2.5093	2.4626	2.4159	2.3693	2.323	2.2768	2.2308
265.1	3.1134	3.0929	3.0501	3.0056	2.9611	2.9157	2.8698	2.8236	2.7771	2.7304	2.6836	2.6367	2.5901	2.5437	2.4973	2.4512
265.2	3.3361	3.3155	3.2725	3.2278	3.1831	3.1376	3.0916	3.0453	2.9986	2.9518	2.9048	2.8578	2.811	2.7644	2.718	2.6718
265.3	3.5588	3.538	3.4948	3.45	3.4052	3.3595	3.3133	3.2668	3.22	3.173	3.1259	3.0788	3.0319	2.9852	2.9387	2.8924
265.4	3.7816	3.7608	3.7174	3.6724	3.6274	3.5816	3.5352	3.4886	3.4416	3.3944	3.3472	3.2999	3.2529	3.2061	3.1595	3.1131
265.5	4.0049	3.984	3.9403	3.8952	3.8501	3.8041	3.7575	3.7107	3.6635	3.6163	3.5688	3.5215	3.4743	3.4275	3.3807	3.3342
265.6	4.2282	4.2072	4.1633	4.118	4.0727	4.0266	3.9799	3.9329	3.8855	3.8381	3.7905	3.743	3.6958	3.6488	3.602	3.5554
265.7	4.4514	4.4302	4.3861	4.3407	4.2952	4.2489	4.202	4.1548	4.1073	4.0597	4.012	3.9644	3.917	3.8699	3.823	3.7763
265.8	4.6743	4.653	4.6087	4.5631	4.5175	4.4711	4.424	4.3766	4.3289	4.2812	4.2333	4.1855	4.1381	4.0909	4.0439	3.9971
265.9	4.8971	4.8756	4.8312	4.7854	4.7396	4.693	4.6457	4.5982	4.5503	4.5024	4.4544	4.4065	4.3589	4.3117	4.2646	4.2177
266	5.1196	5.0981	5.0534	5.0075	4.9615	4.9148	4.8673	4.8196	4.7716	4.7235	4.6754	4.6273	4.5796	4.5322	4.4851	4.4381
266.1	5.3422	5.3206	5.2757	5.2296	5.1835	5.1366	5.089	5.0411	4.9929	4.9447	4.8964	4.8482	4.8003	4.7529	4.7056	4.6585
266.2	5.5651	5.5433	5.4982	5.452	5.4057	5.3586	5.3108	5.2628	5.2144	5.166	5.1176	5.0692	5.0213	4.9737	4.9264	4.8792
266.3	5.788	5.7661	5.7209	5.6744	5.628	5.5807	5.5328	5.4846	5.4361	5.3875	5.339	5.2905	5.2424	5.1947	5.1473	5.0999
266.4	6.0113	5.9893	5.9439	5.8972	5.8506	5.8032	5.7551	5.7067	5.6581	5.6094	5.5607	5.5121	5.4638	5.416	5.3685	5.3211
266.5	6.235	6.213	6.1674	6.1206	6.0738	6.0262	5.978	5.9294	5.8807	5.8318	5.7829	5.7342	5.6858	5.6379	5.5902	5.5427
266.6	6.4589	6.4367	6.391	6.344	6.2971	6.2493	6.2009	6.1523	6.1033	6.0544	6.0053	5.9564	5.9079	5.8599	5.8121	5.7644
266.7	6.6826	6.6603	6.6144	6.5673	6.5202	6.4722	6.4237	6.3749	6.3258	6.2767	6.2275	6.1785	6.1299	6.0817	6.0337	5.9859
266.8	6.9064	6.884	6.8379	6.7906	6.7433	6.6952	6.6465	6.5976	6.5484	6.4991	6.4498	6.4007	6.3519	6.3035	6.2555	6.2075
266.9	7.1302	7.1077	7.0614	7.014	6.9666	6.9183	6.8694	6.8203	6.771	6.7216	6.6722	6.6229	6.5739	6.5255	6.4772	6.4292
267	7.3539	7.3314	7.285	7.2374	7.1898	7.1414	7.0923	7.0431	6.9936	6.9441	6.8945	6.8451	6.796	6.7474	6.699	6.6508
267.1	7.5779	7.5553	7.5087	7.461	7.4132	7.3646	7.3155	7.266	7.2165	7.1668	7.1171	7.0675	7.0182	6.9695	6.9209	6.8726
267.2	7.8019	7.7792	7.7325	7.6846	7.6367	7.5879	7.5386	7.489	7.4393	7.3895	7.3397	7.2899	7.2405	7.1916	7.1429	7.0944
267.3	8.0258	8.003	7.9561	7.9081	7.86	7.811	7.7616	7.7118	7.662	7.6121	7.5621	7.5122	7.4626	7.4135	7.3647	7.316
267.4	8.25	8.2272	8.1802	8.132	8.0837	8.0346	7.985	7.9351	7.8851	7.835	7.7849	7.7349	7.6852	7.6359	7.5869	7.5381
267.5	8.4749	8.452	8.4049	8.3565	8.3081	8.2589	8.2091	8.159	8.1089	8.0587	8.0084	7.9582	7.9084	7.8589	7.8098	7.7608
267.6	8.7002	8.6772	8.6299	8.5814	8.5329	8.4836	8.4336	8.3834	8.3331	8.2828	8.2324	8.182	8.132	8.0824	8.0331	7.984
267.7	8.9254	8.9024	8.855	8.8063	8.7571	8.7071	8.6569	8.6066	8.5561	8.5056	8.455	8.4045	8.3544	8.3046	8.2551	8.2058
267.8	9.1503	9.1273	9.0797	9.0309	8.981	8.9302	8.8799	8.8294	8.7787	8.7281	8.6774	8.6268	8.5764	8.5265	8.4768	8.4274
267.9	9.3747	9.3516	9.3039	9.255	9.205	9.1541	9.1037	9.053	9.0022	8.9514	8.9006	8.8497	8.7992	8.7491	8.6993	8.6497
268	9.5987	9.5755	9.5277	9.4787	9.4286	9.3776	9.327	9.2761	9.2251	9.1742	9.1232	9.0722	9.0215	8.9713	8.9213	8.8715
268.1	9.8223	9.7991	9.7511	9.7019	9.6517	9.6006	9.5498	9.4988	9.4477	9.3965	9.3454	9.2943	9.2434	9.193	9.1428	9.0929
268.2	10.045	10.022	9.974	9.9247	9.8744	9.8231	9.7722	9.721	9.6697	9.6184	9.5671	9.5158	9.4648	9.4142	9.3638	9.3137
268.3	10.268	10.245	10.197	10.147	10.097	10.046	9.9945	9.9432	9.8917	9.8402	9.7888	9.7374	9.6861	9.6353	9.5848	9.5345
268.4	10.492	10.468	10.42	10.37	10.32	10.268	10.217	10.165	10.114	10.062	10.011	9.959	9.9076	9.8566	9.8059	9.7555
268.5	10.715	10.692	10.643	10.593	10.543	10.491	10.44	10.388	10.336	10.284	10.233	10.181	10.129	10.078	10.027	9.9766
268.6	10.939	10.915	10.867	10.817	10.766	10.714	10.663	10.611	10.559	10.507	10.455	10.403	10.351	10.3	10.249	10.198
268.7	11.164	11.14	11.091	11.041	10.99	10.938	10.886	10.834	10.782	10.73	10.678	10.626	10.574	10.522	10.471	10.42
268.8	11.388	11.365	11.316	11.265	11.214	11.162	11.11	11.058	11.006	10.953	10.901	10.849	10.797	10.745	10.694	10.643
268.9	11.614	11.59	11.541	11.49	11.439	11.387	11.335	11.282	11.23	11.177	11.125	11.072	11.02	10.968	10.917	10.866
269	11.839	11.815	11.766	11.716	11.664	11.612	11.559	11.507	11.454	11.401	11.349	11.296	11.244	11.192	11.14	11.089
269.1	12.065	12.041	11.991	11.941	11.889	11.836	11.784	11.731	11.678	11.625	11.573	11.52	11.468	11.415	11.363	11.312
269.2	12.29	12.266	12.217	12.166	12.114	12.061	12.009	11.956	11.902	11.849	11.796	11.744	11.691	11.639	11.587	11.535
269.3	12.516	12.492	12.442	12.391	12.339	12.286	12.233	12.18	12.126	12.073	12.02	11.967	11.914	11.862	11.81	11.758
269.4	12.741	12.717	12.667	12.616	12.563	12.51	12.457	12.404	12.35	12.297	12.243	12.19	12.137	12.085	12.032	11.98
269.5	12.966	12.942	12.892	12.84	12.788	12.734	12.681	12.627	12.574	12.52	12.467	12.413	12.36	12.307	12.255	12.203
269.6	13.191	13.167	13.116	13.065	13.012	12.958	12.905	12.851	12.797	12.743	12.69	12.636	12.583	12.53	12.477	12.425
269.7	13.416	13.392	13.341	13.289	13.236	13.182	13.129	13.075	13.021	12.967	12.913	12.859	12.806	12.752	12.7	12.647
269.8	13.641	13.617	13.566	13.514	13.461	13.407	13.353	13.299	13.244	13.19	13.136	13.082	13.028	12.975	12.922	12.869
269.9	13.867	13.842	13.791	13.739	13.685	13.631	13.577	13.523	13.468	13.414	13.359	13.305	13.251	13.198	13.145	13.092
270	14.092	14.067	14.016	13.963	13.91	13.855	13.801	13.746	13.692	13.637	13.582	13.528	13.474	13.42	13.367	13.314
270.1	14.317	14.292	14.241	14.188	14.134	14.08	14.025	13.97	13.916	13.861	13.806	13.751	13.697	13.643	13.59	13.537
270.2	14.543	14.518	14.467	14.414	14.36	14.305	14.25	14.195	14.14	14.085	14.03	13.975	13.921	13.867	13.813	13.76
270.3	14.77	14.744	14.693	14.64	14.585	14.53	14.475	14.42	14.365	14.309	14.254	14.199	14.145	14.09	14.037	13.983
270.4	14.996	14.971	14.919	14.866	14.811	14.755	14.7	14.645	14.589	14.534	14.479	14.424	14.369	14.314	14.26	14.206
270.5	15.223	15.197	15.145	15.091	15.037	14.981	14.926	14.87	14.814	14.759	14.703	14.648	14.593	14.538	14.484	14.43
270.6	15.449	15.423	15.371	15.317	15.262	15.206	15.15	15.095	15.039	14.983	14.927	14.872	14.817	14.762	14.707	14.653
270.7	15.675	15.649	15.596	15.542	15.487	15.431	15.375	15.319	15.263	15.207	15.151	15.095	15.04	14.985	14.93	14.876
270.8	15.9	15.875	15.822	15.767	15.712	15.656	15.6	15.543	15.487	15.431	15.375	15.319	15.263	15.208	15.153	15.099
270.9	16.126	16.1	16.047	15.993	15.937	15.88	15.824	15.768	15.711	15.655	15.598	15.542	15.487	15.431	15.376	15.322
271	16.351	16.325	16.272	16.217	16.161	16.105	16.048	15.992	15.935	15.878	15.822	15.766	15.71	15.654	15.599	15.544
271.1	16.577	16.551	16.498	16.443	16.386	16.329	16.273	16.216	16.159	16.102	16.046	15.989	15.933	15.877	15.822	15.767
271.2	16.803	16.777	16.723	16.668	16.611	16.554	16.497	16.44	16.383	16.326	16.269	16.213	16.156	16.101	16.045	15.99
271.3	17.029	17.003	16.949	16.893	16.837	16.779	16.722	16.665	16.608	16.55	16.493	16.436	16.38	16.324	16.268	16.213
271.4	17.255	17.229	17.175	17.119	17.062	17.005	16.948	16.89	16.833	16.775	16.718	16.661	16.604	16.548	16.492	16.436
271.5	17.482	17.456	17.402	17.346	17.289	17.231	17.173	17.116	17.058	17	16.943	16.885	16.829	16.772	16.716	16.66
271.6	17.709	17.683	17.628	17.572	17.515	17.457	17.399	17.341	17.283	17.225	17.168	17.11	17.053	16.997	16.94	16.884
271.7	17.937	17.91	17.855	17.799	17.741	17.683	17.625	17.567	17.509	17.451	17.393	17.335	17.278	17.221	17.165	17.109
271.8	18.164	18.138	18.082	18.026	17.968	17.91	17.852	17.793	17.735	17.676	17.618	17.56	17.503	17.446	17.389	17.333
271.9	18.391	18.365	18.309	18.252	18.195	18.136	18.077	18.019	17.96	17.902	17.843	17.785	17.727	17.67	17.614	17.557
272	18.619	18.592	18.536	18.479	18.421	18.362	18.303	18.245	18.186	18.127	18.068	18.01	17.952	17.895	17.838	17.781
272.1	18.846	18.819	18.763	18.706	18.647	18.588	18.529	18.47	18.411	18.352	18.293	18.235	18.177	18.119	18.062	18.005
272.2	19.073	19.046	18.99	18.932	18.874	18.814	18.755	18.696	18.637	18.577	18.518	18.46	18.401	18.344	18.286	18.229
272.3	19.3	19.273	19.216	19.159	19.1	19.04	18.981	18.921	18.862	18.802	18.743	18.684	18.626	18.568	18.51	18.453
272.4	19.527	19.5	19.443	19.385	19.326	19.266	19.207	19.147	19.087	19.027	18.968	18.908	18.85	18.792	18.734	18.677
272.5	19.755	19.727	19.67	19.612	19.553	19.493	19.433	19.372	19.312	19.252	19.193	19.133	19.074	19.016	18.958	18.9
272.6	19.982	19.954	19.897	19.839	19.779	19.719	19.659	19.598	19.538	19.478	19.418	19.358	19.299	19.24	19.182	19.124
272.7	20.209	20.181	20.124	20.066	20.006	19.945	19.885	19.824	19.763	19.703	19.643	19.583	19.524	19.465	19.406	19.349
272.8	20.437	20.409	20.351	20.293	20.233	20.172	20.111	20.05	19.989	19.928	19.868	19.808	19.748	19.69	19.631	19.573
272.9	20.664	20.636	20.579	20.52	20.46	20.399	20.338	20.276	20.215	20.154	20.094	20.034	19.974	19.915	19.856	19.797
273	20.893	20.865	20.807	20.748	20.687	20.626	20.565	20.503	20.442	20.381	20.32	20.259	20.199	20.14	20.081	20.022
273.1	21.121	21.093	21.035	20.976	20.915	20.853	20.792	20.73	20.669	20.607	20.546	20.486	20.425	20.366	20.307	20.248
273.2	21.35	21.322	21.263	21.203	21.143	21.081	21.019	20.957	20.895	20.834	20.773	20.712	20.651	20.591	20.532	20.473
273.3	21.578	21.55	21.491	21.431	21.37	21.308	21.246	21.184	21.122	21.06	20.999	20.937	20.877	20.817	20.757	20.698
273.4	21.807	21.778	21.719	21.659	21.598	21.535	21.473	21.411	21.349	21.287	21.225	21.163	21.103	21.042	20.982	20.923
273.5	22.036	22.007	21.948	21.887	21.826	21.763	21.7	21.638	21.575	21.513	21.451	21.39	21.329	21.268	21.208	21.148
273.6	22.264	22.235	22.176	22.115	22.053	21.99	21.928	21.865	21.802	21.74	21.677	21.616	21.554	21.493	21.433	21.373
273.7	22.493	22.464	22.404	22.343	22.281	22.217	22.154	22.091	22.028	21.966	21.903	21.841	21.78	21.719	21.658	21.598
273.8	22.721	22.692	22.632	22.571	22.508	22.445	22.381	22.318	22.255	22.192	22.129	22.067	22.005	21.944	21.883	21.822
273.9	22.95	22.92	22.86	22.798	22.736	22.672	22.608	22.545	22.481	22.418	22.355	22.293	22.23	22.169	22.108	22.047
274	23.179	23.149	23.089	23.027	22.964	22.9	22.836	22.772	22.708	22.645	22.582	22.519	22.456	22.395	22.333	22.272
274.1	23.408	23.379	23.318	23.255	23.192	23.128	23.064	22.999	22.935	22.872	22.808	22.745	22.683	22.62	22.559	22.498
274.2	23.638	23.608	23.547	23.484	23.42	23.356	23.291	23.227	23.162	23.098	23.035	22.971	22.909	22.846	22.784	22.723
274.3	23.867	23.837	23.776	23.713	23.649	23.584	23.519	23.454	23.39	23.325	23.261	23.198	23.135	23.072	23.01	22.948
274.4	24.097	24.067	24.005	23.942	23.878	23.812	23.747	23.682	23.617	23.553	23.488	23.425	23.361	23.298	23.236	23.174
274.5	24.327	24.297	24.235	24.171	24.107	24.041	23.976	23.91	23.845	23.78	23.716	23.651	23.588	23.525	23.462	23.4
274.6	24.558	24.527	24.465	24.401	24.336	24.27	24.204	24.138	24.073	24.008	23.943	23.878	23.814	23.751	23.688	23.626
274.7	24.787	24.757	24.694	24.63	24.564	24.498	24.432	24.366	24.3	24.235	24.17	24.105	24.041	23.977	23.914	23.851
274.8	25.017	24.986	24.923	24.858	24.793	24.726	24.66	24.593	24.527	24.461	24.396	24.331	24.266	24.202	24.139	24.076
274.9	25.246	25.215	25.152	25.087	25.021	24.954	24.887	24.82	24.754	24.687	24.622	24.556	24.492	24.427	24.364	24.301
275	25.475	25.444	25.38	25.315	25.249	25.181	25.114	25.047	24.98	24.914	24.848	24.782	24.717	24.653	24.589	24.525
275.1	25.704	25.673	25.609	25.544	25.477	25.409	25.342	25.274	25.207	25.14	25.074	25.008	24.942	24.878	24.814	24.75
275.2	25.934	25.903	25.838	25.772	25.705	25.637	25.569	25.502	25.434	25.367	25.3	25.234	25.168	25.103	25.039	24.975
275.3	26.164	26.132	26.068	26.001	25.934	25.865	25.797	25.729	25.661	25.594	25.527	25.46	25.394	25.329	25.265	25.2
275.4	26.394	26.362	26.297	26.231	26.163	26.094	26.026	25.957	25.889	25.821	25.754	25.687	25.621	25.555	25.49	25.426
275.5	26.624	26.593	26.527	26.46	26.392	26.323	26.254	26.185	26.117	26.049	25.981	25.914	25.848	25.782	25.717	25.652
275.6	26.856	26.824	26.758	26.69	26.622	26.552	26.483	26.414	26.346	26.277	26.209	26.142	26.075	26.009	25.943	25.879
275.7	27.087	27.055	26.989	26.921	26.852	26.783	26.713	26.644	26.575	26.506	26.438	26.37	26.303	26.237	26.171	26.106
275.8	27.319	27.287	27.221	27.152	27.083	27.013	26.943	26.874	26.804	26.736	26.667	26.599	26.531	26.465	26.399	26.333
275.9	27.552	27.519	27.452	27.384	27.314	27.244	27.174	27.104	27.034	26.965	26.896	26.828	26.76	26.693	26.627	26.561
276	27.784	27.751	27.684	27.615	27.545	27.475	27.404	27.334	27.264	27.194	27.125	27.057	26.988	26.921	26.855	26.789
276.1	28.016	27.983	27.916	27.846	27.776	27.705	27.634	27.563	27.493	27.423	27.354	27.285	27.217	27.149	27.082	27.016
276.2	28.248	28.215	28.147	28.077	28.006	27.935	27.864	27.793	27.722	27.652	27.583	27.513	27.445	27.377	27.31	27.244
276.3	28.479	28.446	28.378	28.308	28.237	28.165	28.094	28.022	27.951	27.881	27.811	27.741	27.673	27.605	27.537	27.471
276.4	28.711	28.678	28.609	28.539	28.467	28.395	28.323	28.252	28.18	28.11	28.039	27.97	27.9	27.832	27.764	27.698
276.5	28.943	28.91	28.84	28.77	28.698	28.625	28.553	28.481	28.41	28.338	28.268	28.198	28.128	28.06	27.992	27.925
276.6	29.175	29.141	29.072	29.001	28.928	28.856	28.783	28.711	28.639	28.568	28.497	28.426	28.356	28.288	28.22	28.152
276.7	29.408	29.374	29.304	29.232	29.159	29.086	29.013	28.941	28.868	28.797	28.726	28.655	28.585	28.516	28.447	28.38
276.8	29.64	29.606	29.536	29.464	29.39	29.317	29.244	29.171	29.098	29.026	28.955	28.883	28.813	28.744	28.675	28.607
276.9	29.873	29.838	29.768	29.695	29.622	29.548	29.474	29.401	29.328	29.255	29.184	29.112	29.042	28.972	28.903	28.835
277	30.106	30.071	30	29.927	29.853	29.779	29.705	29.631	29.558	29.485	29.413	29.341	29.271	29.201	29.131	29.063
277.1	30.339	30.304	30.232	30.159	30.085	30.01	29.936	29.862	29.788	29.715	29.642	29.571	29.499	29.429	29.36	29.291
277.2	30.572	30.537	30.465	30.391	30.316	30.241	30.166	30.092	30.018	29.944	29.872	29.8	29.728	29.658	29.588	29.519
277.3	30.805	30.77	30.697	30.623	30.548	30.472	30.397	30.322	30.248	30.174	30.101	30.029	29.957	29.886	29.816	29.746
277.4	31.038	31.003	30.93	30.855	30.779	30.703	30.628	30.552	30.478	30.404	30.33	30.257	30.185	30.114	30.044	29.974
277.5	31.271	31.235	31.162	31.087	31.011	30.934	30.858	30.783	30.707	30.633	30.559	30.486	30.414	30.342	30.272	30.201
277.6	31.504	31.468	31.395	31.319	31.243	31.165	31.089	31.013	30.937	30.862	30.788	30.715	30.642	30.571	30.5	30.429
277.7	31.738	31.702	31.628	31.552	31.475	31.397	31.32	31.244	31.168	31.092	31.018	30.944	30.871	30.799	30.728	30.657
277.8	31.972	31.936	31.861	31.785	31.707	31.629	31.552	31.475	31.399	31.323	31.248	31.174	31.101	31.028	30.957	30.886
277.9	32.207	32.171	32.096	32.019	31.941	31.862	31.784	31.707	31.63	31.554	31.479	31.405	31.331	31.258	31.186	31.114
278	32.443	32.406	32.33	32.253	32.174	32.095	32.017	31.939	31.862	31.786	31.71	31.635	31.561	31.488	31.416	31.344
278.1	32.678	32.641	32.565	32.487	32.408	32.329	32.25	32.172	32.094	32.017	31.941	31.866	31.792	31.718	31.645	31.573
278.2	32.914	32.876	32.8	32.722	32.642	32.562	32.483	32.404	32.326	32.249	32.173	32.097	32.022	31.948	31.875	31.803
278.3	33.149	33.112	33.035	32.956	32.876	32.796	32.716	32.637	32.558	32.481	32.404	32.328	32.253	32.178	32.105	32.032
278.4	33.385	33.347	33.27	33.191	33.11	33.029	32.949	32.869	32.79	32.712	32.635	32.559	32.483	32.409	32.335	32.262
278.5	33.621	33.583	33.505	33.425	33.344	33.263	33.182	33.102	33.022	32.944	32.866	32.79	32.714	32.639	32.565	32.491
278.6	33.857	33.819	33.74	33.66	33.578	33.496	33.415	33.334	33.255	33.176	33.098	33.021	32.944	32.869	32.795	32.721
278.7	34.093	34.054	33.976	33.895	33.813	33.73	33.648	33.567	33.487	33.408	33.329	33.252	33.175	33.099	33.025	32.95
278.8	34.33	34.291	34.211	34.13	34.047	33.964	33.882	33.8	33.72	33.64	33.561	33.483	33.406	33.33	33.255	33.18
278.9	34.567	34.527	34.447	34.365	34.282	34.198	34.116	34.034	33.952	33.872	33.793	33.715	33.637	33.561	33.485	33.41
279	34.804	34.764	34.684	34.601	34.517	34.433	34.35	34.267	34.186	34.105	34.025	33.947	33.869	33.792	33.716	33.641
279.1	35.042	35.002	34.92	34.837	34.753	34.668	34.584	34.501	34.419	34.338	34.258	34.179	34.1	34.023	33.947	33.871
279.2	35.28	35.239	35.157	35.073	34.988	34.903	34.819	34.735	34.653	34.571	34.49	34.411	34.332	34.254	34.178	34.102
279.3	35.518	35.477	35.394	35.309	35.224	35.138	35.053	34.969	34.886	34.804	34.723	34.643	34.563	34.485	34.408	34.332
279.4	35.755	35.714	35.63	35.545	35.459	35.372	35.287	35.202	35.119	35.036	34.955	34.874	34.794	34.716	34.639	34.562
279.5	35.993	35.952	35.867	35.781	35.694	35.607	35.521	35.436	35.352	35.269	35.187	35.106	35.026	34.947	34.869	34.792
279.6	36.232	36.19	36.104	36.017	35.93	35.842	35.756	35.67	35.585	35.501	35.419	35.337	35.257	35.178	35.1	35.022
279.7	36.471	36.428	36.342	36.254	36.166	36.078	35.991	35.905	35.819	35.735	35.652	35.57	35.489	35.409	35.331	35.253
279.8	36.711	36.668	36.58	36.492	36.403	36.314	36.227	36.14	36.054	35.969	35.885	35.803	35.721	35.641	35.562	35.484
279.9	36.951	36.907	36.819	36.73	36.64	36.551	36.462	36.375	36.288	36.203	36.119	36.036	35.954	35.873	35.794	35.716
280	37.191	37.147	37.058	36.968	36.877	36.787	36.698	36.61	36.523	36.437	36.352	36.269	36.186	36.105	36.026	35.947
280.1	37.431	37.386	37.296	37.205	37.114	37.023	36.933	36.845	36.757	36.671	36.586	36.501	36.419	36.337	36.257	36.178
280.2	37.671	37.626	37.535	37.443	37.351	37.259	37.169	37.08	36.992	36.905	36.819	36.734	36.651	36.569	36.488	36.409
280.3	37.912	37.866	37.774	37.681	37.588	37.496	37.405	37.315	37.227	37.139	37.053	36.968	36.884	36.801	36.72	36.64
280.4	38.152	38.106	38.013	37.919	37.826	37.733	37.641	37.551	37.461	37.373	37.286	37.201	37.116	37.033	36.952	36.871
280.5	38.393	38.347	38.252	38.158	38.063	37.97	37.877	37.786	37.696	37.607	37.52	37.434	37.349	37.265	37.184	37.103
280.6	38.635	38.587	38.492	38.396	38.301	38.207	38.114	38.022	37.931	37.842	37.754	37.667	37.582	37.498	37.415	37.334
280.7	38.877	38.829	38.732	38.636	38.54	38.444	38.351	38.258	38.167	38.077	37.988	37.901	37.815	37.731	37.648	37.566
280.8	39.12	39.071	38.973	38.876	38.779	38.683	38.588	38.495	38.403	38.313	38.224	38.136	38.049	37.964	37.881	37.799
280.9	39.364	39.315	39.216	39.117	39.019	38.922	38.827	38.733	38.641	38.549	38.46	38.371	38.284	38.199	38.115	38.032
281	39.609	39.559	39.458	39.359	39.26	39.162	39.066	38.971	38.878	38.786	38.696	38.607	38.52	38.434	38.349	38.266
281.1	39.855	39.804	39.702	39.601	39.501	39.402	39.305	39.21	39.116	39.024	38.933	38.843	38.755	38.669	38.584	38.5
281.2	40.1	40.048	39.945	39.843	39.742	39.643	39.545	39.448	39.354	39.261	39.169	39.079	38.991	38.904	38.818	38.734
281.3	40.346	40.293	40.188	40.085	39.983	39.883	39.784	39.687	39.591	39.498	39.406	39.315	39.226	39.138	39.053	38.968
281.4	40.592	40.538	40.431	40.327	40.224	40.122	40.023	39.925	39.829	39.735	39.642	39.551	39.461	39.373	39.286	39.201
281.5	40.837	40.783	40.675	40.569	40.465	40.362	40.261	40.163	40.066	39.971	39.878	39.786	39.695	39.607	39.52	39.434
281.6	41.083	41.028	40.918	40.811	40.705	40.602	40.5	40.4	40.303	40.207	40.113	40.021	39.93	39.841	39.753	39.667
281.7	41.33	41.274	41.162	41.053	40.946	40.841	40.739	40.638	40.54	40.444	40.349	40.256	40.164	40.075	39.987	39.9
281.8	41.578	41.52	41.406	41.296	41.188	41.082	40.978	40.877	40.777	40.68	40.585	40.492	40.399	40.309	40.221	40.134
281.9	41.826	41.767	41.651	41.539	41.43	41.322	41.218	41.115	41.015	40.918	40.822	40.727	40.635	40.544	40.455	40.367
282	42.075	42.015	41.897	41.783	41.672	41.564	41.458	41.355	41.254	41.155	41.059	40.964	40.87	40.779	40.689	40.601
282.1	42.326	42.264	42.143	42.028	41.916	41.806	41.699	41.594	41.493	41.393	41.296	41.201	41.107	41.014	40.924	40.836
282.2	42.577	42.514	42.391	42.274	42.16	42.048	41.94	41.835	41.732	41.632	41.534	41.438	41.343	41.25	41.16	41.071
282.3	42.83	42.765	42.64	42.52	42.404	42.291	42.182	42.076	41.972	41.871	41.772	41.675	41.58	41.487	41.396	41.306
282.4	43.083	43.017	42.889	42.767	42.649	42.535	42.424	42.317	42.212	42.11	42.011	41.913	41.817	41.723	41.632	41.541
282.5	43.337	43.27	43.138	43.014	42.895	42.779	42.667	42.558	42.453	42.35	42.249	42.151	42.054	41.96	41.867	41.777
282.6	43.592	43.523	43.388	43.261	43.14	43.022	42.909	42.799	42.692	42.589	42.487	42.388	42.291	42.196	42.103	42.011
282.7	43.847	43.776	43.638	43.508	43.385	43.265	43.15	43.039	42.932	42.827	42.725	42.625	42.527	42.431	42.338	42.246
282.8	44.102	44.03	43.888	43.756	43.63	43.508	43.392	43.279	43.171	43.065	42.962	42.862	42.763	42.667	42.572	42.48
282.9	44.359	44.285	44.139	44.004	43.876	43.752	43.634	43.52	43.41	43.304	43.2	43.099	42.999	42.902	42.807	42.714
283	44.617	44.54	44.391	44.253	44.122	43.996	43.876	43.761	43.65	43.542	43.438	43.335	43.235	43.137	43.042	42.948
283.1	44.876	44.797	44.644	44.502	44.369	44.241	44.119	44.002	43.89	43.781	43.675	43.572	43.471	43.373	43.277	43.182
283.2	45.136	45.055	44.898	44.752	44.616	44.485	44.362	44.243	44.13	44.02	43.913	43.809	43.707	43.608	43.511	43.416
283.3	45.397	45.314	45.152	45.003	44.863	44.73	44.605	44.485	44.37	44.259	44.151	44.046	43.944	43.844	43.746	43.65
283.4	45.66	45.574	45.408	45.255	45.112	44.977	44.849	44.727	44.61	44.498	44.389	44.283	44.18	44.079	43.981	43.884
283.5	45.924	45.836	45.665	45.508	45.362	45.224	45.094	44.97	44.852	44.738	44.628	44.521	44.417	44.316	44.217	44.119
283.6	46.19	46.099	45.924	45.762	45.613	45.472	45.339	45.213	45.094	44.979	44.867	44.76	44.655	44.552	44.452	44.355
283.7	46.457	46.364	46.183	46.017	45.864	45.72	45.585	45.457	45.336	45.219	45.107	44.998	44.892	44.789	44.688	44.589
283.8	46.725	46.629	46.443	46.273	46.116	45.969	45.831	45.701	45.578	45.46	45.346	45.236	45.129	45.025	44.924	44.824
283.9	46.994	46.895	46.704	46.53	46.369	46.218	46.078	45.945	45.82	45.7	45.585	45.474	45.366	45.261	45.159	45.059
284	47.264	47.163	46.966	46.787	46.622	46.468	46.324	46.19	46.062	45.941	45.824	45.712	45.603	45.497	45.394	45.293
284.1	47.536	47.432	47.23	47.045	46.876	46.718	46.572	46.434	46.305	46.182	46.064	45.95	45.84	45.733	45.629	45.528
284.2	47.809	47.701	47.493	47.304	47.13	46.969	46.819	46.679	46.547	46.422	46.303	46.188	46.076	45.969	45.864	45.761
284.3	48.083	47.972	47.759	47.564	47.385	47.22	47.067	46.924	46.79	46.663	46.542	46.425	46.313	46.204	46.098	45.995
284.4	48.359	48.245	48.025	47.825	47.641	47.472	47.316	47.17	47.034	46.905	46.782	46.664	46.55	46.44	46.333	46.229
284.5	48.636	48.519	48.293	48.087	47.899	47.725	47.566	47.417	47.277	47.146	47.021	46.902	46.786	46.675	46.568	46.463
284.6	48.915	48.795	48.563	48.35	48.157	47.979	47.816	47.664	47.522	47.388	47.261	47.14	47.024	46.911	46.803	46.697
284.7	49.197	49.074	48.836	48.618	48.419	48.237	48.07	47.914	47.769	47.633	47.505	47.382	47.264	47.15	47.04	46.933
284.8	49.481	49.348	49.097	48.873	48.669	48.482	48.31	48.151	48.004	47.865	47.734	47.609	47.49	47.375	47.264	47.156
284.9	49.767	49.615	49.341	49.111	48.901	48.709	48.533	48.37	48.219	48.078	47.945	47.818	47.697	47.581	47.469	47.36
285	50.056	49.893	49.604	49.367	49.151	48.954	48.774	48.607	48.453	48.309	48.173	48.045	47.922	47.804	47.691	47.581
285.1	50.347	50.181	49.886	49.642	49.42	49.218	49.033	48.862	48.705	48.558	48.42	48.289	48.165	48.045	47.931	47.82
285.2	50.64	50.47	50.167	49.916	49.688	49.48	49.291	49.116	48.954	48.804	48.664	48.531	48.405	48.284	48.168	48.056
285.3	50.934	50.76	50.45	50.192	49.957	49.743	49.549	49.37	49.204	49.051	48.908	48.773	48.644	48.522	48.405	48.292
285.4	51.229	51.051	50.733	50.468	50.226	50.007	49.807	49.623	49.454	49.298	49.152	49.014	48.884	48.76	48.641	48.527
285.5	51.526	51.343	51.017	50.745	50.497	50.271	50.066	49.878	49.705	49.544	49.395	49.255	49.123	48.997	48.877	48.761
285.6	51.823	51.637	51.303	51.023	50.768	50.536	50.325	50.132	49.955	49.791	49.639	49.496	49.362	49.234	49.112	48.995
285.7	52.123	51.932	51.591	51.303	51.041	50.802	50.586	50.388	50.206	50.038	49.883	49.738	49.601	49.471	49.348	49.229
285.8	52.425	52.23	51.88	51.585	51.315	51.07	50.848	50.645	50.459	50.287	50.128	49.98	49.84	49.709	49.584	49.464
285.9	52.729	52.53	52.172	51.869	51.592	51.34	51.112	50.903	50.713	50.537	50.374	50.223	50.081	49.947	49.82	49.699
286	53.036	52.833	52.467	52.156	51.872	51.613	51.378	51.164	50.968	50.788	50.622	50.468	50.323	50.187	50.058	49.935
286.1	53.345	53.138	52.764	52.445	52.153	51.887	51.646	51.426	51.226	51.041	50.871	50.713	50.566	50.428	50.297	50.172
286.2	53.656	53.445	53.063	52.736	52.437	52.163	51.916	51.69	51.484	51.295	51.121	50.96	50.81	50.669	50.536	50.409
286.3	53.969	53.755	53.364	53.029	52.722	52.441	52.187	51.956	51.745	51.551	51.373	51.208	51.055	50.911	50.776	50.647
286.4	54.285	54.067	53.668	53.325	53.01	52.722	52.461	52.223	52.007	51.808	51.625	51.457	51.3	51.154	51.017	50.886
286.5	54.603	54.38	53.974	53.623	53.3	53.004	52.736	52.492	52.27	52.066	51.879	51.707	51.547	51.398	51.258	51.125
286.6	54.922	54.696	54.283	53.924	53.593	53.289	53.014	52.764	52.536	52.327	52.136	51.959	51.795	51.643	51.501	51.366
286.7	55.244	55.014	54.59	54.219	53.88	53.569	53.287	53.03	52.796	52.582	52.386	52.205	52.038	51.882	51.737	51.6
286.8	55.568	55.335	54.894	54.507	54.16	53.841	53.551	53.288	53.048	52.828	52.627	52.442	52.271	52.112	51.964	51.825
286.9	55.894	55.657	55.205	54.807	54.452	54.125	53.827	53.556	53.31	53.085	52.879	52.689	52.514	52.352	52.201	52.06
287	56.223	55.982	55.524	55.118	54.754	54.419	54.114	53.836	53.584	53.353	53.142	52.947	52.768	52.603	52.449	52.304
287.1	56.554	56.31	55.844	55.43	55.059	54.716	54.403	54.118	53.859	53.622	53.406	53.206	53.023	52.853	52.696	52.549
287.2	56.888	56.641	56.168	55.746	55.366	55.015	54.695	54.402	54.137	53.894	53.672	53.467	53.279	53.106	52.946	52.796
287.3	57.224	56.974	56.494	56.064	55.676	55.317	54.989	54.689	54.416	54.168	53.94	53.73	53.538	53.36	53.196	53.043
287.4	57.562	57.308	56.821	56.384	55.988	55.621	55.284	54.977	54.697	54.442	54.209	53.994	53.796	53.615	53.447	53.291
287.5	57.9	57.644	57.15	56.705	56.301	55.925	55.581	55.266	54.979	54.718	54.478	54.258	54.056	53.87	53.698	53.539
287.6	58.24	57.981	57.481	57.028	56.617	56.233	55.881	55.558	55.264	54.996	54.75	54.524	54.317	54.127	53.951	53.788
287.7	58.582	58.32	57.814	57.351	56.929	56.537	56.177	55.846	55.545	55.27	55.018	54.786	54.574	54.379	54.199	54.032
287.8	58.927	58.662	58.149	57.673	57.237	56.837	56.469	56.13	55.821	55.539	55.281	55.044	54.826	54.626	54.442	54.272
287.9	59.273	59.006	58.487	58.001	57.555	57.147	56.771	56.424	56.108	55.819	55.554	55.311	55.087	54.883	54.694	54.52
288	59.621	59.351	58.826	58.333	57.88	57.465	57.08	56.726	56.401	56.105	55.834	55.585	55.355	55.146	54.953	54.774
288.1	59.97	59.698	59.167	58.667	58.206	57.783	57.39	57.028	56.696	56.392	56.114	55.859	55.624	55.409	55.211	55.029
288.2	60.321	60.047	59.51	59.004	58.535	58.104	57.704	57.333	56.993	56.682	56.397	56.136	55.895	55.674	55.472	55.285
288.3	60.675	60.398	59.856	59.343	58.867	58.429	58.02	57.642	57.294	56.975	56.684	56.415	56.169	55.943	55.735	55.544
288.4	61.031	60.752	60.205	59.685	59.202	58.755	58.339	57.953	57.597	57.271	56.972	56.697	56.445	56.213	56	55.804
288.5	61.389	61.108	60.556	60.03	59.539	59.084	58.66	58.267	57.903	57.569	57.262	56.981	56.722	56.485	56.267	56.066
288.6	61.748	61.465	60.909	60.376	59.878	59.416	58.985	58.583	58.212	57.87	57.556	57.267	57.002	56.759	56.536	56.33
288.7	62.107	61.823	61.262	60.723	60.219	59.75	59.31	58.901	58.522	58.172	57.851	57.555	57.284	57.035	56.806	56.596
288.8	62.468	62.183	61.618	61.073	60.561	60.085	59.638	59.221	58.834	58.477	58.148	57.846	57.568	57.313	57.078	56.863
288.9	62.83	62.543	61.974	61.424	60.906	60.423	59.969	59.544	59.15	58.785	58.448	58.139	57.854	57.593	57.353	57.132
289	63.192	62.905	62.332	61.776	61.252	60.76	60.297	59.865	59.463	59.09	58.746	58.429	58.137	57.87	57.624	57.398
289.1	63.556	63.267	62.692	62.13	61.6	61.098	60.624	60.185	59.775	59.395	59.043	58.719	58.421	58.147	57.895	57.663
289.2	63.921	63.632	63.053	62.487	61.95	61.441	60.959	60.513	60.096	59.708	59.349	59.017	58.712	58.431	58.174	57.936
289.3	64.287	63.997	63.416	62.845	62.303	61.787	61.299	60.846	60.421	60.026	59.659	59.32	59.008	58.721	58.457	58.214
289.4	64.655	64.365	63.781	63.206	62.658	62.136	61.641	61.181	60.749	60.346	59.973	59.626	59.306	59.013	58.743	58.494
289.5	65.024	64.733	64.147	63.568	63.015	62.487	61.986	61.518	61.079	60.669	60.288	59.934	59.607	59.306	59.03	58.775
289.6	65.394	65.103	64.515	63.931	63.373	62.84	62.331	61.856	61.411	60.993	60.605	60.244	59.909	59.602	59.319	59.058
289.7	65.764	65.473	64.883	64.296	63.733	63.194	62.679	62.197	61.745	61.321	60.925	60.556	60.215	59.9	59.611	59.344
289.8	66.136	65.844	65.253	64.663	64.095	63.55	63.03	62.541	62.082	61.651	61.248	60.872	60.524	60.202	59.906	59.633
289.9	66.509	66.217	65.624	65.031	64.459	63.909	63.382	62.888	62.422	61.984	61.574	61.191	60.835	60.506	60.204	59.924
290	66.882	66.594	66.005	65.408	64.832	64.277	63.745	63.243	62.77	62.324	61.907	61.517	61.154	60.818	60.509	60.223
290.1	67.254	66.938	66.319	65.719	65.139	64.579	64.042	63.532	63.05	62.598	62.174	61.777	61.407	61.064	60.747	60.455
290.2	67.627	67.268	66.605	66.003	65.42	64.855	64.312	63.796	63.307	62.849	62.418	62.014	61.637	61.287	60.963	60.664
290.3	68	67.635	66.966	66.362	65.775	65.206	64.658	64.136	63.642	63.177	62.739	62.328	61.944	61.587	61.256	60.951
290.4	68.374	68.014	67.349	66.744	66.154	65.581	65.028	64.501	64	63.529	63.084	62.667	62.275	61.911	61.574	61.261
290.5	68.748	68.391	67.73	67.123	66.53	65.953	65.396	64.864	64.357	63.879	63.428	63.003	62.605	62.233	61.889	61.57
290.6	69.122	68.769	68.111	67.502	66.907	66.327	65.765	65.228	64.715	64.23	63.773	63.342	62.936	62.558	62.207	61.881
290.7	69.496	69.146	68.491	67.882	67.284	66.7	66.135	65.593	65.075	64.584	64.121	63.683	63.271	62.886	62.527	62.195
290.8	69.87	69.524	68.873	68.262	67.662	67.076	66.506	65.96	65.436	64.941	64.471	64.027	63.608	63.216	62.851	62.511
290.9	70.245	69.903	69.255	68.643	68.041	67.452	66.88	66.329	65.8	65.298	64.821	64.37	63.945	63.546	63.174	62.828
291	70.62	70.281	69.637	69.025	68.421	67.829	67.253	66.698	66.166	65.657	65.173	64.716	64.284	63.878	63.499	63.146
291.1	70.994	70.659	70.018	69.406	68.8	68.207	67.628	67.069	66.532	66.018	65.529	65.066	64.627	64.215	63.83	63.469
291.2	71.368	71.037	70.4	69.787	69.181	68.585	68.003	67.441	66.9	66.381	65.886	65.417	64.973	64.554	64.162	63.795
291.3	71.742	71.415	70.783	70.171	69.563	68.966	68.382	67.816	67.271	66.747	66.247	65.772	65.321	64.896	64.498	64.124
291.4	72.116	71.792	71.157	70.539	69.93	69.33	68.744	68.175	67.626	67.099	66.593	66.112	65.656	65.224	64.819	64.439
291.5	72.49	72.169	71.527	70.896	70.286	69.686	69.097	68.526	67.973	67.441	66.931	66.445	65.983	65.545	65.133	64.746
291.6	72.863	72.546	71.905	71.273	70.662	70.06	69.47	68.896	68.34	67.804	67.289	66.799	66.331	65.887	65.469	65.076
291.7	73.235	72.922	72.288	71.657	71.047	70.443	69.851	69.275	68.716	68.176	67.657	67.161	66.687	66.238	65.814	65.414
291.8	73.607	73.298	72.668	72.04	71.429	70.825	70.231	69.652	69.09	68.548	68.024	67.523	67.044	66.589	66.158	65.752
291.9	73.979	73.673	73.049	72.423	71.812	71.207	70.612	70.031	69.466	68.92	68.393	67.887	67.403	66.942	66.506	66.094
292	74.35	74.048	73.429	72.805	72.194	71.589	70.992	70.409	69.842	69.293	68.762	68.252	67.763	67.297	66.855	66.437
292.1	74.721	74.422	73.808	73.187	72.577	71.971	71.373	70.788	70.219	69.667	69.133	68.619	68.125	67.654	67.206	66.782
292.2	75.091	74.796	74.187	73.568	72.958	72.352	71.753	71.166	70.595	70.04	69.503	68.985	68.487	68.01	67.557	67.127
292.3	75.461	75.169	74.566	73.944	73.33	72.724	72.125	71.537	70.963	70.406	69.865	69.344	68.842	68.36	67.901	67.466
292.4	75.83	75.541	74.944	74.321	73.705	73.099	72.499	71.91	71.335	70.775	70.232	69.707	69.2	68.714	68.251	67.81
292.5	76.198	75.913	75.321	74.702	74.088	73.482	72.882	72.292	71.715	71.153	70.607	70.079	69.568	69.077	68.607	68.161
292.6	76.565	76.283	75.696	75.081	74.468	73.864	73.263	72.672	72.093	71.529	70.98	70.45	69.936	69.439	68.963	68.511
292.7	76.93	76.652	76.07	75.458	74.848	74.244	73.643	73.051	72.471	71.905	71.354	70.821	70.303	69.802	69.322	68.866
292.8	77.295	77.02	76.443	75.835	75.227	74.624	74.024	73.431	72.85	72.282	71.729	71.193	70.672	70.167	69.683	69.221
292.9	77.658	77.386	76.815	76.21	75.603	75	74.399	73.806	73.224	72.655	72.1	71.561	71.037	70.529	70.039	69.573
293	78.019	77.75	77.185	76.583	75.974	75.368	74.768	74.175	73.591	73.021	72.464	71.923	71.396	70.885	70.391	69.92
293.1	78.378	78.113	77.553	76.955	76.346	75.739	75.141	74.547	73.963	73.391	72.833	72.289	71.76	71.245	70.748	70.273
293.2	78.736	78.474	77.919	77.325	76.719	76.115	75.517	74.923	74.339	73.766	73.206	72.661	72.129	71.611	71.11	70.63
293.3	79.093	78.834	78.284	77.694	77.091	76.489	75.892	75.299	74.714	74.14	73.579	73.031	72.497	71.977	71.472	70.988
293.4	79.449	79.193	78.649	78.062	77.462	76.862	76.267	75.674	75.089	74.514	73.952	73.403	72.867	72.344	71.836	71.348
293.5	79.804	79.551	79.012	78.43	77.833	77.235	76.641	76.049	75.463	74.889	74.326	73.775	73.237	72.711	72.2	71.709
293.6	80.158	79.908	79.374	78.796	78.203	77.607	77.015	76.423	75.838	75.263	74.699	74.147	73.607	73.079	72.566	72.071
293.7	80.511	80.264	79.736	79.163	78.572	77.979	77.388	76.798	76.213	75.638	75.073	74.52	73.978	73.448	72.933	72.435
293.8	80.864	80.62	80.098	79.528	78.941	78.351	77.762	77.173	76.589	76.013	75.448	74.893	74.35	73.819	73.301	72.8
293.9	81.216	80.975	80.458	79.893	79.31	78.722	78.135	77.548	76.964	76.388	75.822	75.267	74.722	74.189	73.669	73.166
294	81.566	81.329	80.818	80.257	79.677	79.092	78.507	77.921	77.338	76.762	76.196	75.64	75.094	74.56	74.038	73.531
294.1	81.916	81.681	81.175	80.619	80.043	79.461	78.876	78.29	77.708	77.133	76.566	76.009	75.463	74.927	74.403	73.894
294.2	82.263	82.032	81.532	80.981	80.408	79.828	79.245	78.659	78.079	77.504	76.937	76.38	75.832	75.295	74.77	74.259
294.3	82.61	82.382	81.887	81.34	80.772	80.195	79.614	79.031	78.452	77.878	77.311	76.753	76.205	75.667	75.14	74.627
294.4	82.955	82.732	82.245	81.703	81.139	80.565	79.987	79.406	78.828	78.255	77.689	77.131	76.581	76.042	75.515	75
294.5	83.298	83.065	82.57	82.033	81.473	80.903	80.327	79.748	79.173	78.6	78.035	77.476	76.926	76.386	75.858	75.341
294.6	83.64	83.379	82.861	82.329	81.773	81.206	80.634	80.057	79.483	78.912	78.347	77.788	77.238	76.697	76.167	75.65
294.7	83.98	83.712	83.19	82.663	82.11	81.547	80.978	80.403	79.831	79.262	78.697	78.139	77.588	77.047	76.516	75.997
294.8	84.318	84.059	83.548	83.026	82.478	81.918	81.352	80.78	80.21	79.642	79.078	78.521	77.97	77.428	76.896	76.376
294.9	84.654	84.402	83.899	83.382	82.839	82.283	81.72	81.151	80.583	80.016	79.453	78.896	78.345	77.803	77.27	76.749
295	84.989	84.742	84.248	83.737	83.198	82.646	82.086	81.52	80.954	80.389	79.828	79.271	78.72	78.177	77.644	77.121
295.1	85.321	85.08	84.595	84.089	83.555	83.007	82.45	81.886	81.322	80.758	80.197	79.641	79.09	78.547	78.014	77.49
295.2	85.651	85.416	84.939	84.439	83.909	83.365	82.811	82.251	81.688	81.124	80.565	80.009	79.459	78.916	78.382	77.857
295.3	85.979	85.749	85.282	84.786	84.262	83.722	83.172	82.614	82.054	81.492	80.934	80.38	79.83	79.287	78.752	78.226
295.4	86.304	86.08	85.621	85.132	84.612	84.076	83.53	82.975	82.418	81.858	81.301	80.748	80.199	79.656	79.121	78.594
295.5	86.627	86.409	85.958	85.474	84.96	84.428	83.886	83.335	82.78	82.222	81.667	81.115	80.566	80.023	79.488	78.961
295.6	86.949	86.736	86.294	85.816	85.306	84.779	84.241	83.693	83.141	82.586	82.032	81.481	80.933	80.391	79.856	79.328
295.7	87.27	87.062	86.628	86.156	85.652	85.13	84.595	84.051	83.501	82.949	82.397	81.847	81.3	80.759	80.224	79.696
295.8	87.59	87.387	86.961	86.496	85.997	85.479	84.949	84.408	83.862	83.312	82.762	82.213	81.668	81.127	80.592	80.064
295.9	87.909	87.711	87.293	86.834	86.34	85.828	85.301	84.764	84.221	83.674	83.126	82.579	82.035	81.495	80.961	80.433
296	88.226	88.033	87.624	87.171	86.684	86.176	85.654	85.121	84.581	84.037	83.49	82.945	82.402	81.863	81.329	80.802
296.1	88.541	88.353	87.947	87.495	87.014	86.511	85.993	85.464	84.928	84.386	83.842	83.297	82.756	82.218	81.685	81.158
296.2	88.854	88.67	88.266	87.814	87.339	86.841	86.328	85.803	85.27	84.731	84.189	83.646	83.106	82.57	82.037	81.511
296.3	89.165	88.986	88.589	88.144	87.674	87.182	86.673	86.152	85.623	85.088	84.548	84.007	83.469	82.934	82.403	81.877
296.4	89.473	89.298	88.91	88.472	88.008	87.522	87.018	86.502	85.976	85.444	84.908	84.369	83.832	83.299	82.769	82.243
296.5	89.779	89.608	89.228	88.797	88.34	87.858	87.36	86.848	86.326	85.797	85.264	84.728	84.193	83.661	83.132	82.607
296.6	90.081	89.915	89.543	89.119	88.668	88.192	87.699	87.191	86.673	86.148	85.618	85.084	84.552	84.021	83.493	82.969
296.7	90.382	90.22	89.855	89.439	88.994	88.524	88.036	87.533	87.019	86.497	85.971	85.44	84.909	84.38	83.853	83.331
296.8	90.681	90.522	90.166	89.756	89.318	88.854	88.371	87.872	87.363	86.845	86.321	85.794	85.265	84.738	84.212	83.691
296.9	90.978	90.824	90.474	90.072	89.639	89.182	88.704	88.211	87.705	87.191	86.671	86.146	85.62	85.094	84.57	84.05
297	91.274	91.123	90.782	90.386	89.96	89.508	89.036	88.548	88.047	87.537	87.02	86.498	85.974	85.45	84.927	84.407
297.1	91.569	91.421	91.087	90.697	90.276	89.83	89.364	88.88	88.384	87.877	87.364	86.846	86.324	85.801	85.28	84.761
297.2	91.862	91.718	91.391	91.006	90.589	90.149	89.689	89.21	88.718	88.216	87.707	87.192	86.673	86.152	85.632	85.115
297.3	92.153	92.013	91.693	91.315	90.904	90.471	90.015	89.543	89.055	88.557	88.052	87.54	87.024	86.505	85.988	85.472
297.4	92.442	92.305	91.992	91.621	91.218	90.79	90.341	89.873	89.391	88.897	88.395	87.887	87.374	86.857	86.341	85.827
297.5	92.729	92.596	92.29	91.925	91.528	91.107	90.663	90.201	89.724	89.235	88.737	88.232	87.722	87.208	86.694	86.181
297.6	93.014	92.884	92.585	92.228	91.837	91.422	90.984	90.528	90.055	89.57	89.076	88.575	88.068	87.557	87.045	86.534
297.7	93.298	93.171	92.878	92.528	92.144	91.734	91.303	90.852	90.385	89.904	89.414	88.917	88.413	87.905	87.395	86.886
297.8	93.579	93.455	93.17	92.825	92.448	92.045	91.62	91.175	90.712	90.237	89.751	89.257	88.757	88.251	87.744	87.236
297.9	93.858	93.738	93.458	93.121	92.75	92.353	91.934	91.494	91.037	90.566	90.085	89.595	89.098	88.596	88.09	87.584
298	94.136	94.018	93.745	93.414	93.049	92.658	92.245	91.811	91.36	90.893	90.416	89.93	89.437	88.938	88.435	87.93
298.1	94.411	94.297	94.03	93.706	93.347	92.962	92.555	92.127	91.681	91.22	90.747	90.265	89.775	89.279	88.779	88.277
298.2	94.686	94.574	94.313	93.996	93.643	93.265	92.864	92.442	92.001	91.545	91.076	90.598	90.112	89.62	89.122	88.623
298.3	94.958	94.849	94.595	94.283	93.937	93.565	93.17	92.754	92.319	91.868	91.404	90.93	90.448	89.958	89.464	88.967
298.4	95.229	95.123	94.874	94.569	94.229	93.864	93.475	93.064	92.635	92.189	91.73	91.26	90.781	90.296	89.805	89.31
298.5	95.498	95.394	95.151	94.853	94.519	94.16	93.777	93.372	92.948	92.508	92.054	91.588	91.114	90.632	90.144	89.652
298.6	95.766	95.665	95.427	95.134	94.807	94.454	94.077	93.679	93.261	92.826	92.376	91.915	91.445	90.966	90.482	89.992
298.7	96.032	95.933	95.701	95.415	95.094	94.746	94.375	93.982	93.57	93.14	92.696	92.24	91.773	91.298	90.817	90.331
298.8	96.297	96.201	95.974	95.694	95.379	95.037	94.67	94.284	93.877	93.453	93.014	92.562	92.1	91.629	91.151	90.668
298.9	96.56	96.466	96.245	95.97	95.662	95.325	94.965	94.584	94.184	93.765	93.331	92.884	92.426	91.959	91.485	91.005
299	96.821	96.73	96.514	96.245	95.942	95.612	95.258	94.883	94.488	94.075	93.647	93.204	92.751	92.288	91.817	91.34
299.1	97.081	96.992	96.781	96.517	96.221	95.897	95.549	95.18	94.791	94.384	93.96	93.523	93.074	92.615	92.148	91.674
299.2	97.34	97.252	97.046	96.788	96.498	96.18	95.837	95.474	95.091	94.69	94.272	93.839	93.395	92.94	92.477	92.007
299.3	97.596	97.511	97.309	97.057	96.772	96.46	96.124	95.767	95.39	94.994	94.581	94.154	93.714	93.264	92.804	92.338
299.4	97.851	97.768	97.571	97.324	97.045	96.739	96.409	96.058	95.686	95.296	94.889	94.467	94.032	93.586	93.13	92.668
299.5	98.104	98.024	97.831	97.589	97.316	97.015	96.691	96.346	95.981	95.596	95.195	94.778	94.347	93.906	93.455	92.996
299.6	98.356	98.278	98.089	97.853	97.585	97.29	96.972	96.633	96.273	95.894	95.498	95.086	94.661	94.224	93.777	93.321
299.7	98.607	98.53	98.346	98.115	97.852	97.563	97.251	96.918	96.563	96.19	95.799	95.393	94.972	94.54	94.097	93.646
299.8	98.857	98.782	98.602	98.375	98.118	97.835	97.528	97.201	96.852	96.484	96.099	95.698	95.283	94.855	94.416	93.969
299.9	99.106	99.032	98.856	98.635	98.383	98.105	97.804	97.482	97.139	96.777	96.397	96.002	95.591	95.168	94.734	94.29
300	99.353	99.282	99.11	98.893	98.646	98.374	98.078	97.762	97.425	97.068	96.694	96.304	95.898	95.48	95.05	94.611
300.1	99.6	99.53	99.362	99.15	98.908	98.641	98.351	98.04	97.708	97.358	96.989	96.603	96.203	95.79	95.364	94.929
300.2	99.845	99.777	99.612	99.405	99.168	98.906	98.622	98.316	97.99	97.645	97.281	96.901	96.506	96.097	95.676	95.245
300.3	100.09	100.02	99.862	99.658	99.427	99.17	98.891	98.591	98.27	97.93	97.572	97.197	96.807	96.404	95.987	95.56
300.4	100.33	100.27	100.11	99.91	99.684	99.432	99.158	98.863	98.548	98.214	97.861	97.492	97.107	96.708	96.297	95.873
300.5	100.57	100.51	100.36	100.16	99.939	99.692	99.424	99.134	98.825	98.496	98.149	97.785	97.405	97.011	96.604	96.185
300.6	100.81	100.75	100.6	100.41	100.19	99.951	99.688	99.404	99.1	98.777	98.435	98.076	97.702	97.313	96.91	96.496
300.7	101.05	100.99	100.85	100.66	100.45	100.21	99.951	99.672	99.373	99.056	98.72	98.366	97.997	97.613	97.215	96.805
300.8	101.29	101.23	101.09	100.91	100.7	100.47	100.21	99.939	99.646	99.334	99.003	98.655	98.291	97.912	97.519	97.113
300.9	101.53	101.47	101.33	101.15	100.95	100.72	100.47	100.2	99.916	99.61	99.285	98.942	98.583	98.209	97.821	97.42
301	101.77	101.71	101.57	101.4	101.2	100.98	100.73	100.47	100.19	99.884	99.565	99.227	98.873	98.505	98.121	97.725
301.1	102	101.95	101.81	101.64	101.45	101.23	100.99	100.73	100.45	100.16	99.843	99.51	99.162	98.798	98.42	98.028
301.2	102.24	102.18	102.05	101.88	101.69	101.48	101.24	100.99	100.72	100.43	100.12	99.792	99.449	99.09	98.716	98.329
301.3	102.47	102.42	102.29	102.13	101.94	101.73	101.5	101.25	100.98	100.7	100.39	100.07	99.734	99.38	99.011	98.629
301.4	102.7	102.65	102.53	102.37	102.18	101.98	101.75	101.51	101.25	100.96	100.67	100.35	100.02	99.668	99.305	98.927
301.5	102.93	102.88	102.76	102.61	102.43	102.22	102	101.76	101.51	101.23	100.94	100.63	100.3	99.954	99.595	99.222
301.6	103.16	103.11	103	102.84	102.67	102.47	102.25	102.02	101.77	101.49	101.21	100.9	100.58	100.24	99.884	99.516
301.7	103.39	103.34	103.23	103.08	102.91	102.71	102.5	102.27	102.02	101.76	101.47	101.17	100.85	100.52	100.17	99.808
301.8	103.62	103.57	103.46	103.31	103.14	102.96	102.75	102.52	102.28	102.02	101.74	101.44	101.13	100.8	100.46	100.1
301.9	103.85	103.8	103.69	103.55	103.38	103.2	102.99	102.77	102.53	102.27	102	101.71	101.4	101.08	100.74	100.39
302	104.07	104.03	103.92	103.78	103.62	103.44	103.24	103.02	102.78	102.53	102.26	101.98	101.67	101.36	101.02	100.67
302.1	104.3	104.26	104.15	104.01	103.85	103.68	103.48	103.27	103.04	102.79	102.52	102.24	101.94	101.63	101.3	100.96
302.2	104.52	104.48	104.38	104.24	104.09	103.91	103.72	103.51	103.29	103.04	102.78	102.51	102.21	101.9	101.58	101.24
302.3	104.75	104.71	104.61	104.47	104.32	104.15	103.96	103.76	103.54	103.3	103.04	102.77	102.48	102.18	101.86	101.53
302.4	104.97	104.93	104.83	104.7	104.55	104.39	104.2	104	103.78	103.55	103.3	103.03	102.75	102.45	102.13	101.81
302.5	105.2	105.16	105.06	104.93	104.79	104.62	104.44	104.25	104.03	103.8	103.55	103.29	103.01	102.72	102.41	102.09
302.6	105.42	105.38	105.28	105.16	105.02	104.86	104.68	104.49	104.28	104.05	103.81	103.55	103.28	102.99	102.68	102.36
302.7	105.64	105.6	105.51	105.39	105.25	105.09	104.92	104.73	104.52	104.3	104.06	103.81	103.54	103.26	102.96	102.64
302.8	105.86	105.83	105.73	105.62	105.48	105.33	105.16	104.97	104.77	104.55	104.31	104.07	103.8	103.52	103.23	102.92
302.9	106.08	106.05	105.96	105.84	105.71	105.56	105.39	105.21	105.01	104.8	104.57	104.32	104.06	103.79	103.5	103.19
303	106.3	106.27	106.18	106.07	105.94	105.79	105.63	105.45	105.25	105.04	104.82	104.58	104.32	104.05	103.76	103.46
303.1	106.52	106.49	106.4	106.29	106.16	106.02	105.86	105.68	105.49	105.29	105.07	104.83	104.58	104.31	104.03	103.73
303.2	106.74	106.71	106.63	106.52	106.39	106.25	106.09	105.92	105.73	105.53	105.31	105.08	104.83	104.57	104.29	104
303.3	106.96	106.93	106.85	106.74	106.62	106.48	106.32	106.16	105.97	105.77	105.56	105.33	105.09	104.83	104.56	104.27
303.4	107.18	107.15	107.07	106.96	106.84	106.71	106.56	106.39	106.21	106.01	105.8	105.58	105.34	105.09	104.82	104.54
303.5	107.4	107.37	107.29	107.19	107.07	106.93	106.79	106.62	106.45	106.25	106.05	105.83	105.59	105.34	105.08	104.8
303.6	107.61	107.58	107.51	107.41	107.29	107.16	107.01	106.85	106.68	106.49	106.29	106.07	105.84	105.6	105.34	105.07
303.7	107.83	107.8	107.72	107.63	107.51	107.38	107.24	107.09	106.92	106.73	106.53	106.32	106.09	105.85	105.6	105.33
303.8	108.04	108.01	107.94	107.85	107.73	107.61	107.47	107.31	107.15	106.97	106.77	106.56	106.34	106.1	105.85	105.59
303.9	108.26	108.23	108.16	108.06	107.95	107.83	107.69	107.54	107.38	107.2	107.01	106.8	106.59	106.35	106.11	105.85
304	108.47	108.44	108.37	108.28	108.17	108.05	107.92	107.77	107.61	107.43	107.25	107.05	106.83	106.6	106.36	106.1
304.1	108.68	108.66	108.59	108.5	108.39	108.27	108.14	108	107.84	107.67	107.48	107.28	107.07	106.85	106.61	106.36
304.2	108.9	108.87	108.8	108.71	108.61	108.49	108.36	108.22	108.07	107.9	107.72	107.52	107.32	107.09	106.86	106.61
304.3	109.11	109.08	109.02	108.93	108.83	108.71	108.59	108.45	108.29	108.13	107.95	107.76	107.56	107.34	107.11	106.86
304.4	109.32	109.29	109.23	109.14	109.05	108.93	108.81	108.67	108.52	108.36	108.19	108	107.8	107.58	107.36	107.12
304.5	109.53	109.51	109.44	109.36	109.26	109.15	109.03	108.9	108.75	108.59	108.42	108.23	108.04	107.83	107.6	107.37
304.6	109.74	109.72	109.66	109.57	109.48	109.37	109.25	109.12	108.98	108.82	108.65	108.47	108.28	108.07	107.85	107.62
304.7	109.95	109.93	109.87	109.79	109.7	109.59	109.47	109.34	109.2	109.05	108.88	108.7	108.51	108.31	108.1	107.87
304.8	110.17	110.14	110.08	110	109.91	109.81	109.69	109.57	109.43	109.28	109.11	108.94	108.75	108.55	108.34	108.12
304.9	110.38	110.35	110.3	110.22	110.13	110.03	109.91	109.79	109.65	109.5	109.34	109.17	108.99	108.79	108.58	108.36
305	110.59	110.57	110.51	110.43	110.34	110.24	110.13	110.01	109.88	109.73	109.57	109.41	109.22	109.03	108.83	108.61
305.1	110.8	110.78	110.72	110.65	110.56	110.46	110.35	110.23	110.1	109.96	109.8	109.64	109.46	109.27	109.07	108.86
305.2	111.01	110.99	110.93	110.86	110.77	110.68	110.57	110.45	110.32	110.18	110.03	109.87	109.69	109.51	109.31	109.1
305.3	111.22	111.2	111.14	111.07	110.99	110.89	110.79	110.67	110.54	110.41	110.26	110.1	109.93	109.74	109.55	109.34
305.4	111.43	111.4	111.35	111.28	111.2	111.11	111	110.89	110.77	110.63	110.48	110.33	110.16	109.98	109.79	109.58
305.5	111.63	111.61	111.56	111.49	111.41	111.32	111.22	111.11	110.99	110.85	110.71	110.55	110.39	110.21	110.02	109.82
305.6	111.84	111.82	111.77	111.7	111.62	111.53	111.43	111.32	111.2	111.07	110.93	110.78	110.62	110.44	110.26	110.06
305.7	112.05	112.03	111.98	111.91	111.83	111.75	111.65	111.54	111.42	111.29	111.15	111.01	110.85	110.67	110.49	110.3
305.8	112.25	112.23	112.19	112.12	112.04	111.96	111.86	111.76	111.64	111.51	111.38	111.23	111.07	110.9	110.73	110.54
305.9	112.46	112.44	112.39	112.33	112.25	112.17	112.08	111.97	111.86	111.73	111.6	111.45	111.3	111.13	110.96	110.77
306	112.67	112.65	112.6	112.54	112.46	112.38	112.29	112.19	112.07	111.95	111.82	111.68	111.53	111.36	111.19	111.01
306.1	112.87	112.85	112.81	112.75	112.67	112.59	112.5	112.4	112.29	112.17	112.04	111.9	111.75	111.59	111.42	111.24
306.2	113.08	113.06	113.01	112.95	112.88	112.8	112.71	112.61	112.51	112.39	112.26	112.12	111.98	111.82	111.65	111.47
306.3	113.28	113.27	113.22	113.16	113.09	113.01	112.93	112.83	112.72	112.61	112.48	112.35	112.2	112.05	111.88	111.71
306.4	113.49	113.47	113.43	113.37	113.3	113.22	113.14	113.04	112.94	112.82	112.7	112.57	112.42	112.27	112.11	111.94
306.5	113.69	113.68	113.63	113.58	113.51	113.43	113.35	113.25	113.15	113.04	112.92	112.79	112.65	112.5	112.34	112.17
306.6	113.9	113.88	113.84	113.78	113.72	113.64	113.56	113.47	113.36	113.25	113.14	113.01	112.87	112.72	112.57	112.4
306.7	114.1	114.09	114.04	113.99	113.92	113.85	113.77	113.68	113.58	113.47	113.35	113.23	113.09	112.95	112.79	112.63
306.8	114.31	114.29	114.25	114.2	114.13	114.06	113.98	113.89	113.79	113.68	113.57	113.44	113.31	113.17	113.02	112.86
306.9	114.51	114.49	114.45	114.4	114.34	114.27	114.19	114.1	114	113.9	113.78	113.66	113.53	113.39	113.24	113.08
307	114.71	114.7	114.66	114.61	114.54	114.47	114.4	114.31	114.21	114.11	114	113.88	113.75	113.61	113.47	113.31
307.1	114.92	114.9	114.86	114.81	114.75	114.68	114.6	114.52	114.43	114.32	114.21	114.1	113.97	113.83	113.69	113.53
307.2	115.12	115.1	115.07	115.02	114.96	114.89	114.81	114.73	114.64	114.54	114.43	114.31	114.19	114.05	113.91	113.76
307.3	115.32	115.31	115.27	115.22	115.16	115.1	115.02	114.94	114.85	114.75	114.64	114.53	114.4	114.27	114.13	113.98
307.4	115.52	115.51	115.47	115.42	115.37	115.3	115.23	115.15	115.06	114.96	114.86	114.74	114.62	114.49	114.35	114.21
307.5	115.73	115.71	115.68	115.63	115.57	115.51	115.43	115.35	115.27	115.17	115.07	114.96	114.84	114.71	114.58	114.43
307.6	115.93	115.91	115.88	115.83	115.78	115.71	115.64	115.56	115.48	115.38	115.28	115.17	115.05	114.93	114.8	114.65
307.7	116.13	116.12	116.08	116.04	115.98	115.92	115.85	115.77	115.69	115.59	115.49	115.38	115.27	115.15	115.01	114.87
307.8	116.33	116.32	116.28	116.24	116.18	116.12	116.05	115.98	115.89	115.8	115.7	115.6	115.48	115.36	115.23	115.1
307.9	116.53	116.52	116.49	116.44	116.39	116.33	116.26	116.18	116.1	116.01	115.91	115.81	115.7	115.58	115.45	115.32
308	116.73	116.72	116.69	116.64	116.59	116.53	116.46	116.39	116.31	116.22	116.12	116.02	115.91	115.79	115.67	115.54
308.1	116.94	116.92	116.89	116.85	116.79	116.74	116.67	116.6	116.52	116.43	116.33	116.23	116.13	116.01	115.89	115.75
308.2	117.14	117.12	117.09	117.05	117	116.94	116.87	116.8	116.72	116.64	116.54	116.44	116.34	116.22	116.1	115.97
308.3	117.34	117.32	117.29	117.25	117.2	117.14	117.08	117.01	116.93	116.85	116.75	116.66	116.55	116.44	116.32	116.19
308.4	117.54	117.52	117.49	117.45	117.4	117.35	117.28	117.21	117.14	117.05	116.96	116.87	116.76	116.65	116.53	116.41
308.5	117.74	117.72	117.69	117.65	117.6	117.55	117.49	117.42	117.34	117.26	117.17	117.08	116.97	116.87	116.75	116.62
308.6	117.94	117.92	117.89	117.85	117.81	117.75	117.69	117.62	117.55	117.47	117.38	117.29	117.18	117.08	116.96	116.84
308.7	118.14	118.12	118.09	118.05	118.01	117.95	117.89	117.83	117.75	117.67	117.59	117.49	117.4	117.29	117.18	117.06
308.8	118.34	118.32	118.29	118.26	118.21	118.16	118.1	118.03	117.96	117.88	117.79	117.7	117.61	117.5	117.39	117.27
308.9	118.53	118.52	118.49	118.46	118.41	118.36	118.3	118.23	118.16	118.08	118	117.91	117.81	117.71	117.6	117.49
309	118.73	118.72	118.69	118.65	118.61	118.56	118.5	118.44	118.37	118.29	118.21	118.12	118.02	117.92	117.81	117.7
309.1	118.93	118.92	118.89	118.85	118.81	118.76	118.7	118.64	118.57	118.49	118.41	118.33	118.23	118.13	118.02	117.91
309.2	119.13	119.12	119.09	119.05	119.01	118.96	118.9	118.84	118.77	118.7	118.62	118.53	118.44	118.34	118.24	118.12
309.3	119.33	119.32	119.29	119.25	119.21	119.16	119.1	119.04	118.98	118.9	118.82	118.74	118.65	118.55	118.45	118.34
309.4	119.53	119.52	119.49	119.45	119.41	119.36	119.31	119.25	119.18	119.11	119.03	118.95	118.86	118.76	118.66	118.55
309.5	119.72	119.71	119.69	119.65	119.61	119.56	119.51	119.45	119.38	119.31	119.24	119.15	119.06	118.97	118.87	118.76
309.6	119.92	119.91	119.89	119.85	119.81	119.76	119.71	119.65	119.59	119.52	119.44	119.36	119.27	119.18	119.08	118.97
309.7	120.12	120.11	120.09	120.05	120.01	119.96	119.91	119.85	119.79	119.72	119.65	119.56	119.48	119.39	119.29	119.18
309.8	120.32	120.31	120.28	120.25	120.21	120.16	120.11	120.05	119.99	119.92	119.85	119.77	119.69	119.59	119.5	119.39
309.9	120.52	120.51	120.48	120.45	120.41	120.36	120.31	120.26	120.19	120.13	120.05	119.98	119.89	119.8	119.71	119.6
310	120.72	120.71	120.68	120.65	120.61	120.56	120.51	120.46	120.4	120.33	120.26	120.18	120.1	120.01	119.91	119.81
310.1	120.91	120.9	120.88	120.85	120.81	120.76	120.71	120.66	120.6	120.53	120.46	120.38	120.3	120.22	120.12	120.02
310.2	121.11	121.1	121.08	121.04	121.01	120.96	120.91	120.86	120.8	120.73	120.66	120.59	120.51	120.42	120.33	120.23
310.3	121.3	121.3	121.27	121.24	121.2	121.16	121.11	121.06	121	120.93	120.87	120.79	120.71	120.63	120.54	120.44
310.4	121.5	121.49	121.47	121.44	121.4	121.36	121.31	121.26	121.2	121.14	121.07	120.99	120.92	120.83	120.74	120.65
310.5	121.7	121.69	121.67	121.63	121.6	121.56	121.51	121.46	121.4	121.34	121.27	121.2	121.12	121.04	120.95	120.85
310.6	121.89	121.88	121.86	121.83	121.8	121.75	121.71	121.66	121.6	121.54	121.47	121.4	121.32	121.24	121.15	121.06
310.7	122.09	122.08	122.06	122.03	121.99	121.95	121.91	121.85	121.8	121.74	121.67	121.6	121.53	121.45	121.36	121.27
310.8	122.29	122.28	122.25	122.23	122.19	122.15	122.1	122.05	122	121.94	121.87	121.8	121.73	121.65	121.56	121.47
310.9	122.48	122.47	122.45	122.42	122.39	122.35	122.3	122.25	122.2	122.14	122.07	122.01	121.93	121.85	121.77	121.68
311	122.68	122.67	122.65	122.62	122.58	122.54	122.5	122.45	122.4	122.34	122.28	122.21	122.13	122.06	121.97	121.89
311.1	122.87	122.86	122.84	122.82	122.78	122.74	122.7	122.65	122.6	122.54	122.48	122.41	122.34	122.26	122.18	122.09
311.2	123.07	123.06	123.04	123.01	122.98	122.94	122.9	122.85	122.8	122.74	122.68	122.61	122.54	122.46	122.38	122.3
311.3	123.26	123.26	123.24	123.21	123.18	123.14	123.09	123.05	123	122.94	122.88	122.81	122.74	122.67	122.59	122.5
311.4	123.46	123.45	123.43	123.4	123.37	123.33	123.29	123.25	123.19	123.14	123.08	123.01	122.94	122.87	122.79	122.71
311.5	123.66	123.65	123.63	123.6	123.57	123.53	123.49	123.44	123.39	123.34	123.28	123.21	123.15	123.07	123	122.91
311.6	123.85	123.84	123.82	123.8	123.76	123.73	123.69	123.64	123.59	123.54	123.48	123.42	123.35	123.28	123.2	123.12
311.7	124.05	124.04	124.02	123.99	123.96	123.92	123.88	123.84	123.79	123.74	123.68	123.62	123.55	123.48	123.4	123.32
311.8	124.24	124.23	124.21	124.19	124.16	124.12	124.08	124.04	123.99	123.94	123.88	123.82	123.75	123.68	123.61	123.53
311.9	124.44	124.43	124.41	124.38	124.35	124.32	124.28	124.23	124.19	124.13	124.08	124.02	123.95	123.88	123.81	123.73
312	124.63	124.62	124.6	124.58	124.55	124.51	124.47	124.43	124.38	124.33	124.28	124.22	124.15	124.08	124.01	123.93
312.1	124.83	124.82	124.8	124.77	124.74	124.71	124.67	124.63	124.58	124.53	124.48	124.42	124.35	124.29	124.21	124.14
312.2	125.02	125.01	124.99	124.97	124.94	124.91	124.87	124.83	124.78	124.73	124.67	124.62	124.55	124.49	124.42	124.34
312.3	125.21	125.21	125.19	125.16	125.13	125.1	125.06	125.02	124.98	124.93	124.87	124.81	124.75	124.69	124.62	124.54
312.4	125.41	125.4	125.38	125.36	125.33	125.3	125.26	125.22	125.17	125.12	125.07	125.01	124.95	124.89	124.82	124.75
312.5	125.6	125.59	125.58	125.55	125.52	125.49	125.46	125.41	125.37	125.32	125.27	125.21	125.15	125.09	125.02	124.95
312.6	125.8	125.79	125.77	125.75	125.72	125.69	125.65	125.61	125.57	125.52	125.47	125.41	125.35	125.29	125.22	125.15
312.7	125.99	125.98	125.97	125.94	125.91	125.88	125.85	125.81	125.76	125.72	125.67	125.61	125.55	125.49	125.42	125.35
312.8	126.18	126.18	126.16	126.14	126.11	126.08	126.04	126	125.96	125.91	125.86	125.81	125.75	125.69	125.63	125.56
312.9	126.38	126.37	126.35	126.33	126.3	126.27	126.24	126.2	126.16	126.11	126.06	126.01	125.95	125.89	125.83	125.76
313	126.57	126.56	126.55	126.52	126.5	126.47	126.43	126.39	126.35	126.31	126.26	126.21	126.15	126.09	126.03	125.96
313.1	126.76	126.76	126.74	126.72	126.69	126.66	126.63	126.59	126.55	126.5	126.46	126.4	126.35	126.29	126.23	126.16
313.2	126.96	126.95	126.93	126.91	126.89	126.86	126.82	126.79	126.74	126.7	126.65	126.6	126.55	126.49	126.43	126.36
313.3	127.15	127.14	127.13	127.1	127.08	127.05	127.02	126.98	126.94	126.9	126.85	126.8	126.75	126.69	126.63	126.56
313.4	127.34	127.33	127.32	127.3	127.27	127.24	127.21	127.17	127.14	127.09	127.05	127	126.94	126.89	126.83	126.76
313.5	127.53	127.53	127.51	127.49	127.47	127.44	127.41	127.37	127.33	127.29	127.24	127.19	127.14	127.09	127.03	126.96
313.6	127.73	127.72	127.7	127.68	127.66	127.63	127.6	127.57	127.53	127.48	127.44	127.39	127.34	127.29	127.23	127.17
313.7	127.92	127.91	127.9	127.88	127.85	127.83	127.79	127.76	127.72	127.68	127.64	127.59	127.54	127.48	127.43	127.37
