0	0	0.1	0.2	0.3	0.4	0.5	0.6	0.7	0.8	0.9	1	1.1	1.2	1.3	1.4	1.5
264.8	608.32	607.47	605.37	605.72	605.36	602.93	603.59	603.06	602.32	602.44	601.1	598.62	598.35	599.02	597.029	596.07
264.9	608.79	608.13	606.17	605.97	605.68	604.17	603.93	602.84	603.86	602.35	601.07	599.54	598.94	600.35	598.611	597.998
265	609.28	608.74	606.94	605.88	606	605.35	603.67	603.53	604.92	601.74	601.61	601.01	598.99	600.47	599.216	598.7
265.1	610.31	609.28	607.94	606.01	606.57	606.12	603.36	604.32	604.91	601.79	602.43	602.12	599.13	599.56	598.678	597.902
265.2	611	609.51	608.9	606.7	607.07	606.56	604.16	604.85	604.08	602.8	603.18	602.3	599.49	599.64	598.479	597.478
265.3	611.6	609.51	609.53	607.56	607.14	606.82	605.68	604.87	604.13	604.1	603.24	602.43	600.13	600.28	598.811	597.736
265.4	613.04	609.63	610.15	608.42	607	607.33	606.8	604.28	605.01	605.19	602.72	602.94	601.49	600.21	599.153	598.034
265.5	614.16	609.92	610.6	609.47	607.24	607.99	607.42	604.25	605.67	605.58	602.67	603.45	602.87	600.2	599.786	598.73
265.6	614.26	610.44	610.68	610.34	608.09	608.35	607.69	605.61	606.01	605.23	603.43	603.96	603.37	600.44	600.394	599.43
265.7	614.3	611.2	610.65	610.93	609	608.28	608.02	607.23	605.65	605.39	604.43	604.09	603.71	600.78	600.698	599.704
265.8	614.19	611.98	610.82	611.51	609.94	608.13	608.73	608.21	604.87	606.26	605.41	603.68	604.32	601.93	601.395	600.42
265.9	613.87	612.8	611.18	611.82	611.01	608.55	609.37	608.64	605.34	607	606.08	603.59	604.6	603.54	602.442	601.602
266	614.06	613.51	611.82	611.78	611.77	609.55	609.56	608.79	607.24	607.44	606.21	604.18	604.8	604.32	603.095	602.33
266.1	614.63	614.25	612.68	611.8	612.33	610.51	609.36	609.33	608.78	607.35	606.63	604.88	604.92	604.87	603.729	603.062
266.2	615.11	615.21	613.53	612.05	612.84	611.51	609.27	610.18	609.55	606.8	607.63	605.63	604.6	605.72	604.519	604
266.3	615.91	615.73	614.4	612.49	612.98	612.56	609.92	610.69	609.79	607.01	608.39	606.47	604.48	605.87	604.587	603.968
266.4	617.68	615.92	615.18	613.28	612.87	613.2	611.04	610.71	609.9	608.41	608.79	607.03	605	605.7	604.223	603.302
266.5	619.36	616.4	616	614.22	612.98	613.7	612.04	610.43	610.75	609.77	608.91	607.77	605.45	605.75	604.08	602.93
266.6	619.74	616.85	616.84	615.14	613.29	614.1	613.1	610.47	611.64	610.53	608.64	608.97	605.88	605.49	604.05	602.766
266.7	619.91	617.09	617.15	616.07	613.84	614.08	614.05	611.39	611.94	610.85	608.75	609.82	606.74	605.34	604.391	603.088
266.8	620.53	617.57	617.27	616.91	614.8	613.98	614.58	612.58	611.83	610.98	609.76	610.15	607.65	605.88	605.191	603.96
266.9	621	618.06	617.65	617.78	615.79	614.21	615.03	613.6	611.5	611.59	610.8	610.38	608.75	606.16	605.663	604.372
267	621.79	618.32	617.98	618.44	616.79	614.59	615.28	614.7	611.74	612.5	611.44	610.4	610.24	606.19	606.008	604.626
267.1	622.81	618.93	618.33	618.54	617.8	615.29	615.14	615.5	612.95	613.04	611.86	610.55	611.26	606.95	606.898	605.62
267.2	622.87	619.82	618.99	618.57	618.69	616.39	615.14	615.93	614.17	613.17	612.07	611.27	611.53	608.1	608.024	606.956
267.3	623.32	620.4	619.53	618.81	619.55	617.43	615.45	616.32	615.16	613.1	612.54	611.98	611.77	609.56	609.435	608.65
267.4	625.46	620.98	619.89	619.07	619.98	618.51	615.91	616.4	616.28	613.37	613.39	612.39	612.05	611.42	610.952	610.428
267.5	627.58	622	620.61	619.62	619.87	619.59	616.81	616.19	616.92	614.38	614.06	612.83	612.33	612.7	611.733	611.224
267.6	628.68	622.81	621.4	620.45	619.78	620.51	617.99	616.34	617.23	615.58	614.39	613.17	612.91	612.93	611.762	611.084
267.7	628.89	623.11	621.92	621.03	619.89	621.26	619.09	616.72	617.58	616.43	614.58	613.54	613.3	613.11	611.816	611.024
267.8	628.24	623.59	622.65	621.52	620.21	621.44	620.27	617.29	617.47	617.13	614.9	614.28	613.39	613.6	612.089	611.232
267.9	627.55	624.31	623.58	622.32	621.01	621.13	621.4	618.4	617.27	617.63	615.77	615.04	613.76	614.06	612.507	611.592
268	627.06	625.07	624.01	623.01	621.97	620.89	622.32	619.63	617.6	618.02	616.95	615.54	614.23	614.65	613.04	612.094
268.1	626.22	626.28	624.18	623.55	622.58	620.95	622.89	620.81	618.02	618.43	617.75	615.97	614.57	614.78	613.156	612.108
268.2	625.79	627.66	624.77	624.36	623.2	621.45	622.8	622.1	618.74	618.62	618.13	616.43	615.18	614.46	613.183	612.056
268.3	626.27	628.46	625.61	624.99	624.03	622.51	622.28	623.24	620.06	618.64	618.4	617.21	615.97	614.65	613.851	612.81
268.4	627.32	629.12	626.61	625.08	624.64	623.55	621.91	624.08	621.32	618.85	618.76	618.33	616.6	615.24	614.742	613.804
268.5	628.97	630.12	627.97	625.3	625.26	624.2	622.02	624.42	622.58	619.32	619.23	619.15	617.24	615.62	615.295	614.356
268.6	630.81	630.94	629.19	626.04	626.01	624.94	622.8	624.04	623.99	620.13	619.66	619.29	617.93	616.09	615.677	614.696
268.7	632.42	631.37	629.93	627.04	626.22	625.74	624.09	623.31	625.09	621.27	619.89	619.24	618.67	616.87	616.182	615.18
268.8	634.11	631.35	630.76	628.28	626.09	626.31	625.15	622.88	625.78	622.36	620.04	619.5	619.72	617.59	616.884	615.898
268.9	635.96	630.99	631.75	629.68	626.48	626.99	625.86	623.18	625.86	623.5	620.45	620.01	620.59	618.41	617.58	616.576
269	637.07	630.8	632.41	630.75	627.38	627.5	626.68	624.28	625.17	624.75	621.33	620.6	620.58	619.36	617.865	616.712
269.1	637.32	630.83	632.71	631.57	628.58	627.29	627.42	625.74	624.23	625.87	622.4	621.09	620.17	620.15	617.835	616.468
269.2	637.67	631.01	632.62	632.5	630.01	627.15	628.02	626.79	623.86	626.81	623.35	621.29	620.22	621.09	618.181	616.724
269.3	637.94	631.76	632.36	633.3	631.36	627.75	628.68	627.57	624.45	627.27	624.4	621.58	620.74	622.05	618.978	617.568
269.4	637.76	633	632.26	633.76	632.38	628.84	628.76	628.44	625.88	627.02	625.63	622.5	621.43	622.02	619.46	618.04
269.5	637.93	634.3	632.29	633.94	633.33	630.26	628.24	629.1	627.47	626.36	626.79	623.6	622.2	621.19	619.549	618.056
269.6	638.74	635.71	632.64	633.82	634.22	631.79	628.25	629.75	628.47	625.95	627.89	624.41	622.56	620.95	619.753	618.22
269.7	639.54	637.13	633.69	633.67	634.76	633.05	629.08	630.24	629.31	626.21	628.64	625.34	622.71	621.47	620.251	618.71
269.8	640.24	638.3	635.09	633.64	635.05	634.12	630.38	629.8	630.19	627.15	628.68	626.53	623.62	622.18	621.132	619.632
269.9	641.06	639.41	636.37	633.74	635.14	635.15	632.01	629.17	630.8	628.42	628.27	627.69	624.82	623.2	622.313	620.924
270	641.88	640.52	637.67	634.43	635.04	635.83	633.53	629.46	631.46	629.44	627.93	628.89	625.53	623.85	623.054	621.696
270.1	643.17	641.2	638.96	635.82	635	636.11	634.75	630.5	631.63	630.22	627.96	629.92	626.27	623.83	623.299	621.852
270.2	645.02	641.47	640.11	637.28	635	636.28	635.94	632.06	630.68	631.03	628.43	630.26	627.43	624.66	624.24	622.866
270.3	646.63	641.96	641.24	638.49	635.29	636.32	636.91	633.82	630.13	631.85	629.34	630.1	628.57	626.07	625.487	624.254
270.4	647.47	642.55	642.24	639.67	636.41	636.31	637.29	635.26	630.77	632.76	630.31	629.92	629.81	626.7	626.114	624.852
270.5	647.57	642.89	642.77	640.86	638.08	636.35	637.38	636.53	632.02	633.28	631.14	629.85	631.09	627.22	626.865	625.648
270.6	647.33	643.3	643.09	641.99	639.5	636.41	637.47	637.82	633.85	632.93	632.04	629.91	631.74	628.34	628.148	627.2
270.7	647.31	643.96	643.69	643.06	640.57	637.03	637.52	638.56	635.66	632.53	633.05	630.37	631.83	629.45	629.232	628.494
270.8	647.49	644.65	644.25	643.88	641.65	638.6	637.61	638.61	636.99	632.97	634.12	631.2	631.85	630.66	630.093	629.404
270.9	647.69	645.48	644.59	644.3	642.79	640.41	637.68	638.58	638.38	634.13	634.92	632.05	631.8	632.17	630.902	630.198
271	648.48	646.53	645.07	644.73	643.87	641.7	637.89	638.64	639.71	635.67	635	633.01	631.55	633.12	631.105	630.25
271.1	649.53	647.51	645.69	645.41	644.83	642.62	638.96	638.76	640.06	637.08	634.79	634.18	631.52	633.45	631.045	629.992
271.2	650.61	648.46	646.28	645.94	645.47	643.63	640.92	638.95	639.81	638.08	635.09	635.42	632.1	633.69	631.345	630.168
271.3	652.36	649.46	647.06	646.32	645.85	644.74	642.74	639.04	639.76	639.1	636.07	636.45	632.93	633.79	631.54	630.164
271.4	654.41	650.38	648.05	646.85	646.41	645.74	643.82	639.52	639.84	640.21	637.34	636.93	633.93	633.36	631.221	629.51
271.5	656.01	651.2	649.01	647.37	647.14	646.53	644.6	641.13	640.07	640.77	638.47	637.02	635.21	632.81	631.102	629.184
271.6	657.33	651.79	650.01	647.88	647.66	647.04	645.59	643.35	640.32	640.68	639.21	637.27	636.64	633.03	632.005	630.218
271.7	658.54	652.3	651.02	648.67	648.1	647.45	646.66	645.02	640.44	640.62	639.86	638.08	637.88	633.8	633.362	631.8
271.8	658.95	652.91	651.97	649.64	648.62	648.14	647.53	645.86	641.33	640.94	640.72	639.15	638.7	634.8	634.572	633.142
271.9	659.38	653.49	652.88	650.62	649.02	648.9	648.15	646.55	643.49	641.59	641.42	640	639.15	636.16	635.725	634.412
272	660.14	654.18	653.6	651.62	649.48	649.43	648.57	647.55	645.84	642.2	641.59	640.48	639.47	637.79	637.024	635.93
272.1	660.38	655.35	654.27	652.58	650.31	649.9	649.09	648.53	647.24	642.53	641.59	640.78	640.13	639.24	638.442	637.638
272.2	660.89	656.63	654.92	653.57	651.27	650.34	649.89	649.24	647.82	643.29	641.97	641.3	641.05	640.3	639.512	638.822
272.3	662.29	657.77	655.49	654.58	652.27	650.63	650.66	649.72	648.47	645.13	642.8	642.02	641.65	641.17	639.833	638.926
272.4	663.49	659.1	656.25	655.46	653.23	651.1	651.21	650.13	649.5	647.37	643.72	642.43	641.85	641.67	639.427	638.1
272.5	664.01	660.39	657.45	656.25	654.14	651.97	651.68	650.78	650.36	648.87	644.38	642.54	641.83	642.19	639.189	637.598
272.6	664.71	661.47	658.64	656.93	655.23	652.95	651.99	651.67	650.87	649.44	645.18	642.94	641.95	643.04	639.701	638.098
272.7	665.76	662.72	659.73	657.5	656.38	653.93	652.18	652.44	651.26	649.85	646.71	643.92	642.55	643.42	640.184	638.482
272.8	667.27	663.89	661.01	658.38	657.41	654.81	652.72	653	651.74	650.57	648.71	645.13	643.18	643.33	640.181	638.18
272.9	669.55	664.56	662.17	659.6	658.29	655.73	653.64	653.42	652.52	651.32	650.25	646.15	643.45	643.02	639.818	637.478
273	671.61	665.25	663.32	660.68	658.95	656.98	654.63	653.57	653.49	651.91	650.91	647.08	643.86	642.72	639.667	637.124
273.1	672.45	666.11	664.74	661.75	659.56	658.29	655.55	653.72	654.26	652.44	651.2	648.41	644.93	643.05	640.491	637.986
273.2	672.84	666.66	665.91	662.92	660.57	659.44	656.34	654.37	654.79	652.96	651.62	650.14	646.4	643.85	641.962	639.618
273.3	674.01	667.35	666.59	663.99	661.76	660.35	657.36	655.32	655.1	653.7	652.15	651.65	647.77	644.33	642.984	640.672
273.4	675.47	668.52	667.31	665.28	662.75	660.98	658.8	656.32	655.1	654.61	652.7	652.4	648.94	644.72	643.612	641.258
273.5	676.24	669.68	668.04	666.82	663.78	661.68	660.27	657.13	655.26	655.44	653.34	652.62	650.2	645.84	644.786	642.552
273.6	676.64	670.82	668.58	667.93	664.8	662.79	661.51	657.86	656.04	656.19	654	652.79	651.65	647.56	646.555	644.594
273.7	677.15	672.22	669.49	668.61	665.86	663.92	662.4	659.08	657.03	656.72	654.8	653.06	653.05	649.26	648.377	646.71
273.8	678	673.63	670.7	669.33	667.34	664.82	663.02	660.74	657.98	656.87	655.76	653.5	653.87	650.73	649.895	648.478
273.9	680.09	674.93	671.75	669.95	668.95	665.77	663.84	662.35	658.66	657.04	656.62	654.2	654.09	652.04	651.039	649.786
274	682.52	676.49	672.87	670.61	669.98	666.66	665	663.62	659.41	657.84	657.49	655.01	654.07	653.25	651.752	650.492
274.1	683.89	678.12	674.32	671.7	670.65	667.81	666.02	664.45	660.92	659.06	658.29	655.89	654.04	654.47	652.321	650.978
274.2	685.11	679.26	675.8	672.85	671.32	669.5	666.85	665.09	662.8	660.17	658.67	656.9	654.29	655.33	652.854	651.448
274.3	686.77	680.05	677.26	673.8	671.91	671.1	667.66	666.04	664.51	660.9	658.91	657.8	654.99	655.57	653.26	651.802
274.4	688.82	680.98	678.88	675.01	672.76	672.05	668.49	667.2	665.74	661.52	659.7	658.72	655.95	655.44	653.493	651.902
274.5	690.65	681.96	680.37	676.55	673.94	672.68	669.84	668.09	666.51	662.71	660.98	659.77	656.93	655.12	653.333	651.41
274.6	691.48	682.98	681.44	678.13	674.95	673.29	671.7	668.83	667.19	664.39	662.16	660.43	658.01	655.1	653.199	650.926
274.7	691.38	684.21	682.38	679.68	675.89	673.94	673.23	669.49	668.27	666.02	662.92	660.78	658.96	655.73	653.52	651.066
274.8	691.14	685.34	683.39	681.24	677.22	674.99	674.09	670.37	669.38	667.15	663.43	661.55	659.88	656.83	654.511	652.092
274.9	691.63	686.38	684.32	682.6	678.9	676.15	674.67	671.98	670.12	667.81	664.32	662.88	661.13	657.91	655.913	653.614
275	693.01	687.88	685.29	683.72	680.56	677.03	675.25	673.94	670.75	668.51	665.76	664.15	662.11	659.09	657.177	654.928
275.1	694.85	689.73	686.45	684.79	682.13	678.03	676.06	675.35	671.28	669.64	667.28	664.96	662.59	660.12	657.799	655.426
275.2	696.64	691.45	687.49	685.78	683.56	679.54	677.24	676.1	672.31	671.03	668.36	665.41	663.36	660.98	658.298	655.788
275.3	698.6	692.91	688.6	686.61	684.88	681.35	678.28	676.63	674.21	672.17	669.04	666.04	664.73	662.38	659.705	657.316
275.4	700.8	694.13	690.12	687.58	686.11	683.06	679.08	677.24	676.21	672.98	669.8	667.22	666.12	663.7	661.292	659.068
275.5	703.5	695.39	691.85	688.7	687.24	684.54	680.23	678.26	677.48	673.55	671.04	668.6	667	664.35	662.176	659.932
275.6	706.79	696.79	693.49	689.73	688.13	685.87	681.93	679.48	678.09	674.47	672.6	669.63	667.42	665.12	662.684	660.296
275.7	709.63	698.07	694.95	690.9	688.9	687.24	683.86	680.35	678.59	676.2	673.97	670.28	667.84	666.53	663.323	660.776
275.8	711.9	699.22	696.31	692.36	689.9	688.59	685.54	681.16	679.31	678.14	674.95	671.06	668.75	668.05	664.276	661.638
275.9	713.75	700.34	697.85	693.99	691	689.67	686.87	682.5	680.53	679.48	675.66	672.38	669.97	669.02	665.319	662.658
276	714.65	701.63	699.43	695.63	692.05	690.44	688.17	684.42	681.68	680.05	676.57	674.1	670.91	669.45	666.158	663.472
276.1	715.33	703.32	700.77	697.13	693.21	691.18	689.67	686.4	682.38	680.47	678.14	675.71	671.5	669.72	666.666	663.852
276.2	716.43	705.42	701.99	698.65	694.58	692.23	691.08	687.96	683.29	681.24	679.98	676.89	672.26	670.33	667.278	664.324
276.3	717.61	707.79	703.19	700.4	696.18	693.34	692.05	689.14	684.88	682.5	681.3	677.74	673.63	671.38	668.337	665.346
276.4	719.45	710.24	704.58	702.06	697.85	694.39	692.69	690.53	687	683.8	681.89	678.68	675.52	672.24	669.579	666.63
276.5	722.1	712.61	706.36	703.46	699.41	695.48	693.47	692.2	688.97	684.64	682.35	680.14	677.36	672.74	670.809	667.93
276.6	724.32	715	708.47	704.81	701.13	696.77	694.57	693.56	690.32	685.46	683.11	681.88	678.76	673.41	671.989	669.144
276.7	726.25	717.27	710.79	706.12	703.06	698.42	695.69	694.35	691.4	686.89	684.25	683.17	679.76	674.82	673.189	670.326
276.8	728.83	719.1	713.14	707.61	704.75	700.14	696.7	694.91	692.99	688.96	685.54	683.75	680.75	676.85	674.467	671.566
276.9	731.4	720.71	715.51	709.47	706.26	701.8	697.66	695.78	694.8	690.88	686.5	684.2	682.16	678.91	676.046	673.218
277	733.79	722.17	717.94	711.59	707.74	703.73	698.95	696.93	695.99	692.2	687.36	684.99	683.82	680.57	677.748	675.068
277.1	736.55	723.48	720.18	713.86	709.15	705.77	700.71	698.04	696.6	693.28	688.69	686.06	685.06	681.71	678.929	676.252
277.2	738.88	725.11	722	716.19	710.73	707.49	702.47	698.93	697.13	694.71	690.56	687.29	685.61	682.79	679.555	676.676
277.3	740.73	726.97	723.61	718.57	712.66	709.15	704.27	699.78	698.13	696.44	692.32	688.35	686.02	684.17	680.208	677.124
277.4	742.85	728.66	725.01	721.01	714.77	710.75	706.41	701.18	699.33	697.73	693.65	689.26	686.83	685.77	681.426	678.352
277.5	745.38	730.84	726.34	723.16	717	712.23	708.49	703.04	700.39	698.47	694.86	690.53	687.88	687	682.772	679.78
277.6	748.83	733.73	728.03	724.93	719.33	713.89	710.3	704.85	701.09	699.08	696.27	692.26	689.03	687.48	683.692	680.648
277.7	753.39	736.64	729.79	726.48	721.75	715.85	712.13	706.84	701.87	700.13	697.87	693.86	690.15	687.81	684.256	681.02
277.8	758.41	739.47	731.52	727.81	724.15	717.95	713.8	709.16	703.47	701.52	699.2	695.1	691.12	688.64	684.964	681.58
277.9	763.2	742.35	733.97	729.22	726.2	720.17	715.32	711.26	705.44	702.75	700.12	696.4	692.37	689.71	686.121	682.738
278	767.74	744.96	737.07	730.96	727.89	722.53	717.07	713.21	707.31	703.68	701	697.87	694	690.76	687.61	684.326
278.1	772.1	747.56	740.12	732.67	729.37	724.96	719.03	715.19	709.52	704.83	702.3	699.37	695.46	691.91	688.97	685.702
278.2	776.36	750.5	743.12	734.54	730.67	727.28	721.11	716.89	711.99	706.66	703.93	700.67	696.55	692.95	689.712	686.232
278.3	780.87	753.54	746.05	737.31	732.19	729.23	723.36	718.45	714.09	708.73	705.32	701.71	697.86	694.18	690.592	686.936
278.4	785.42	756.66	748.79	740.61	733.95	730.84	725.74	720.25	716.23	710.7	706.43	702.81	699.44	695.78	691.983	688.3
278.5	790.1	760.07	751.68	743.8	735.63	732.24	728.17	722.2	718.34	712.75	707.76	704.36	700.9	697.15	693.166	689.36
278.6	795.78	763.77	754.85	746.93	737.75	733.57	730.39	724.28	720	714.86	709.65	706.27	702.13	698.02	693.826	689.706
278.7	802.25	767.82	757.92	749.92	740.84	735.19	732.22	726.57	721.59	716.78	711.79	707.87	703.23	699.24	694.69	690.326
278.8	809.35	772.18	760.91	752.83	744.34	736.94	733.75	728.97	723.45	718.73	713.73	709.13	704.49	700.99	695.998	691.526
278.9	817.45	776.63	764.14	756.02	747.67	738.66	735.08	731.36	725.38	720.6	715.49	710.62	706.27	702.46	697.438	692.888
279	826.38	781.23	767.75	759.32	750.89	741.1	736.49	733.47	727.47	722.21	717.23	712.62	708.5	703.59	699.039	694.442
279.1	835.82	786.01	771.81	762.32	753.96	744.52	738.2	735.18	729.83	723.92	718.95	714.85	710.35	704.69	700.434	695.728
279.2	845.21	790.91	776.08	765.18	757.09	748.18	739.93	736.62	732.22	725.9	720.74	716.82	711.74	706.06	701.648	696.78
279.3	854.39	796.25	780.43	768.31	760.55	751.63	741.79	737.94	734.54	728.06	722.52	718.39	713.37	708.04	703.319	698.4
279.4	863.72	802.2	785.03	771.95	763.88	754.91	744.59	739.46	736.54	730.38	724.11	719.76	715.52	710.6	705.629	700.814
279.5	874.54	808.54	789.85	776	766.74	758.11	748.33	741.21	738.12	732.82	725.86	721.19	717.87	712.78	707.683	702.876
279.6	887.92	815.83	794.91	780.15	769.48	761.51	752.14	742.93	739.49	735.18	727.93	722.82	719.92	714.27	709.075	704.092
279.7	903.34	824.07	800.49	784.44	772.61	765.17	755.68	745.02	740.85	737.44	730.27	724.49	721.38	716.02	710.401	705.228
279.8	919.6	832.61	806.55	789.07	776.33	768.43	759.02	748.24	742.48	739.44	732.86	726.04	722.43	718.35	712.041	706.78
279.9	935.73	841.39	813.05	793.97	780.32	771.11	762.39	752.26	744.25	741.05	735.54	727.78	723.51	720.84	714.009	708.764
280	951.82	850.53	820.33	799.24	784.35	773.75	766.09	756.18	746	742.53	738.01	729.94	724.93	723	716.04	710.826
280.1	968.61	860.12	828.3	805.04	788.62	776.95	769.83	759.76	748.4	744.13	740.29	732.41	726.5	724.45	717.611	712.296
280.2	986.99	870.59	836.53	811.21	793.33	780.73	772.93	763.2	752.07	745.98	742.36	735.24	727.95	725.23	718.579	712.988
280.3	1006.9	882.53	845	817.92	798.38	784.6	775.4	766.82	756.36	747.86	744.06	738.21	729.66	725.91	719.65	713.82
280.4	1027.7	895.95	853.93	825.42	803.89	788.52	778.03	770.77	760.31	749.69	745.67	740.85	731.89	727.06	721.32	715.416
280.5	1049	910.55	863.42	833.33	809.88	792.84	781.35	774.49	763.93	752.2	747.38	743.16	734.45	728.56	723.087	717.066
280.6	1071.6	926.19	874.04	841.34	816.2	797.65	785.12	777.33	767.52	755.93	749.18	745.29	737.48	729.88	724.412	718.032
280.7	1096.8	942.97	886.01	849.67	823.19	802.9	788.84	779.62	771.41	760.34	751.05	747.06	740.78	731.48	725.745	718.946
280.8	1124.8	960.9	898.97	858.56	830.86	808.65	792.7	782.31	775.57	764.47	753.05	748.76	743.64	733.79	727.511	720.434
280.9	1154	980.1	912.98	868.11	838.64	814.79	797.13	785.76	779.14	767.92	755.62	750.61	746.01	736.42	729.533	722.272
281	1183	1000.7	928.22	878.63	846.47	821.3	802.09	789.43	781.67	771.2	759.11	752.42	748.19	739.57	731.844	724.426
281.1	1210.8	1022.4	944.77	890.22	854.74	828.58	807.59	793	783.82	774.91	763.25	754.25	750.02	743.22	734.147	726.486
281.2	1236.6	1045.1	962.49	902.77	863.65	836.28	813.57	796.89	786.65	779.18	767.35	756.35	751.78	746.38	735.857	727.74
281.3	1261.5	1069.1	981.36	916.66	873.27	843.85	819.84	801.47	790.22	783.06	771.02	759.02	753.77	748.81	737.411	728.836
281.4	1285.3	1095.3	1001.5	931.96	883.83	851.54	826.61	806.63	793.71	785.75	774.44	762.4	755.66	751.06	739.414	730.598
281.5	1306.7	1123.9	1022.6	948.43	895.27	859.8	834.13	812.38	797.16	787.86	778.05	766.28	757.43	752.96	741.39	732.348
281.6	1328.4	1154.4	1044.7	965.99	907.59	868.75	841.75	818.55	801.15	790.45	782.02	770.26	759.56	754.72	743.226	733.834
281.7	1351	1185.9	1068.2	984.61	921.2	878.42	849.11	824.95	805.93	793.95	785.89	774.08	762.36	756.86	745.315	735.544
281.8	1372.6	1217.4	1093.9	1004.4	936.46	888.92	856.73	832.05	811.35	797.78	789.06	777.67	765.72	758.89	747.488	737.376
281.9	1393.2	1248.1	1121.4	1025.1	953	900.1	865.02	839.7	817.34	801.82	791.7	781.27	769.38	760.61	749.534	739.06
282	1413.5	1277.6	1150.3	1046.8	970.37	912.26	874.02	847.1	823.67	806.28	794.48	785.01	773.16	762.67	751.758	740.904
282.1	1431.5	1311.3	1180	1070	988.76	925.94	883.72	854.26	830.25	811.09	797.78	788.73	777.05	765.6	754.537	743.366
282.2	1447.1	1344.1	1209.6	1095	1008.2	941.17	894.09	861.86	837.67	816.46	801.54	792.2	780.84	769.05	757.362	745.81
282.3	1461.9	1369.8	1238.9	1121.5	1028.6	957.69	905.06	870.22	845.33	822.17	805.69	795.38	784.49	772.57	759.94	747.9
282.4	1473.1	1402.4	1268.1	1149	1050	975.07	917.22	879.25	852.43	828.32	810.33	798.5	788.08	776.09	762.251	749.58
282.5	1479.9	1435.3	1296.6	1177.1	1072.9	993.31	931.08	888.92	859.45	835.23	815.34	801.71	791.57	779.94	764.453	751.018
282.6	1483.6	1458.7	1323.1	1205.1	1097.2	1012.5	946.43	899.05	867.09	843.03	820.71	805.31	795.18	783.92	766.505	752.13
282.7	1482.6	1480.2	1348.3	1233.1	1122.5	1032.6	962.7	909.86	875.54	850.89	826.4	809.53	798.84	787.69	768.482	753.086
282.8	1478.5	1499.1	1377.8	1261.3	1148.7	1053.9	979.78	922.12	884.59	857.78	832.45	814.33	802.41	791.24	770.706	754.394
282.9	1475	1514.2	1407.8	1288.5	1175.3	1076.4	997.89	936.19	894.14	864.42	839.3	819.55	805.7	794.44	772.614	755.258
283	1470.6	1526.4	1431.9	1314	1201.9	1099.9	1016.9	951.56	904.02	871.97	847.2	824.99	809.09	798.01	774.443	755.84
283.1	1462.9	1534.6	1455.9	1339.1	1228.8	1124.2	1036.7	967.58	914.76	880.89	855.48	830.67	813.28	802.05	776.51	756.522
283.2	1452.2	1538.3	1477.4	1364.1	1255.8	1149.2	1057.7	984.53	927.25	890.74	863.05	836.64	818.2	806.18	778.771	757.374
283.3	1438.1	1538.8	1493.2	1387.4	1281.6	1174.4	1079.6	1002.6	941.56	900.68	870.06	843.37	823.66	809.71	780.994	758.16
283.4	1423.7	1535.3	1506.2	1414.6	1306.1	1199.8	1102.1	1021.3	956.91	910.35	877.67	851.3	829.24	812.87	783.269	758.93
283.5	1410.5	1527.8	1515.4	1440.6	1330.4	1225.8	1125.3	1041	972.71	920.65	886.55	859.93	834.93	816.97	786.112	760.214
283.6	1394.2	1517.8	1520.2	1458.2	1354.2	1251.8	1149	1061.6	989.49	932.99	896.5	868.15	840.85	821.96	788.777	761.006
283.7	1374.8	1506.1	1521.5	1474.5	1377	1276.4	1172.9	1082.8	1007.3	947.55	906.8	875.62	847.41	827.65	791.249	761.33
283.8	1353.8	1492.8	1518.3	1488.7	1398.7	1300	1197.2	1104.3	1025.9	963.14	916.76	883.37	855.32	833.42	794.138	762.05
283.9	1330.5	1477.7	1511.5	1497.4	1420.8	1323.5	1222.4	1126.4	1045.3	978.75	926.92	892.22	864.2	839.15	797.672	763.48
284	1306.1	1458.9	1502.8	1502.2	1441.6	1346.3	1247.1	1148.9	1065.5	995.09	938.66	902.2	873.02	845.06	801.096	764.526
284.1	1281	1440.1	1492.5	1503.1	1457.5	1368	1270.5	1171.6	1085.7	1012.3	952.58	912.81	881.06	851.43	804.058	764.732
284.2	1254.7	1422.9	1480.3	1499.5	1469.8	1388.9	1293.3	1195.1	1106.1	1030.5	967.82	923.14	889	859.26	807.554	765.424
284.3	1228.8	1400	1465.7	1492.9	1479.4	1407	1315.8	1219.4	1127.2	1049.8	983.26	933.29	897.87	868.28	811.971	767.128
284.4	1203.3	1372	1447.8	1484.8	1484.5	1424.9	1337.3	1243	1148.4	1069.5	999.22	944.51	907.84	877.64	817.212	769.702
284.5	1178.7	1343.2	1428.4	1474.9	1484.5	1442.4	1358	1265.4	1170.1	1088.9	1016	957.77	918.69	886.3	822.779	772.528
284.6	1155.6	1313.5	1407.9	1463.3	1480.4	1454.5	1377.5	1287.4	1192.9	1108.3	1033.6	972.59	929.43	894.51	828.161	774.986
284.7	1132	1283.8	1384.9	1448.9	1474	1461.9	1394.2	1308.8	1216.2	1128.3	1052.3	987.84	939.7	903.47	833.644	777.418
284.8	1109	1254.5	1359.8	1431.6	1466.1	1465.9	1408.7	1329.3	1238.6	1148.7	1071.7	1003.5	950.55	913.38	840.029	780.85
284.9	1086.4	1225.9	1333.3	1413.3	1456.5	1465.2	1424.2	1349	1260	1169.8	1090.9	1019.9	963.15	924.39	848.057	786.2
285	1062.6	1198.2	1305.6	1393.6	1445.1	1460.6	1437.7	1366.8	1281	1192.2	1109.8	1037	977.49	935.55	856.725	792.164
285.1	1037.5	1171.1	1277.9	1371.2	1430.9	1454.4	1445	1382.1	1301.4	1214.7	1129.2	1055.2	992.53	946.05	865.345	797.948
285.2	1012.2	1145	1250.2	1347	1414.4	1446.5	1447.9	1395.8	1320.8	1236.1	1149	1074.3	1007.9	956.64	874.782	804.78
285.3	987.12	1119.3	1222.4	1321.3	1397.1	1437.2	1447	1408.2	1339.3	1256.3	1169.1	1093.2	1023.8	968.62	886.006	813.94
285.4	962.24	1093	1195.4	1294.4	1377.7	1426	1442.7	1420.7	1355.4	1276.3	1190.1	1111.7	1040.5	982.42	898.996	825.26
285.5	938.78	1066.2	1169.1	1267.2	1355.8	1412	1436.3	1429.1	1369.2	1295.5	1211.4	1130.6	1058.2	997.21	913.648	838.67
285.6	917.81	1039.9	1143.6	1240	1332.4	1396.3	1428.3	1430.5	1381.9	1314	1231.7	1149.8	1076.9	1012.3	929.48	853.66
285.7	899.02	1013.5	1118.2	1213.2	1307.4	1379.7	1419.2	1428.1	1393.3	1331.2	1251.1	1169.1	1095.6	1027.9	946.35	870.14
285.8	881.41	987.39	1092.2	1187.1	1281.4	1360.6	1408.1	1423.3	1403.4	1345.6	1269.8	1188.9	1113.7	1044.1	964.69	888.78
285.9	864.71	962.7	1066.3	1161.9	1255	1339.3	1394.3	1416.8	1410.9	1358.1	1287.5	1209	1132	1061.3	984.85	909.94
286	848.27	940.2	1040.6	1137.1	1228.5	1316.7	1379.4	1408.8	1412.6	1369.8	1304.3	1228.3	1150.7	1079.5	1006.26	932.84
286.1	832.2	919.36	1014.8	1112.1	1202.6	1292.5	1363.2	1400	1409.3	1380.4	1319.9	1246.8	1169.3	1098.1	1028.34	956.82
286.2	816.95	899.79	989.18	1086.9	1177.6	1267.3	1344.2	1389	1404.5	1388.9	1333.1	1264.4	1188	1115.9	1050.73	981.62
286.3	802.4	881.36	965.22	1061.9	1153.3	1241.7	1323.5	1375.7	1398.2	1394.5	1344.1	1280.7	1206.8	1133.6	1074.21	1008.3
286.4	788.55	863.66	943.15	1037	1129.1	1216.1	1301.6	1361.5	1390.5	1395	1353.9	1295.9	1225	1151.8	1099.73	1038.2
286.5	775.3	846.8	922.37	1011.7	1104.8	1191.2	1278	1345.3	1381.8	1391.2	1362.5	1310	1242.5	1169.9	1126.44	1070.18
286.6	763	830.86	902.89	986.95	1080.4	1167.4	1253.4	1326.7	1370.9	1385.8	1369.7	1322	1259.3	1187.5	1152.76	1102.06
286.7	751.66	815.58	884.51	963.94	1056.3	1143.9	1228.5	1306.8	1358.2	1378.7	1375.3	1331.7	1274.4	1205.2	1178.69	1133.9
286.8	740.99	800.9	866.96	942.48	1032	1120.3	1203.7	1285.5	1344.4	1371.4	1377.5	1339.7	1287.9	1222.3	1203.42	1164.64
286.9	731.48	786.98	850.38	922.12	1007.3	1096.6	1179.9	1262.5	1328.3	1363.1	1374.9	1346.3	1300.4	1238.7	1227.69	1195.36
287	723.7	774.05	834.62	903.09	983.55	1073.2	1157.1	1238.7	1310.1	1352.3	1369.2	1352	1311.1	1254.7	1251.87	1226.54
287.1	716.57	761.96	819.36	885.06	961.49	1050	1134.3	1214.5	1290.9	1340.3	1362.1	1356.6	1319.5	1268.7	1273.7	1255.12
287.2	708.58	750.6	804.69	867.92	940.61	1026.2	1111.3	1190.8	1270.1	1326.7	1354.6	1359	1325.9	1280.7	1293.17	1281.1
287.3	699.92	740.58	790.86	851.81	920.83	1002.3	1088.4	1168.2	1247.6	1310.6	1346.2	1357.3	1330.6	1291.6	1311.18	1305.82
287.4	691.75	732.07	777.95	836.31	902.33	979.55	1066	1146.3	1224.4	1293.1	1335.7	1351.8	1334.5	1300.9	1327.52	1328.96
287.5	685.09	723.89	765.74	821.2	884.74	958.36	1043.4	1124.1	1200.9	1274.7	1323.7	1344.2	1337.9	1308.1	1342.02	1350.12
287.6	680.17	715.21	754.33	806.72	868.13	938.08	1020.1	1101.9	1178.3	1254.3	1309.9	1335.9	1340.4	1313.1	1355.15	1369.96
287.7	675.77	706.58	744.39	793.11	852.48	918.97	996.98	1080	1156.9	1232.3	1293.9	1327.1	1339.6	1316	1365.71	1387.02
287.8	670.06	698.77	735.69	780.31	837.2	901.05	975.35	1058.5	1135.7	1209.8	1276.6	1316.7	1334.5	1317.9	1373.33	1400.74
287.9	663.9	692.29	727.07	768.1	822.29	883.98	954.94	1036.5	1114	1187.2	1258.9	1304.7	1326.7	1320.2	1379.68	1413.06
288	659.37	687.02	718.27	756.8	808.09	867.97	935.29	1013.7	1092.6	1165.8	1239.8	1290.9	1317.9	1322.2	1384.59	1423.68
288.1	656.33	681.69	709.94	747.03	794.72	852.73	916.86	991.6	1071.8	1145.6	1219.1	1274.9	1308.8	1321.8	1386.67	1430.88
288.2	653.71	675.47	702.51	738.18	782	837.65	899.42	971.04	1051	1125	1197.4	1257.9	1298.4	1317.5	1385.04	1433.64
288.3	650.79	669.6	696.26	729.3	769.85	823	882.9	951.32	1029.4	1103.9	1175.6	1240.7	1286.4	1309.7	1379.98	1432.22
288.4	647.17	665.21	690.87	720.63	758.76	809.13	867.51	932.38	1007.3	1083.5	1155.2	1222.8	1272.6	1300.3	1372.18	1427.28
288.5	643.31	661.74	685.1	712.65	749.13	795.97	852.6	914.7	986.26	1063.7	1135.9	1203.5	1256.6	1290.7	1362.49	1419.96
288.6	640.32	658.38	678.81	705.51	740.12	783.33	837.74	897.88	966.64	1043.4	1116.1	1183	1239.6	1280	1351.43	1411.1
288.7	638.03	654.77	673.28	699.47	731.16	771.28	823.42	882.02	947.56	1022.2	1095.5	1162	1222.8	1268	1292.7	1345.7
288.8	635.32	650.85	668.96	693.97	722.75	760.46	809.87	867.16	929.4	1000.9	1075.2	1142.2	1205.8	1254.3	1282.8	1338.85
288.9	632.7	647.14	665.17	687.92	715.06	750.93	796.89	852.47	912.4	981.07	1055.9	1123.7	1187.7	1238.2	1272.8	1330.05
289	630.66	644.21	661.39	681.74	708.19	741.77	784.33	837.85	896.15	962.31	1036.7	1105.2	1168.4	1221	1262	1319.9
289.1	629.02	641.57	657.44	676.48	702.33	732.9	772.46	823.9	880.97	943.86	1016.4	1085.5	1148.4	1204.4	1249.9	1309.35
289.2	627.98	638.69	653.41	672.1	696.67	724.79	761.93	810.61	866.57	926.5	995.96	1065.6	1129.1	1188.1	1236.3	1297.55
289.3	627.12	636.11	649.8	668.04	690.5	717.34	752.43	797.75	852.05	910.16	976.78	1046.6	1111.4	1171.2	1220.1	1282.4
289.4	625.72	634.07	646.85	663.95	684.53	710.73	743.2	785.27	837.74	894.51	958.71	1028.2	1094	1153.1	1202.5	1264.95
289.5	624.23	632.42	644	659.77	679.4	704.99	734.55	773.62	824.16	880.02	941.24	1009.2	1075.4	1134	1186	1248.4
289.6	623.45	631.17	641.11	655.7	674.89	699.18	726.73	763.34	811.09	865.98	924.47	989.66	1055.9	1115.3	1170.2	1233.02
289.7	622.85	629.93	638.64	652.14	670.59	693	719.48	753.81	798.31	851.61	908.26	970.88	1037	1098.3	1154.3	1218.01
289.8	621.59	628.37	636.64	649.12	666.26	687.23	713.14	744.6	785.94	837.67	892.88	953.24	1019.3	1082.1	1137.4	1201.83
289.9	619.45	627.01	634.99	646.16	661.93	682.13	707.49	736.25	774.59	824.47	878.58	936.38	1001.5	1064.7	1119.4	1183.56
290	617.26	626.15	633.62	643.32	657.85	677.47	701.56	728.65	764.49	811.56	864.63	920.15	982.93	1045.8	1101.3	1164.125
290.1	615.78	625.2	632.17	640.96	654.3	672.98	695.46	721.59	754.93	798.87	850.62	904.39	964.67	1027.1	1084.8	1146.155
290.2	614.88	623.57	630.58	638.99	651.19	668.44	689.82	715.53	745.89	786.69	837.02	889.25	947.43	1009.7	1069.7	1129.925
290.3	614.48	621.43	629.3	637.32	648.2	663.99	684.67	709.89	737.87	775.63	824.05	875.03	931.14	992.97	1053.5	1112.47
290.4	613.82	619.52	628.31	635.83	645.45	659.91	679.89	703.89	730.43	765.66	811.56	861.42	915.55	975.56	1035.6	1092.67
290.5	612.44	618.17	627.04	634.27	643.15	656.34	675.21	697.92	723.61	756.09	799.33	848.06	900.31	957.97	1016.9	1071.855
290.6	611.47	617.23	625.17	632.7	641.2	653.18	670.49	692.31	717.81	747.29	787.61	835.06	885.45	941.15	999.74	1052.785
290.7	611.53	616.49	623.08	631.42	639.5	650.22	665.98	687.08	712.16	739.56	777.04	822.57	871.34	925.38	983.96	1035.365
290.8	611.32	615.4	621.34	630.23	637.9	647.55	661.87	682.2	706.15	732.23	767.31	810.61	857.95	910.48	967.68	1017.615
290.9	610.66	614.04	620.04	628.7	636.3	645.29	658.27	677.33	700.27	725.7	758.04	799.11	845.09	895.88	950.88	999.265
291	610.05	613.32	619.01	626.69	634.76	643.35	655.13	672.46	694.63	720.14	749.65	788.1	832.73	881.36	934.52	981.15
291.1	609.16	613.22	618.01	624.68	633.39	641.59	652.22	667.89	689.34	714.44	742.05	778	820.75	867.42	919.19	963.9
291.2	608.6	612.76	616.71	623.04	631.99	639.94	649.6	663.74	684.37	708.44	734.82	768.6	809.24	854.18	905	947.79
291.3	608.46	612.04	615.43	621.72	630.24	638.33	647.38	660.15	679.3	702.6	728.34	759.46	798.41	841.68	891.14	932.25
291.4	608.09	611.32	614.87	620.57	628.18	636.76	645.43	657.06	674.31	696.89	722.48	750.96	788.16	829.93	877.01	916.495
291.5	607.33	610.53	614.6	619.37	626.25	635.25	643.62	654.18	669.69	691.57	716.63	743.42	778.6	818.53	863.3	900.855
291.6	606.27	610.08	613.98	617.95	624.65	633.65	641.95	651.6	665.5	686.49	710.63	736.36	769.64	807.44	850.2	885.74
291.7	605.54	609.82	613.23	616.79	623.28	631.75	640.34	649.42	661.98	681.2	704.54	729.7	760.75	797.19	837.89	871.635
291.8	605.21	609.27	612.44	616.3	621.98	629.68	638.68	647.45	658.96	676.1	698.8	723.58	752.2	787.73	826.69	858.765
291.9	604.66	608.35	611.73	615.86	620.61	627.81	637.01	645.61	656.1	671.43	693.57	717.66	744.68	778.79	815.94	846.505
292	604.22	607.34	611.33	615.14	619.19	626.21	635.24	643.95	653.55	667.24	688.47	711.72	737.82	770.36	805.22	834.54
292.1	604.1	606.66	610.96	614.35	618.14	624.75	633.24	642.3	651.4	663.84	683.35	705.87	731.12	761.83	795.45	823.43
292.2	603.73	606.19	610.25	613.53	617.62	623.3	631.19	640.49	649.4	660.88	678.35	700.39	724.72	753.32	786.81	813.275
292.3	603.47	605.6	609.22	612.9	617.04	621.83	629.33	638.67	647.57	657.99	673.66	695.31	718.64	745.79	778.55	803.79
292.4	603.56	605.19	608.22	612.5	616.25	620.44	627.7	636.77	645.94	655.48	669.63	690.39	712.71	739.16	770.71	795.095
292.5	603.35	604.94	607.56	612	615.41	619.47	626.12	634.73	644.16	653.36	666.39	685.43	707.04	732.54	762.69	786.245
292.6	603.03	604.56	606.99	611.15	614.61	618.86	624.56	632.67	642.19	651.34	663.42	680.54	701.78	725.91	754.3	776.985
292.7	602.61	604.39	606.38	610.04	614.04	618.19	623.05	630.8	640.25	649.56	660.59	676.04	696.89	719.61	746.75	768.535
292.8	601.36	604.41	605.99	609.04	613.6	617.34	621.7	629.11	638.28	647.92	658.05	672.15	692.13	713.61	740.35	761.08
292.9	599.62	604.16	605.66	608.36	612.96	616.45	620.75	627.41	636.19	645.95	655.75	668.85	687.35	708.04	733.93	753.525
293	598.05	603.79	605.3	607.74	611.97	615.7	620.07	625.77	634.12	643.82	653.64	665.77	682.6	702.99	727.13	745.74
293.1	596.94	603.16	605.23	607.14	610.81	615.16	619.33	624.26	632.22	641.8	651.8	662.77	678.26	698.31	720.57	738.34
293.2	596.8	601.9	605.18	606.73	609.82	614.65	618.4	622.92	630.43	639.79	649.97	660.01	674.55	693.73	714.43	731.29
293.3	597.13	600.38	604.87	606.34	609.12	613.87	617.5	621.96	628.63	637.64	647.79	657.6	671.28	689.11	708.9	724.655
293.4	597.15	599.05	604.42	606.05	608.47	612.76	616.8	621.23	626.97	635.53	645.52	655.46	668.13	684.52	704.02	718.55
293.5	597.4	598.22	603.63	606.04	607.86	611.56	616.26	620.42	625.46	633.6	643.31	653.35	664.99	680.33	699.57	713.06
293.6	597.98	598.09	602.38	605.92	607.42	610.58	615.65	619.42	624.11	631.69	641.21	651.16	662.04	676.81	695.16	707.985
293.7	598.14	598.14	601.03	605.53	607.01	609.86	614.73	618.54	623.12	629.83	639.06	648.84	659.49	673.67	690.69	703.105
293.8	598	598.06	599.88	604.98	606.81	609.18	613.53	617.89	622.38	628.17	636.97	646.59	657.31	670.5	686.29	698.245
293.9	597.94	598.3	599.23	604.1	606.82	608.55	612.28	617.31	621.47	626.66	635.14	644.48	655.05	667.23	682.23	693.605
294	597.47	598.61	599.11	602.9	606.61	608.07	611.32	616.59	620.42	625.26	633.2	642.44	652.51	664.12	678.9	689.74
294.1	597	598.52	598.99	601.69	606.13	607.71	610.6	615.54	619.59	624.27	631.36	640.35	649.93	661.4	675.98	686.505
294.2	596.93	598.36	598.91	600.67	605.49	607.59	609.87	614.24	618.97	623.52	629.79	638.34	647.64	659.18	672.83	683.25
294.3	596.44	598.19	599.12	600.16	604.57	607.57	609.23	612.97	618.32	622.48	628.32	636.71	645.61	656.87	669.44	679.52
294.4	595.61	597.71	599.15	600.01	603.46	607.27	608.73	612.03	617.48	621.41	627.04	635.09	643.64	654.01	666.23	675.69
294.5	595.23	597.41	598.89	599.8	602.35	606.69	608.43	611.31	616.3	620.66	626.09	633.37	641.58	651.1	663.32	672.185
294.6	595.45	597.3	598.73	599.75	601.46	605.98	608.38	610.53	614.92	620.03	625.22	631.74	639.6	648.67	661.01	669.475
294.7	595.33	596.75	598.42	599.83	601.03	605.09	608.3	609.85	613.65	619.3	623.93	630.17	638.12	646.7	658.76	667.025
294.8	594.6	596.08	597.95	599.6	600.82	604.06	607.89	609.39	612.76	618.32	622.76	628.8	636.84	644.79	655.66	663.655
294.9	593.66	595.92	597.8	599.26	600.59	603.03	607.23	609.17	612	617.04	621.97	627.77	635.32	642.76	652.32	659.815
295	592.57	596.01	597.62	599.08	600.54	602.26	606.51	609.15	611.16	615.56	621.31	626.78	633.69	640.77	649.69	656.685
295.1	591.71	595.69	597.02	598.64	600.42	601.88	605.67	608.99	610.46	614.34	620.52	625.35	632.05	639.37	647.74	654.75
295.2	590.81	594.97	596.53	598.22	599.98	601.61	604.7	608.45	610.07	613.49	619.29	623.87	630.59	638.41	645.87	653.14
295.3	589.5	594.1	596.5	598.17	599.64	601.39	603.73	607.74	609.92	612.66	617.81	622.85	629.48	637.17	643.89	651.05
295.4	588.69	593.18	596.44	597.9	599.37	601.27	603.05	607.06	609.9	611.75	616.29	622.2	628.43	635.61	641.86	648.565
295.5	589.3	592.36	596	597.33	598.85	600.9	602.69	606.27	609.63	611.08	615.26	621.58	626.89	633.94	640.46	646.64
295.6	590.96	591.34	595.34	597.01	598.54	600.34	602.38	605.34	608.98	610.78	614.66	620.49	625.11	632.39	639.8	645.75
295.7	592.43	590.14	594.52	597	598.51	600.03	602.18	604.43	608.27	610.69	613.8	618.95	623.8	631.21	638.91	645.04
295.8	593.42	589.71	593.67	596.81	598.16	599.63	601.92	603.82	607.66	610.63	612.86	617.45	623.07	630.13	637.48	643.82
295.9	594.07	590.49	592.84	596.34	597.67	599.07	601.29	603.47	606.9	610.23	612.18	616.51	622.59	628.51	635.81	641.81
296	594.16	591.77	591.74	595.73	597.5	598.9	600.72	603.16	605.97	609.48	611.93	616.07	621.68	626.47	634.19	639.39
296.1	593.78	592.75	590.73	594.92	597.43	598.83	600.4	602.92	605.13	608.84	611.95	615.38	620.12	624.83	632.94	637.665
296.2	592.75	593.42	590.63	594.11	597.14	598.43	599.85	602.43	604.59	608.3	611.79	614.34	618.55	623.94	631.86	636.66
296.3	590.93	593.86	591.46	593.25	596.71	598.08	599.34	601.63	604.23	607.55	611.09	613.38	617.67	623.52	630.21	635.28
296.4	588.94	593.93	592.42	592.14	596.12	597.97	599.28	601.11	603.94	606.6	610.16	612.94	617.41	622.82	627.92	632.86
296.5	587.88	593.56	593.04	591.37	595.32	597.81	599.13	600.71	603.59	605.84	609.61	613	616.93	621.29	625.93	630.075
296.6	587.58	592.5	593.51	591.53	594.53	597.5	598.74	600.04	602.83	605.35	609.17	612.85	615.88	619.61	624.82	628.2
296.7	587.25	590.82	593.82	592.29	593.62	597.12	598.52	599.65	601.98	604.99	608.48	612.05	614.69	618.72	624.38	627.715
296.8	587.49	589.32	593.84	592.92	592.58	596.52	598.41	599.64	601.5	604.7	607.55	611.02	614	618.63	623.9	627.705
296.9	588.36	588.69	593.39	593.29	592.08	595.72	598.17	599.42	600.96	604.15	606.75	610.34	614.05	618.41	622.47	626.505
297	589.15	588.47	592.27	593.61	592.39	594.93	597.9	599.1	600.25	603.16	606.23	609.87	613.98	617.44	620.63	624.415
297.1	589.88	588.22	590.74	593.82	592.95	593.98	597.57	598.97	599.99	602.33	605.87	609.17	613.11	616.07	619.67	623.12
297.2	590.15	588.42	589.66	593.78	593.29	593.09	596.91	598.8	599.97	601.87	605.52	608.24	611.92	615.1	619.74	623.17
297.3	589.55	588.93	589.37	593.22	593.48	592.84	596.12	598.54	599.71	601.16	604.71	607.37	611.11	615.06	619.8	623.645
297.4	589.07	589.49	589.21	592.07	593.69	593.16	595.33	598.35	599.5	600.47	603.53	606.81	610.59	615.13	618.97	623.13
297.5	589.2	590.02	589.04	590.75	593.83	593.48	594.38	598	599.4	600.36	602.81	606.47	609.89	614.25	617.52	621.41
297.6	589.02	590.01	589.13	590.09	593.71	593.58	593.69	597.29	599.15	600.29	602.37	606.12	608.95	612.87	616.24	619.615
297.7	588.44	589.41	589.4	590.05	593.05	593.64	593.61	596.51	598.94	600.03	601.68	605.45	608.02	611.89	616.04	619.26
297.8	587.72	589.11	589.83	589.94	591.92	593.76	593.82	595.71	598.82	599.93	601.21	604.47	607.4	611.33	616.29	619.72
297.9	586.99	589.16	590.2	589.77	590.89	593.86	593.89	594.83	598.41	599.79	601.16	603.79	607.06	610.62	615.46	618.875
298	586.94	588.92	589.94	589.69	590.61	593.64	593.8	594.34	597.65	599.5	601.05	603.4	606.73	609.66	613.86	616.99
298.1	587.47	588.45	589.32	589.79	590.73	592.89	593.76	594.33	596.9	599.4	600.83	602.79	606.15	608.68	612.69	615.635
298.2	587.41	587.84	589.11	590.16	590.64	591.85	593.84	594.35	596.1	599.32	600.65	602.18	605.33	607.97	612.08	614.975
298.3	586.75	587.29	589.08	590.34	590.39	591.18	593.89	594.19	595.35	598.79	600.33	601.94	604.72	607.62	611.35	614.19
298.4	586.27	587.35	588.86	589.86	590.11	591.22	593.55	593.97	595.03	598.01	600.04	601.8	604.41	607.31	610.35	613.105
298.5	586.23	587.66	588.51	589.25	590.15	591.43	592.77	593.86	594.96	597.3	600.05	601.56	603.88	606.79	609.35	611.965
298.6	586.87	587.44	587.94	589.09	590.47	591.31	591.9	593.91	594.76	596.53	599.97	601.32	603.2	606.11	608.53	610.925
298.7	587.12	586.93	587.52	589	590.41	590.87	591.59	593.9	594.43	595.93	599.37	600.97	602.78	605.59	608.15	610.46
298.8	586.45	586.68	587.63	588.88	589.76	590.46	591.89	593.45	594.1	595.7	598.52	600.56	602.57	605.36	607.88	610.28
298.9	585.94	586.88	587.8	588.6	589.19	590.51	592.14	592.7	593.95	595.5	597.77	600.43	602.33	604.94	607.39	609.645
299	585.7	587.31	587.53	588.05	589.02	590.74	591.91	592.07	593.99	595.07	597.08	600.4	602.04	604.24	606.8	608.72
299.1	585.44	587.17	587.19	587.72	588.97	590.41	591.23	592.12	593.87	594.61	596.72	599.93	601.65	603.67	606.38	608.25
299.2	585.26	586.53	587.13	587.85	588.96	589.64	590.77	592.61	593.35	594.2	596.53	599.13	601.13	603.36	606.25	608.365
299.3	584.97	586.14	587.41	587.94	588.69	589.11	590.88	592.82	592.69	594.04	596.14	598.4	600.85	603.11	605.95	608.305
299.4	584.23	585.9	587.62	587.69	588.15	588.95	590.95	592.38	592.38	594.06	595.51	597.79	600.82	602.78	605.27	607.765
299.5	583.71	585.6	587.22	587.53	587.9	589.02	590.35	591.5	592.75	593.82	594.84	597.36	600.48	602.35	604.59	607.085
299.6	583.77	585.29	586.65	587.6	588.04	589.1	589.51	591.1	593.35	593.29	594.36	597.08	599.73	601.75	604.16	606.495
299.7	584.02	584.84	586.33	587.85	588.09	588.77	589.03	591.23	593.45	592.79	594.28	596.65	599	601.3	603.9	606.225
299.8	584.46	584.23	586.05	587.81	587.94	588.23	588.92	591.06	592.71	592.83	594.34	596.03	598.46	601.22	603.55	606.145
299.9	585.06	583.96	585.65	587.29	587.92	588.07	589.15	590.23	591.73	593.45	594.09	595.47	598.01	600.99	603.08	605.84
300	585.27	584.1	585.23	586.8	588.06	588.23	589.25	589.36	591.46	594.1	593.63	595.08	597.66	600.31	602.41	605.025
300.1	584.73	584.34	584.74	586.5	588.18	588.28	588.82	588.94	591.54	593.98	593.27	594.91	597.2	599.58	601.78	604.115
300.2	584.06	584.7	584.29	586.14	587.94	588.25	588.32	588.96	591.06	592.91	593.62	594.89	596.56	599.09	601.6	603.7
300.3	583.62	585.11	584.2	585.63	587.39	588.34	588.23	589.34	590.06	591.97	594.49	594.71	596.05	598.67	601.47	603.45
300.4	583.35	585.16	584.38	585.15	586.96	588.47	588.45	589.37	589.21	591.85	595.09	594.36	595.77	598.25	600.88	602.825
300.5	583.77	584.66	584.6	584.7	586.63	588.42	588.54	588.85	588.86	591.79	594.58	594	595.58	597.75	600.12	601.995
300.6	584.52	584.17	584.87	584.41	586.17	588.04	588.62	588.4	589.1	590.98	592.97	594.06	595.46	597.08	599.66	601.17
300.7	584.72	583.87	585.18	584.44	585.56	587.53	588.76	588.42	589.56	589.85	591.99	594.53	595.31	596.58	599.31	600.335
300.8	584.72	583.77	585.12	584.65	585.06	587.13	588.8	588.7	589.44	589.05	591.98	594.89	595.07	596.41	598.85	599.61
300.9	584.82	584.2	584.67	584.81	584.73	586.73	588.6	588.86	588.86	588.85	591.9	594.54	594.75	596.25	598.32	599.175
301	584.74	584.73	584.34	584.99	584.57	586.14	588.17	589.02	588.5	589.34	591.06	593.31	594.61	596.03	597.61	598.97
301.1	584.56	584.79	584.12	585.26	584.68	585.46	587.7	589.15	588.65	589.77	589.85	592.35	594.73	595.86	597.08	598.835
301.2	584.48	584.72	584.11	585.13	584.89	585.03	587.27	589.06	589	589.47	589.1	592.25	594.81	595.72	596.99	598.725
301.3	584.14	584.71	584.56	584.74	584.95	584.82	586.79	588.75	589.22	588.85	589.16	592.29	594.49	595.49	596.93	598.53
301.4	583.33	584.55	584.93	584.54	585.09	584.76	586.05	588.32	589.42	588.63	590.02	591.73	593.56	595.25	596.63	598.39
301.5	582.54	584.42	584.85	584.38	585.33	584.93	585.36	587.85	589.48	588.94	590.43	590.82	592.68	595.08	596.38	598.51
301.6	581.63	584.37	584.71	584.43	585.16	585.08	585.06	587.37	589.25	589.34	589.94	590.23	592.51	594.84	596.31	598.615
301.7	580.5	584	584.59	584.88	584.85	585.04	584.97	586.78	588.9	589.62	589.18	590.19	592.6	594.43	596.21	598.33
301.8	580.09	583.31	584.38	585.1	584.76	585.21	584.97	585.92	588.48	589.81	588.9	590.72	592.28	593.72	595.95	597.45
301.9	580.29	582.63	584.31	584.88	584.62	585.43	585.18	585.29	587.98	589.74	589.42	591.05	591.66	592.98	595.56	596.525
302	580.38	581.78	584.28	584.66	584.73	585.22	585.22	585.16	587.44	589.42	589.93	590.63	591.28	592.75	595.01	596.07
302.1	580.5	580.95	583.88	584.44	585.16	585.03	585.11	585.12	586.7	589.07	590.26	589.89	591.25	592.85	594.39	595.87
302.2	580.68	580.74	583.29	584.22	585.21	584.99	585.36	585.17	585.77	588.66	590.34	589.47	591.53	592.7	593.8	595.415
302.3	580.79	580.8	582.71	584.24	584.86	584.85	585.54	585.39	585.3	588.09	589.91	589.6	591.73	592.34	593.23	594.6
302.4	581.36	580.76	581.95	584.21	584.57	585.03	585.32	585.3	585.31	587.47	589.42	589.82	591.35	592.21	592.98	594.175
302.5	582.61	580.8	581.36	583.8	584.27	585.4	585.26	585.18	585.29	586.55	589.07	589.98	590.63	592.3	593.06	594.22
302.6	583.15	580.88	581.26	583.31	584.1	585.26	585.22	585.53	585.4	585.63	588.67	590.04	590.12	592.42	593.01	594.2
302.7	582.7	580.99	581.19	582.82	584.2	584.8	585.07	585.65	585.55	585.39	588.16	589.77	589.94	592.45	592.88	594.22
302.8	582.64	581.67	581.07	582.17	584.14	584.43	585.33	585.45	585.32	585.48	587.53	589.37	589.83	592.07	593	594.35
302.9	582.77	582.68	581.09	581.8	583.75	584.11	585.6	585.5	585.3	585.45	586.48	589.08	589.77	591.38	593.31	594.46
303	582.57	582.89	581.08	581.7	583.37	584.03	585.24	585.42	585.72	585.62	585.69	588.81	589.77	590.82	593.38	594.385
303.1	582.79	582.61	581.21	581.5	582.96	584.18	584.7	585.29	585.75	585.66	585.77	588.49	589.6	590.42	593.22	594.185
303.2	583.09	582.71	581.96	581.37	582.47	584.08	584.27	585.62	585.63	585.31	585.98	588.13	589.29	589.98	592.81	593.735
303.3	582.53	582.74	582.74	581.35	582.23	583.75	583.97	585.73	585.74	585.48	586.04	587.43	589.06	589.63	592.13	593.23
303.4	582.19	582.66	582.73	581.27	582.05	583.48	584	585.16	585.58	585.93	586.23	586.73	588.88	589.53	591.56	592.96
303.5	582.27	582.96	582.64	581.43	581.78	583.16	584.17	584.55	585.53	585.86	585.95	586.63	588.72	589.41	591.02	592.41
303.6	581.21	582.97	582.79	582.21	581.65	582.83	584.05	584.1	585.89	585.85	585.5	586.77	588.6	589.17	590.26	591.46
303.7	579.82	582.36	582.73	582.74	581.56	582.63	583.8	583.85	585.77	585.97	585.86	586.79	588.25	588.99	589.58	590.68
303.8	579.07	582.14	582.78	582.66	581.42	582.34	583.65	584	585.02	585.73	586.25	586.84	587.72	588.89	589.31	590.335
303.9	578.25	581.91	583.09	582.73	581.66	582.05	583.43	584.17	584.38	585.8	586.19	586.58	587.53	588.84	589.22	590.35
304	577.67	580.77	582.81	582.84	582.38	581.92	583.22	584.04	583.93	586.14	586.27	586.01	587.59	588.94	589.02	590.485
304.1	577.95	579.69	582.2	582.74	582.71	581.74	582.98	583.9	583.8	585.72	586.16	585.93	587.56	588.92	588.89	590.385
304.2	578.14	579.08	582.04	582.93	582.67	581.56	582.6	583.87	584.03	584.84	585.79	586.11	587.51	588.64	588.84	590.105
304.3	577.98	578.43	581.51	583.13	582.83	581.89	582.32	583.76	584.17	584.2	586.01	586.08	587.26	588.43	588.87	590.045
304.4	578.84	578.18	580.37	582.61	582.83	582.49	582.16	583.6	584.07	583.8	586.23	586.1	586.61	588.42	589.14	590.3
304.5	579.95	578.51	579.59	582.04	582.8	582.67	581.89	583.27	584.06	583.78	585.57	586	586.16	588.36	589.44	590.62
304.6	580.67	578.59	579.09	581.85	583.09	582.75	581.7	582.84	584.15	584.08	584.66	585.71	586.07	588.23	589.46	590.72
304.7	581.8	578.73	578.61	581.09	583.07	582.89	582.08	582.59	584.14	584.18	584	585.85	585.98	587.97	589.31	590.37
304.8	582.53	579.62	578.66	580.08	582.39	582.82	582.56	582.36	583.94	584.14	583.78	586.23	585.96	587.29	589.25	589.78
304.9	582.17	580.4	579.01	579.53	581.89	582.92	582.68	581.99	583.51	584.29	584.11	586.06	585.87	586.54	589.17	589.41
305	581.66	581	579.09	579.13	581.57	583.21	582.86	581.83	583.08	584.49	584.53	585.46	585.6	586.11	588.98	589.305
305.1	581.81	581.86	579.49	578.88	580.69	582.92	582.91	582.23	582.84	584.53	584.6	584.83	585.67	585.9	588.69	589.225
305.2	581.71	582.18	580.31	579.15	579.88	582.16	582.83	582.6	582.51	584.24	584.52	584.41	586.14	585.83	588.02	588.73
305.3	581.1	581.73	580.8	579.51	579.51	581.73	583.08	582.75	582.05	583.72	584.68	584.5	586.36	585.75	587.05	587.675
305.4	580.07	581.47	581.29	579.67	579.23	581.23	583.26	582.95	581.97	583.34	584.92	584.85	586.15	585.48	586.28	586.595
305.5	578.52	581.65	581.9	580.25	579.23	580.37	582.71	582.89	582.35	583.07	584.94	584.95	585.65	585.47	585.85	586.11
305.6	577.33	581.5	581.89	580.89	579.64	579.78	581.95	582.9	582.64	582.61	584.49	584.78	585.11	585.97	585.73	586.325
305.7	577.07	580.89	581.41	581.13	580.02	579.53	581.53	583.24	582.86	582.1	583.86	584.68	584.95	586.5	585.64	586.55
305.8	577.64	579.83	581.34	581.51	580.33	579.43	580.88	583.21	582.99	582.1	583.49	584.74	585.19	586.68	585.35	586.32
305.9	578.38	578.49	581.5	581.85	580.94	579.66	580.13	582.46	582.87	582.45	583.19	584.79	585.34	586.43	585.27	586.09
306	578.99	577.62	581.31	581.59	581.33	580.16	579.74	581.73	583.03	582.72	582.72	584.59	585.12	585.84	585.75	586.375
306.1	579.75	577.6	580.69	581.16	581.39	580.57	579.62	581.26	583.37	582.98	582.25	584.16	584.79	585.45	586.48	587.125
306.2	580.07	578.13	579.62	581.22	581.63	581.03	579.72	580.56	583.05	582.97	582.33	583.79	584.63	585.56	587.04	587.925
306.3	579.73	578.62	578.47	581.35	581.71	581.55	580.13	579.97	582.2	582.88	582.68	583.49	584.62	585.73	587.13	588.25
306.4	579.38	579.09	577.87	581.14	581.29	581.66	580.7	579.75	581.52	583.21	582.98	583.09	584.6	585.52	586.6	587.815
306.5	579.15	579.68	578.05	580.5	580.97	581.58	581.19	579.78	580.96	583.42	583.21	582.57	584.41	585.02	586	587.225
306.6	578.88	579.85	578.5	579.45	581.1	581.66	581.72	580.09	580.3	582.83	582.96	582.45	584.08	584.6	585.95	587.025
306.7	578.37	579.59	578.78	578.5	581.22	581.5	582.04	580.62	579.89	581.92	582.96	582.76	583.78	584.46	586.14	586.99
306.8	577.93	579.37	579.17	578.16	580.99	581.02	581.89	581.27	579.81	581.28	583.4	583.05	583.43	584.53	585.96	586.7
306.9	578.03	579.19	579.65	578.45	580.31	580.82	581.7	581.86	580.03	580.66	583.39	583.18	582.92	584.57	585.33	586.025
307	578.58	578.86	579.72	578.77	579.34	581	581.61	582.34	580.51	580.12	582.63	582.92	582.62	584.36	584.66	585.38
307.1	579.34	578.4	579.54	578.87	578.6	581.11	581.26	582.41	581.15	579.87	581.62	582.79	582.85	584.04	584.31	584.935
307.2	579.65	578.17	579.39	579.24	578.48	580.85	580.79	582.05	581.89	579.94	581	583.2	583.14	583.73	584.39	584.655
307.3	579.41	578.42	579.19	579.63	578.8	580.15	580.69	581.74	582.54	580.36	580.53	583.54	583.2	583.28	584.65	584.52
307.4	578.96	578.98	578.84	579.65	578.93	579.29	580.91	581.48	582.86	580.97	580.3	583.17	582.92	582.84	584.6	584.435
307.5	578.48	579.53	578.48	579.54	578.93	578.76	581.03	581.01	582.65	581.73	580.22	582.28	582.66	582.93	584.28	584.605
307.6	578.42	579.64	578.44	579.41	579.28	578.83	580.73	580.58	582.14	582.57	580.45	581.61	582.98	583.25	583.98	584.8
307.7	578.59	579.35	578.79	579.17	579.6	579.08	580.04	580.57	581.71	583.19	581.06	581.23	583.55	583.27	583.63	584.65
307.8	578.3	578.92	579.32	578.84	579.62	578.99	579.32	580.84	581.3	583.27	581.68	581.11	583.59	582.94	583.11	584.025
307.9	577.72	578.6	579.69	578.62	579.56	578.97	578.99	580.96	580.76	582.81	582.53	581.06	582.9	582.56	583.03	583.78
308	577.8	578.63	579.65	578.74	579.41	579.32	579.17	580.61	580.39	582.16	583.34	581.05	582.19	582.74	583.37	584.215
308.1	578.35	578.66	579.32	579.15	579.14	579.59	579.27	579.97	580.47	581.61	583.69	581.28	581.86	583.44	583.39	584.47
308.2	578.76	578.23	578.94	579.59	578.88	579.64	579	579.4	580.81	581.09	583.43	581.68	581.85	583.88	582.99	584.09
308.3	579.05	577.8	578.74	579.8	578.82	579.58	579	579.26	580.89	580.53	582.66	582.3	581.92	583.47	582.5	583.085
308.4	578.64	577.96	578.79	579.66	579.06	579.39	579.37	579.47	580.51	580.21	581.86	582.97	581.77	582.75	582.52	582.41
308.5	577.76	578.39	578.68	579.32	579.47	579.14	579.61	579.36	579.95	580.4	581.31	583.3	581.65	582.43	583.24	582.805
308.6	577.4	578.71	578.18	578.99	579.8	578.99	579.67	578.97	579.54	580.8	580.84	583.14	581.77	582.52	584.02	583.71
308.7	577.51	578.82	577.87	578.87	579.88	579.08	579.59	579.04	579.56	580.82	580.37	582.48	582.18	582.74	583.97	584.1
308.8	577.16	578.32	578.08	578.91	579.67	579.39	579.36	579.42	579.7	580.45	580.15	581.71	582.68	582.58	583.29	583.725
308.9	576.36	577.62	578.39	578.67	579.33	579.74	579.18	579.65	579.35	579.99	580.48	581.13	582.96	582.15	582.93	583.44
309	575.93	577.47	578.65	578.15	579.08	579.96	579.17	579.71	578.93	579.74	580.92	580.73	582.84	581.96	583.11	583.725
309.1	575.96	577.53	578.62	577.94	579	579.95	579.37	579.57	579.09	579.87	580.87	580.42	582.28	582.15	583.51	584.375
309.2	576.63	577.15	578.05	578.14	578.97	579.69	579.7	579.35	579.48	579.85	580.53	580.27	581.54	582.49	583.44	584.55
309.3	578.1	576.59	577.52	578.36	578.63	579.37	579.96	579.27	579.71	579.27	580.1	580.45	580.94	582.66	582.79	583.895
