0	0	0.1	0.2	0.3	0.4	0.5	0.6	0.7	0.8	0.9	1	1.1	1.2	1.3	1.4	1.5	1.6	1.7	1.8	1.9	2
256.1	0	103.81	106.98	108.75	110.33	111.32	112.19	112.83	113.41	113.87	114.3	114.67	115.01	115.31	115.6	115.87	116.189	116.488	116.787	117.086	117.385
256.2	0	103.76	106.92	108.7	110.27	111.26	112.14	112.78	113.35	113.82	114.24	114.61	114.95	115.26	115.55	115.81	116.136	116.436	116.736	117.036	117.336
256.3	0	103.7	106.87	108.64	110.22	111.21	112.08	112.72	113.3	113.76	114.19	114.56	114.9	115.2	115.49	115.76	116.079	116.378	116.677	116.976	117.275
256.4	0	103.65	106.81	108.58	110.16	111.15	112.03	112.67	113.24	113.71	114.13	114.5	114.84	115.15	115.44	115.71	116.034	116.336	116.638	116.94	117.242
256.5	0	103.6	106.76	108.53	110.1	111.09	111.97	112.61	113.18	113.65	114.08	114.45	114.79	115.1	115.38	115.65	115.971	116.27	116.569	116.868	117.167
256.6	0	103.54	106.71	108.47	110.05	111.04	111.91	112.55	113.13	113.59	114.02	114.39	114.73	115.04	115.33	115.6	115.924	116.226	116.528	116.83	117.132
256.7	0	103.49	106.65	108.42	109.99	110.98	111.86	112.5	113.07	113.54	113.97	114.34	114.68	114.99	115.28	115.54	115.866	116.166	116.466	116.766	117.066
256.8	0	103.44	106.6	108.36	109.93	110.92	111.8	112.44	113.02	113.48	113.91	114.28	114.62	114.93	115.22	115.49	115.814	116.116	116.418	116.72	117.022
256.9	0	103.38	106.54	108.3	109.88	110.87	111.74	112.38	112.96	113.43	113.85	114.22	114.57	114.88	115.17	115.44	115.768	116.072	116.376	116.68	116.984
257	0	103.32	106.49	108.25	109.82	110.81	111.69	112.33	112.9	113.37	113.8	114.17	114.51	114.82	115.11	115.38	115.704	116.006	116.308	116.61	116.912
257.1	0	103.26	106.43	108.19	109.76	110.75	111.63	112.27	112.85	113.31	113.74	114.11	114.46	114.77	115.06	115.33	115.658	115.962	116.266	116.57	116.874
257.2	0	103.2	106.38	108.13	109.71	110.69	111.57	112.21	112.79	113.26	113.68	114.06	114.4	114.71	115	115.27	115.594	115.896	116.198	116.5	116.802
257.3	0	103.14	106.32	108.07	109.65	110.64	111.51	112.15	112.73	113.2	113.63	114	114.35	114.65	114.95	115.22	115.546	115.85	116.154	116.458	116.762
257.4	0	103.08	106.27	108.02	109.59	110.58	111.46	112.1	112.67	113.14	113.57	113.94	114.29	114.6	114.89	115.16	115.488	115.792	116.096	116.4	116.704
257.5	0	103.02	106.21	107.96	109.53	110.52	111.4	112.04	112.62	113.08	113.51	113.89	114.23	114.54	114.84	115.11	115.437	115.742	116.047	116.352	116.657
257.6	0	102.95	106.15	107.9	109.48	110.46	111.34	111.98	112.56	113.03	113.46	113.83	114.18	114.49	114.78	115.05	115.378	115.682	115.986	116.29	116.594
257.7	0	102.89	106.1	107.84	109.42	110.4	111.28	111.92	112.5	112.97	113.4	113.77	114.12	114.43	114.72	115	115.326	115.632	115.938	116.244	116.55
257.8	0	102.83	106.04	107.78	109.36	110.34	111.23	111.86	112.44	112.91	113.34	113.71	114.06	114.37	114.67	114.94	115.271	115.578	115.885	116.192	116.499
257.9	0	102.77	105.98	107.73	109.3	110.28	111.17	111.8	112.38	112.85	113.28	113.66	114.01	114.32	114.61	114.88	115.208	115.512	115.816	116.12	116.424
258	0	102.71	105.93	107.67	109.24	110.23	111.11	111.75	112.33	112.79	113.23	113.6	113.95	114.26	114.55	114.83	115.156	115.462	115.768	116.074	116.38
258.1	0	102.65	105.87	107.61	109.19	110.17	111.05	111.69	112.27	112.74	113.17	113.54	113.89	114.2	114.5	114.77	115.101	115.408	115.715	116.022	116.329
258.2	0	102.58	105.81	107.55	109.13	110.11	110.99	111.63	112.21	112.68	113.11	113.48	113.83	114.14	114.44	114.71	115.041	115.348	115.655	115.962	116.269
258.3	0	102.52	105.75	107.49	109.07	110.05	110.93	111.57	112.15	112.62	113.05	113.43	113.78	114.09	114.38	114.66	114.986	115.292	115.598	115.904	116.21
258.4	0	102.46	105.7	107.43	109.01	109.99	110.87	111.51	112.09	112.56	112.99	113.37	113.72	114.03	114.33	114.6	114.931	115.238	115.545	115.852	116.159
258.5	0	102.4	105.64	107.37	108.95	109.93	110.81	111.45	112.03	112.5	112.94	113.31	113.66	113.97	114.27	114.54	114.871	115.178	115.485	115.792	116.099
258.6	0	102.33	105.58	107.31	108.89	109.87	110.75	111.39	111.97	112.44	112.88	113.25	113.6	113.91	114.21	114.49	114.819	115.128	115.437	115.746	116.055
258.7	0	102.27	105.52	107.25	108.83	109.81	110.69	111.33	111.91	112.38	112.82	113.19	113.54	113.86	114.15	114.43	114.761	115.07	115.379	115.688	115.997
258.8	0	102.21	105.46	107.19	108.77	109.75	110.63	111.27	111.85	112.32	112.76	113.13	113.48	113.8	114.1	114.37	114.706	115.016	115.326	115.636	115.946
258.9	0	102.15	105.4	107.13	108.71	109.68	110.57	111.21	111.79	112.26	112.7	113.07	113.42	113.74	114.04	114.31	114.646	114.956	115.266	115.576	115.886
259	0	102.08	105.34	107.07	108.65	109.62	110.51	111.15	111.73	112.2	112.64	113.01	113.37	113.68	113.98	114.26	114.593	114.904	115.215	115.526	115.837
259.1	0	102.02	105.28	107.01	108.59	109.56	110.45	111.08	111.67	112.14	112.58	112.95	113.31	113.62	113.92	114.2	114.533	114.844	115.155	115.466	115.777
259.2	0	101.95	105.22	106.95	108.53	109.5	110.39	111.02	111.61	112.08	112.52	112.89	113.25	113.56	113.86	114.14	114.473	114.784	115.095	115.406	115.717
259.3	0	101.89	105.16	106.89	108.47	109.44	110.32	110.96	111.55	112.02	112.46	112.83	113.19	113.5	113.8	114.08	114.413	114.724	115.035	115.346	115.657
259.4	0	101.83	105.1	106.83	108.41	109.38	110.26	110.9	111.49	111.96	112.4	112.77	113.13	113.44	113.74	114.02	114.353	114.664	114.975	115.286	115.597
259.5	0	101.76	105.04	106.77	108.35	109.31	110.2	110.84	111.43	111.9	112.34	112.71	113.07	113.38	113.68	113.96	114.293	114.604	114.915	115.226	115.537
259.6	0	101.7	104.98	106.7	108.28	109.25	110.14	110.78	111.36	111.84	112.28	112.65	113.01	113.32	113.63	113.9	114.238	114.55	114.862	115.174	115.486
259.7	0	101.63	104.92	106.64	108.22	109.19	110.08	110.71	111.3	111.78	112.22	112.59	112.95	113.26	113.57	113.85	114.186	114.5	114.814	115.128	115.442
259.8	0	101.57	104.86	106.58	108.16	109.13	110.01	110.65	111.24	111.71	112.16	112.53	112.89	113.2	113.51	113.79	114.126	114.44	114.754	115.068	115.382
259.9	0	101.5	104.8	106.52	108.1	109.06	109.95	110.59	111.18	111.65	112.09	112.47	112.83	113.14	113.45	113.73	114.066	114.38	114.694	115.008	115.322
260	0	101.43	104.74	106.45	108.04	109	109.89	110.52	111.11	111.59	112.03	112.41	112.77	113.08	113.39	113.67	114.006	114.32	114.634	114.948	115.262
260.1	0	101.37	104.68	106.39	107.97	108.94	109.82	110.46	111.05	111.53	111.97	112.35	112.71	113.02	113.33	113.61	113.946	114.26	114.574	114.888	115.202
260.2	0	101.3	104.62	106.33	107.91	108.87	109.76	110.4	110.99	111.46	111.91	112.29	112.64	112.96	113.27	113.55	113.887	114.202	114.517	114.832	115.147
260.3	0	101.24	104.55	106.26	107.85	108.81	109.7	110.33	110.93	111.4	111.85	112.22	112.58	112.9	113.21	113.49	113.831	114.148	114.465	114.782	115.099
260.4	0	101.17	104.49	106.2	107.78	108.75	109.63	110.27	110.86	111.34	111.78	112.16	112.52	112.84	113.15	113.43	113.771	114.088	114.405	114.722	115.039
260.5	0	101.1	104.43	106.13	107.72	108.68	109.57	110.21	110.8	111.28	111.72	112.1	112.46	112.78	113.08	113.37	113.706	114.022	114.338	114.654	114.97
260.6	0	101.03	104.37	106.07	107.66	108.62	109.5	110.14	110.74	111.21	111.66	112.04	112.4	112.72	113.02	113.31	113.646	113.962	114.278	114.594	114.91
260.7	0	100.97	104.3	106.01	107.59	108.55	109.44	110.08	110.67	111.15	111.59	111.97	112.33	112.66	112.96	113.25	113.591	113.91	114.229	114.548	114.867
260.8	0	100.9	104.24	105.94	107.53	108.49	109.38	110.01	110.61	111.08	111.53	111.91	112.27	112.59	112.9	113.18	113.521	113.838	114.155	114.472	114.789
260.9	0	100.83	104.18	105.88	107.46	108.42	109.31	109.95	110.54	111.02	111.47	111.85	112.21	112.53	112.84	113.12	113.461	113.778	114.095	114.412	114.729
261	0	100.76	104.11	105.81	107.4	108.36	109.25	109.88	110.48	110.96	111.4	111.78	112.15	112.47	112.78	113.06	113.405	113.724	114.043	114.362	114.681
261.1	0	100.7	104.05	105.74	107.33	108.29	109.18	109.82	110.41	110.89	111.34	111.72	112.08	112.41	112.72	113	113.346	113.666	113.986	114.306	114.626
261.2	0	100.63	103.98	105.68	107.27	108.23	109.12	109.75	110.35	110.83	111.28	111.66	112.02	112.34	112.65	112.94	113.279	113.598	113.917	114.236	114.555
261.3	0	100.56	103.92	105.61	107.2	108.16	109.05	109.69	110.28	110.76	111.21	111.59	111.96	112.28	112.59	112.88	113.223	113.544	113.865	114.186	114.507
261.4	0	100.49	103.86	105.55	107.14	108.09	108.98	109.62	110.22	110.7	111.15	111.53	111.89	112.22	112.53	112.81	113.156	113.476	113.796	114.116	114.436
261.5	0	100.42	103.79	105.48	107.07	108.03	108.92	109.55	110.15	110.63	111.08	111.46	111.83	112.15	112.47	112.75	113.098	113.42	113.742	114.064	114.386
261.6	0	100.35	103.73	105.41	107	107.96	108.85	109.49	110.08	110.56	111.02	111.4	111.76	112.09	112.4	112.69	113.034	113.356	113.678	114	114.322
261.7	0	100.28	103.66	105.34	106.94	107.89	108.78	109.42	110.02	110.5	110.95	111.33	111.7	112.03	112.34	112.63	112.978	113.302	113.626	113.95	114.274
261.8	0	100.21	103.59	105.28	106.87	107.83	108.72	109.35	109.95	110.43	110.88	111.27	111.63	111.96	112.27	112.56	112.904	113.226	113.548	113.87	114.192
261.9	0	100.14	103.53	105.21	106.8	107.76	108.65	109.29	109.88	110.36	110.82	111.2	111.57	111.9	112.21	112.5	112.848	113.172	113.496	113.82	114.144
262	0	100.07	103.46	105.14	106.73	107.69	108.58	109.22	109.82	110.3	110.75	111.14	111.5	111.83	112.15	112.44	112.787	113.112	113.437	113.762	114.087
262.1	0	99.999	103.4	105.07	106.67	107.62	108.52	109.15	109.75	110.23	110.69	111.07	111.44	111.77	112.08	112.37	112.718	113.042	113.366	113.69	114.014
262.2	0	99.928	103.33	105	106.6	107.55	108.45	109.08	109.68	110.16	110.62	111	111.37	111.7	112.02	112.31	112.661	112.988	113.315	113.642	113.969
262.3	0	99.857	103.26	104.94	106.53	107.48	108.38	109.01	109.61	110.1	110.55	110.94	111.31	111.64	111.95	112.24	112.588	112.912	113.236	113.56	113.884
262.4	0	99.785	103.18	104.87	106.46	107.42	108.31	108.95	109.55	110.03	110.48	110.87	111.24	111.57	111.89	112.18	112.531	112.858	113.185	113.512	113.839
262.5	0	99.713	103.11	104.8	106.39	107.35	108.24	108.88	109.48	109.96	110.42	110.8	111.18	111.51	111.82	112.11	112.462	112.788	113.114	113.44	113.766
262.6	0	99.641	103.04	104.73	106.32	107.28	108.17	108.81	109.41	109.89	110.35	110.74	111.11	111.44	111.76	112.05	112.401	112.728	113.055	113.382	113.709
262.7	0	99.569	102.97	104.66	106.25	107.21	108.1	108.74	109.34	109.82	110.28	110.67	111.04	111.37	111.69	111.98	112.331	112.658	112.985	113.312	113.639
262.8	0	99.496	102.9	104.59	106.18	107.14	108.04	108.67	109.27	109.75	110.21	110.6	110.98	111.31	111.63	111.92	112.275	112.604	112.933	113.262	113.591
262.9	0	99.423	102.83	104.52	106.11	107.07	107.97	108.6	109.2	109.69	110.14	110.53	110.91	111.24	111.56	111.85	112.205	112.534	112.863	113.192	113.521
263	0	99.35	102.75	104.45	106.04	107	107.9	108.53	109.13	109.62	110.08	110.47	110.84	111.17	111.49	111.79	112.139	112.468	112.797	113.126	113.455
263.1	0	99.277	102.68	104.38	105.97	106.92	107.82	108.46	109.06	109.55	110.01	110.4	110.77	111.11	111.43	111.72	112.076	112.406	112.736	113.066	113.396
263.2	0	99.203	102.61	104.3	105.9	106.85	107.75	108.39	108.99	109.48	109.94	110.33	110.71	111.04	111.36	111.65	112.005	112.334	112.663	112.992	113.321
263.3	0	99.129	102.53	104.23	105.83	106.78	107.68	108.32	108.92	109.41	109.87	110.26	110.64	110.97	111.29	111.59	111.943	112.274	112.605	112.936	113.267
263.4	0	99.055	102.46	104.16	105.75	106.71	107.61	108.25	108.85	109.34	109.8	110.19	110.57	110.9	111.23	111.52	111.878	112.21	112.542	112.874	113.206
263.5	0	98.981	102.39	104.09	105.68	106.64	107.54	108.18	108.78	109.27	109.73	110.12	110.5	110.84	111.16	111.45	111.81	112.142	112.474	112.806	113.138
263.6	0	98.906	102.31	104.02	105.61	106.56	107.47	108.11	108.71	109.2	109.66	110.05	110.43	110.77	111.09	111.39	111.748	112.082	112.416	112.75	113.084
263.7	0	98.831	102.24	103.94	105.54	106.49	107.4	108.03	108.64	109.13	109.59	109.98	110.36	110.7	111.02	111.32	111.678	112.012	112.346	112.68	113.014
263.8	0	98.756	102.16	103.87	105.47	106.42	107.32	107.96	108.57	109.06	109.52	109.91	110.29	110.63	110.95	111.25	111.608	111.942	112.276	112.61	112.944
263.9	0	98.68	102.09	103.8	105.39	106.35	107.25	107.89	108.5	108.98	109.45	109.84	110.22	110.56	110.89	111.18	111.543	111.878	112.213	112.548	112.883
264	0	98.604	102.01	103.72	105.32	106.27	107.18	107.82	108.43	108.91	109.38	109.77	110.15	110.49	110.82	111.12	111.481	111.818	112.155	112.492	112.829
264.1	0	98.528	101.94	103.65	105.25	106.2	107.11	107.74	108.35	108.84	109.31	109.7	110.08	110.42	110.75	111.05	111.411	111.748	112.085	112.422	112.759
264.2	0	98.451	101.86	103.58	105.17	106.12	107.03	107.67	108.28	108.77	109.24	109.63	110.01	110.35	110.68	110.98	111.341	111.678	112.015	112.352	112.689
264.3	0	98.374	101.78	103.5	105.1	106.05	106.96	107.6	108.21	108.7	109.16	109.56	109.94	110.28	110.61	110.91	111.271	111.608	111.945	112.282	112.619
264.4	0	98.297	101.71	103.43	105.02	105.98	106.89	107.53	108.14	108.62	109.09	109.49	109.87	110.21	110.54	110.84	111.201	111.538	111.875	112.212	112.549
264.5	0	98.22	101.63	103.35	104.95	105.9	106.81	107.45	108.06	108.55	109.02	109.42	109.8	110.14	110.47	110.77	111.131	111.468	111.805	112.142	112.479
264.6	0	98.142	101.55	103.28	104.88	105.82	106.74	107.38	107.99	108.48	108.95	109.35	109.73	110.07	110.4	110.7	111.061	111.398	111.735	112.072	112.409
264.7	0	98.064	101.48	103.2	104.8	105.75	106.66	107.3	107.92	108.4	108.88	109.27	109.66	110	110.33	110.64	111.003	111.344	111.685	112.026	112.367
264.8	0	97.985	101.4	103.13	104.73	105.67	106.59	107.23	107.84	108.33	108.8	109.2	109.59	109.93	110.26	110.57	110.933	111.274	111.615	111.956	112.297
264.9	0	97.906	101.32	103.05	104.65	105.6	106.51	107.15	107.77	108.26	108.73	109.13	109.52	109.86	110.19	110.5	110.863	111.204	111.545	111.886	112.227
265	0	97.827	101.24	102.97	104.57	105.52	106.44	107.08	107.69	108.18	108.66	109.06	109.44	109.79	110.12	110.43	110.794	111.136	111.478	111.82	112.162
265.1	0	97.747	101.16	102.89	104.5	105.44	106.36	107	107.62	108.11	108.58	108.98	109.37	109.71	110.05	110.35	110.718	111.06	111.402	111.744	112.086
265.2	0	97.667	101.08	102.82	104.42	105.37	106.28	106.92	107.54	108.03	108.51	108.91	109.3	109.64	109.98	110.28	110.648	110.99	111.332	111.674	112.016
265.3	0	97.587	101	102.74	104.34	105.29	106.21	106.85	107.47	107.96	108.43	108.84	109.23	109.57	109.9	110.21	110.573	110.914	111.255	111.596	111.937
265.4	0	97.506	100.92	102.66	104.27	105.21	106.13	106.77	107.39	107.88	108.36	108.76	109.15	109.5	109.83	110.14	110.508	110.852	111.196	111.54	111.884
265.5	0	97.425	100.84	102.58	104.19	105.13	106.05	106.69	107.31	107.81	108.28	108.69	109.08	109.42	109.76	110.07	110.436	110.78	111.124	111.468	111.812
265.6	0	97.344	100.76	102.5	104.11	105.06	105.97	106.62	107.24	107.73	108.21	108.61	109.01	109.35	109.69	110	110.37	110.716	111.062	111.408	111.754
265.7	0	97.262	100.68	102.42	104.03	104.98	105.89	106.54	107.16	107.66	108.13	108.54	108.93	109.28	109.62	109.93	110.301	110.648	110.995	111.342	111.689
265.8	0	97.18	100.6	102.34	103.95	104.9	105.82	106.46	107.08	107.58	108.06	108.46	108.86	109.2	109.54	109.85	110.22	110.566	110.912	111.258	111.604
265.9	0	97.098	100.52	102.26	103.87	104.82	105.74	106.38	107.01	107.5	107.98	108.39	108.78	109.13	109.47	109.78	110.151	110.498	110.845	111.192	111.539
266	0	97.015	100.43	102.18	103.79	104.74	105.66	106.3	106.93	107.42	107.9	108.31	108.71	109.06	109.39	109.71	110.08	110.428	110.776	111.124	111.472
266.1	0	96.932	100.35	102.1	103.71	104.66	105.58	106.22	106.85	107.35	107.83	108.23	108.63	108.98	109.32	109.63	110.005	110.354	110.703	111.052	111.401
266.2	0	96.848	100.27	102.02	103.63	104.58	105.5	106.14	106.77	107.27	107.75	108.16	108.55	108.91	109.25	109.56	109.936	110.286	110.636	110.986	111.336
266.3	0	96.764	100.19	101.94	103.55	104.5	105.42	106.06	106.69	107.19	107.67	108.08	108.48	108.83	109.17	109.49	109.863	110.214	110.565	110.916	111.267
266.4	0	96.68	100.1	101.86	103.47	104.41	105.34	105.98	106.61	107.11	107.59	108	108.4	108.75	109.1	109.41	109.788	110.14	110.492	110.844	111.196
266.5	0	96.595	100.02	101.78	103.39	104.33	105.26	105.9	106.53	107.03	107.52	107.93	108.33	108.68	109.02	109.34	109.713	110.064	110.415	110.766	111.117
266.6	0	96.51	99.933	101.69	103.3	104.25	105.17	105.82	106.45	106.95	107.44	107.85	108.25	108.6	108.95	109.26	109.638	109.99	110.342	110.694	111.046
266.7	0	96.425	99.849	101.61	103.22	104.17	105.09	105.74	106.37	106.87	107.36	107.77	108.17	108.53	108.87	109.19	109.568	109.922	110.276	110.63	110.984
266.8	0	96.339	99.763	101.53	103.13	104.08	105.01	105.66	106.29	106.79	107.28	107.69	108.09	108.45	108.8	109.11	109.493	109.848	110.203	110.558	110.913
266.9	0	96.252	99.678	101.44	103.05	104	104.93	105.58	106.21	106.71	107.2	107.61	108.02	108.37	108.72	109.04	109.42	109.776	110.132	110.488	110.844
267	0	96.166	99.591	101.36	102.96	103.92	104.84	105.49	106.13	106.63	107.12	107.53	107.94	108.29	108.64	108.96	109.34	109.696	110.052	110.408	110.764
267.1	0	96.078	99.505	101.27	102.87	103.83	104.76	105.41	106.04	106.55	107.04	107.45	107.86	108.22	108.57	108.89	109.275	109.634	109.993	110.352	110.711
267.2	0	95.991	99.418	101.19	102.79	103.75	104.68	105.33	105.96	106.47	106.96	107.37	107.78	108.14	108.49	108.81	109.195	109.554	109.913	110.272	110.631
267.3	0	95.903	99.33	101.1	102.7	103.66	104.59	105.24	105.88	106.39	106.88	107.29	107.7	108.06	108.41	108.73	109.115	109.474	109.833	110.192	110.551
267.4	0	95.814	99.243	101.02	102.61	103.58	104.51	105.16	105.8	106.3	106.8	107.21	107.62	107.98	108.33	108.66	109.043	109.404	109.765	110.126	110.487
267.5	0	95.726	99.154	100.93	102.52	103.49	104.42	105.08	105.71	106.22	106.72	107.13	107.54	107.9	108.26	108.58	108.968	109.33	109.692	110.054	110.416
267.6	0	95.636	99.065	100.84	102.44	103.4	104.34	104.99	105.63	106.14	106.63	107.05	107.46	107.82	108.18	108.5	108.888	109.25	109.612	109.974	110.336
267.7	0	95.547	98.976	100.76	102.35	103.32	104.25	104.91	105.55	106.05	106.55	106.97	107.38	107.74	108.1	108.42	108.808	109.17	109.532	109.894	110.256
267.8	0	95.457	98.886	100.67	102.26	103.23	104.17	104.82	105.46	105.97	106.47	106.89	107.3	107.66	108.02	108.35	108.736	109.1	109.464	109.828	110.192
267.9	0	95.366	98.796	100.58	102.17	103.14	104.08	104.73	105.38	105.89	106.39	106.81	107.22	107.58	107.94	108.27	108.656	109.02	109.384	109.748	110.112
268	0	95.275	98.706	100.49	102.08	103.05	103.99	104.65	105.29	105.8	106.3	106.72	107.14	107.5	107.86	108.19	108.58	108.946	109.312	109.678	110.044
268.1	0	95.183	98.615	100.4	101.99	102.97	103.91	104.56	105.2	105.72	106.22	106.64	107.06	107.42	107.78	108.11	108.5	108.866	109.232	109.598	109.964
268.2	0	95.091	98.523	100.31	101.9	102.88	103.82	104.47	105.12	105.63	106.13	106.56	106.97	107.34	107.7	108.03	108.421	108.788	109.155	109.522	109.889
268.3	0	94.999	98.431	100.22	101.81	102.79	103.73	104.39	105.03	105.55	106.05	106.47	106.89	107.26	107.62	107.95	108.345	108.714	109.083	109.452	109.821
268.4	0	94.906	98.338	100.13	101.71	102.7	103.64	104.3	104.94	105.46	105.96	106.39	106.81	107.18	107.54	107.87	108.265	108.634	109.003	109.372	109.741
268.5	0	94.812	98.245	100.04	101.62	102.61	103.55	104.21	104.86	105.37	105.88	106.31	106.73	107.09	107.46	107.79	108.183	108.552	108.921	109.29	109.659
268.6	0	94.718	98.152	99.952	101.53	102.52	103.46	104.12	104.77	105.29	105.79	106.22	106.64	107.01	107.37	107.71	108.103	108.474	108.845	109.216	109.587
268.7	0	94.624	98.058	99.861	101.44	102.43	103.37	104.03	104.68	105.2	105.71	106.14	106.56	106.93	107.29	107.63	108.023	108.394	108.765	109.136	109.507
268.8	0	94.529	97.963	99.768	101.34	102.33	103.28	103.94	104.59	105.11	105.62	106.05	106.47	106.84	107.21	107.54	107.938	108.31	108.682	109.054	109.426
268.9	0	94.434	97.868	99.676	101.25	102.24	103.19	103.85	104.5	105.02	105.53	105.96	106.39	106.76	107.13	107.46	107.862	108.236	108.61	108.984	109.358
269	0	94.338	97.772	99.582	101.16	102.15	103.1	103.76	104.42	104.93	105.45	105.88	106.3	106.68	107.04	107.38	107.778	108.152	108.526	108.9	109.274
269.1	0	94.242	97.676	99.489	101.06	102.06	103	103.67	104.33	104.85	105.36	105.79	106.22	106.59	106.96	107.3	107.7	108.076	108.452	108.828	109.204
269.2	0	94.145	97.579	99.394	100.97	101.97	102.91	103.58	104.24	104.76	105.27	105.7	106.13	106.51	106.87	107.21	107.612	107.988	108.364	108.74	109.116
269.3	0	94.048	97.481	99.299	100.87	101.87	102.82	103.49	104.14	104.67	105.18	105.62	106.05	106.42	106.79	107.13	107.53	107.906	108.282	108.658	109.034
269.4	0	93.95	97.384	99.204	100.77	101.78	102.72	103.39	104.05	104.58	105.09	105.53	105.96	106.34	106.71	107.05	107.455	107.834	108.213	108.592	108.971
269.5	0	93.852	97.285	99.107	100.68	101.68	102.63	103.3	103.96	104.49	105	105.44	105.87	106.25	106.62	106.96	107.365	107.744	108.123	108.502	108.881
269.6	0	93.753	97.186	99.011	100.58	101.59	102.53	103.21	103.87	104.4	104.91	105.35	105.78	106.16	106.53	106.88	107.283	107.664	108.045	108.426	108.807
269.7	0	93.653	97.087	98.914	100.48	101.49	102.44	103.11	103.78	104.3	104.82	105.26	105.7	106.08	106.45	106.79	107.199	107.58	107.961	108.342	108.723
269.8	0	93.553	96.986	98.816	100.38	101.4	102.34	103.02	103.68	104.21	104.73	105.17	105.61	105.99	106.36	106.71	107.117	107.5	107.883	108.266	108.649
269.9	0	93.453	96.886	98.717	100.28	101.3	102.25	102.93	103.59	104.12	104.64	105.08	105.52	105.9	106.28	106.62	107.032	107.416	107.8	108.184	108.568
270	0	93.351	96.784	98.618	100.18	101.2	102.15	102.83	103.5	104.03	104.55	104.99	105.43	105.81	106.19	106.54	106.95	107.336	107.722	108.108	108.494
270.1	0	93.249	96.683	98.519	100.08	101.1	102.05	102.73	103.4	103.93	104.46	104.9	105.34	105.72	106.1	106.45	106.86	107.246	107.632	108.018	108.404
270.2	0	93.147	96.58	98.419	99.982	101.01	101.95	102.64	103.31	103.84	104.36	104.81	105.25	105.63	106.01	106.36	106.77	107.156	107.542	107.928	108.314
270.3	0	93.044	96.477	98.318	99.88	100.91	101.85	102.54	103.21	103.74	104.27	104.72	105.16	105.55	105.93	106.28	106.695	107.084	107.473	107.862	108.251
270.4	0	92.94	96.374	98.217	99.778	100.81	101.76	102.44	103.11	103.65	104.18	104.63	105.07	105.46	105.84	106.19	106.605	106.994	107.383	107.772	108.161
270.5	0	92.836	96.269	98.115	99.675	100.71	101.66	102.35	103.02	103.55	104.08	104.53	104.98	105.37	105.75	106.1	106.519	106.91	107.301	107.692	108.083
270.6	0	92.731	96.164	98.012	99.572	100.61	101.56	102.25	102.92	103.46	103.99	104.44	104.89	105.27	105.66	106.01	106.427	106.818	107.209	107.6	107.991
270.7	0	92.625	96.059	97.909	99.467	100.51	101.45	102.15	102.82	103.36	103.89	104.35	104.79	105.18	105.57	105.92	106.338	106.73	107.122	107.514	107.906
270.8	0	92.519	95.953	97.805	99.363	100.4	101.35	102.05	102.72	103.26	103.8	104.25	104.7	105.09	105.48	105.83	106.252	106.646	107.04	107.434	107.828
270.9	0	92.412	95.846	97.701	99.257	100.3	101.25	101.95	102.62	103.17	103.7	104.16	104.61	105	105.39	105.74	106.162	106.556	106.95	107.344	107.738
271	0	92.304	95.738	97.596	99.151	100.2	101.15	101.85	102.52	103.07	103.61	104.06	104.51	104.91	105.3	105.65	106.077	106.474	106.871	107.268	107.665
271.1	0	92.196	95.63	97.49	99.045	100.09	101.05	101.75	102.42	102.97	103.51	103.97	104.42	104.81	105.2	105.56	105.98	106.376	106.772	107.168	107.564
271.2	0	92.087	95.521	97.383	98.938	99.989	100.94	101.65	102.32	102.87	103.41	103.87	104.33	104.72	105.11	105.47	105.894	106.292	106.69	107.088	107.486
271.3	0	91.977	95.411	97.276	98.83	99.884	100.84	101.54	102.22	102.77	103.31	103.77	104.23	104.63	105.02	105.38	105.809	106.21	106.611	107.012	107.413
271.4	0	91.867	95.301	97.168	98.721	99.778	100.73	101.44	102.12	102.67	103.21	103.68	104.14	104.53	104.93	105.29	105.717	106.118	106.519	106.92	107.321
271.5	0	91.756	95.19	97.06	98.612	99.672	100.63	101.34	102.02	102.57	103.11	103.58	104.04	104.44	104.83	105.2	105.627	106.03	106.433	106.836	107.239
271.6	0	91.644	95.078	96.95	98.502	99.565	100.52	101.23	101.92	102.47	103.01	103.48	103.94	104.34	104.74	105.1	105.532	105.936	106.34	106.744	107.148
271.7	0	91.531	94.965	96.84	98.391	99.457	100.41	101.13	101.81	102.37	102.91	103.38	103.85	104.25	104.65	105.01	105.446	105.852	106.258	106.664	107.07
271.8	0	91.418	94.852	96.729	98.279	99.348	100.3	101.02	101.71	102.27	102.81	103.28	103.75	104.15	104.55	104.92	105.354	105.762	106.17	106.578	106.986
271.9	0	91.303	94.737	96.618	98.167	99.239	100.2	100.92	101.6	102.16	102.71	103.18	103.65	104.05	104.45	104.82	105.254	105.662	106.07	106.478	106.886
272	0	91.188	94.622	96.506	98.054	99.129	100.09	100.81	101.5	102.06	102.61	103.08	103.55	103.96	104.36	104.73	105.169	105.58	105.991	106.402	106.813
272.1	0	91.072	94.507	96.393	97.94	99.018	99.977	100.7	101.39	101.96	102.51	102.98	103.45	103.86	104.26	104.63	105.069	105.48	105.891	106.302	106.713
272.2	0	90.955	94.39	96.279	97.826	98.907	99.866	100.59	101.28	101.85	102.4	102.88	103.35	103.76	104.17	104.54	104.982	105.396	105.81	106.224	106.638
272.3	0	90.838	94.273	96.164	97.711	98.795	99.755	100.49	101.18	101.75	102.3	102.78	103.25	103.66	104.07	104.44	104.882	105.296	105.71	106.124	106.538
272.4	0	90.719	94.154	96.049	97.594	98.682	99.643	100.38	101.07	101.64	102.19	102.67	103.15	103.56	103.97	104.34	104.786	105.202	105.618	106.034	106.45
272.5	0	90.6	94.035	95.933	97.478	98.568	99.53	100.27	100.96	101.53	102.09	102.57	103.05	103.46	103.87	104.25	104.694	105.112	105.53	105.948	106.366
272.6	0	90.479	93.915	95.815	97.36	98.454	99.417	100.16	100.85	101.43	101.98	102.47	102.94	103.36	103.77	104.15	104.595	105.014	105.433	105.852	106.271
272.7	0	90.358	93.794	95.698	97.241	98.338	99.302	100.04	100.74	101.32	101.88	102.36	102.84	103.26	103.67	104.05	104.499	104.92	105.341	105.762	106.183
272.8	0	90.236	93.672	95.579	97.122	98.222	99.188	99.931	100.63	101.21	101.77	102.26	102.74	103.16	103.57	103.95	104.399	104.82	105.241	105.662	106.083
272.9	0	90.113	93.549	95.459	97.002	98.105	99.072	99.818	100.52	101.1	101.66	102.15	102.63	103.06	103.47	103.85	104.304	104.728	105.152	105.576	106
273	0	89.989	93.426	95.339	96.881	97.988	98.955	99.704	100.41	100.99	101.56	102.04	102.53	102.95	103.37	103.75	104.206	104.632	105.058	105.484	105.91
273.1	0	89.864	93.301	95.217	96.759	97.869	98.838	99.59	100.29	100.88	101.45	101.94	102.42	102.85	103.27	103.65	104.107	104.534	104.961	105.388	105.815
273.2	0	89.738	93.176	95.095	96.636	97.75	98.72	99.474	100.18	100.77	101.34	101.83	102.32	102.75	103.17	103.55	104.011	104.44	104.869	105.298	105.727
273.3	0	89.612	93.049	94.972	96.513	97.63	98.602	99.358	100.06	100.66	101.23	101.72	102.21	102.64	103.06	103.45	103.909	104.34	104.771	105.202	105.633
273.4	0	89.484	92.922	94.848	96.388	97.509	98.482	99.242	99.95	100.55	101.12	101.61	102.1	102.54	102.96	103.35	103.814	104.248	104.682	105.116	105.55
273.5	0	89.355	92.793	94.723	96.263	97.387	98.362	99.124	99.834	100.43	101.01	101.5	102	102.43	102.86	103.25	103.716	104.152	104.588	105.024	105.46
273.6	0	89.225	92.664	94.597	96.137	97.265	98.24	99.006	99.717	100.32	100.89	101.39	101.89	102.32	102.75	103.15	103.614	104.052	104.49	104.928	105.366
273.7	0	89.094	92.533	94.47	96.01	97.141	98.118	98.886	99.6	100.2	100.78	101.28	101.78	102.22	102.65	103.04	103.511	103.95	104.389	104.828	105.267
273.8	0	88.962	92.401	94.341	95.882	97.017	97.995	98.767	99.481	100.09	100.67	101.17	101.67	102.11	102.54	102.94	103.33	103.763	104.178	104.593	105.008
273.9	0	88.829	92.268	94.212	95.753	96.892	97.872	98.646	99.362	99.972	100.55	101.06	101.56	102	102.43	102.83	103.23	103.661	104.078	104.495	104.912
274	0	88.694	92.134	94.082	95.623	96.765	97.747	98.524	99.243	99.855	100.44	100.95	101.45	101.89	102.33	102.73	103.12	103.558	103.976	104.394	104.812
274.1	0	88.559	91.999	93.95	95.492	96.638	97.621	98.402	99.122	99.737	100.32	100.83	101.34	101.78	102.22	102.62	103.02	103.456	103.876	104.296	104.716
274.2	0	88.422	91.863	93.818	95.36	96.51	97.495	98.278	99.001	99.618	100.21	100.72	101.22	101.67	102.11	102.52	102.91	103.355	103.778	104.201	104.624
274.3	0	88.284	91.726	93.684	95.227	96.381	97.367	98.154	98.878	99.499	100.09	100.61	101.11	101.56	102	102.41	102.81	103.253	103.678	104.103	104.528
274.4	0	88.145	91.587	93.549	95.093	96.251	97.238	98.029	98.755	99.378	99.974	100.49	101	101.45	101.89	102.3	102.7	103.143	103.568	103.993	104.418
274.5	0	88.005	91.447	93.413	94.958	96.12	97.109	97.903	98.632	99.257	99.855	100.37	100.88	101.34	101.78	102.19	102.6	103.045	103.474	103.903	104.332
274.6	0	87.863	91.306	93.276	94.821	95.987	96.978	97.776	98.507	99.135	99.735	100.26	100.77	101.22	101.67	102.08	102.49	102.936	103.366	103.796	104.226
274.7	0	87.72	91.164	93.138	94.684	95.854	96.847	97.648	98.381	99.012	99.615	100.14	100.65	101.11	101.56	101.97	102.38	102.83	103.262	103.694	104.126
274.8	0	87.576	91.02	92.998	94.545	95.72	96.714	97.519	98.255	98.889	99.494	100.02	100.53	101	101.45	101.86	102.27	102.724	103.158	103.592	104.026
274.9	0	87.43	90.875	92.857	94.405	95.584	96.581	97.389	98.128	98.764	99.371	99.903	100.42	100.88	101.33	101.75	102.17	102.621	103.058	103.495	103.932
275	0	87.283	90.729	92.715	94.264	95.448	96.446	97.258	97.999	98.639	99.248	99.783	100.3	100.77	101.22	101.64	102.06	102.515	102.954	103.393	103.832
275.1	0	87.134	90.581	92.572	94.122	95.31	96.31	97.127	97.87	98.512	99.124	99.662	100.18	100.65	101.11	101.53	101.95	102.41	102.852	103.294	103.736
275.2	0	86.984	90.432	92.427	93.978	95.171	96.173	96.994	97.74	98.385	98.999	99.54	100.06	100.53	100.99	101.42	101.84	102.303	102.748	103.193	103.638
275.3	0	86.832	90.282	92.281	93.833	95.031	96.035	96.859	97.609	98.257	98.873	99.418	99.942	100.41	100.87	101.3	101.72	102.1822	102.6268	103.0714	103.516
275.4	0	86.679	90.13	92.134	93.687	94.889	95.895	96.724	97.477	98.128	98.746	99.294	99.821	100.3	100.76	101.19	101.61	102.0766	102.5234	102.9702	103.417
275.5	0	86.524	89.977	91.985	93.54	94.747	95.755	96.588	97.344	97.998	98.618	99.169	99.7	100.18	100.64	101.07	101.5	101.965	102.414	102.863	103.312
275.6	0	86.368	89.822	91.835	93.391	94.603	95.613	96.451	97.209	97.867	98.49	99.044	99.577	100.06	100.52	100.96	101.39	101.8592	102.3118	102.7644	103.217
275.7	0	86.21	89.665	91.683	93.24	94.458	95.471	96.312	97.074	97.734	98.36	98.917	99.454	99.936	100.4	100.84	101.27	101.7408	102.1944	102.648	103.1016
275.8	0	86.05	89.507	91.53	93.088	94.311	95.327	96.172	96.938	97.601	98.229	98.79	99.329	99.814	100.29	100.73	101.16	101.638	102.0958	102.5536	103.0114
275.9	0	85.889	89.347	91.375	92.935	94.163	95.181	96.031	96.8	97.467	98.097	98.662	99.204	99.692	100.17	100.61	101.04	101.5202	101.9792	102.4382	102.8972
276	0	85.725	89.186	91.219	92.78	94.014	95.035	95.889	96.661	97.332	97.964	98.532	99.078	99.569	100.04	100.49	100.92	101.4009	101.8614	102.3219	102.7824
276.1	0	85.56	89.022	91.062	92.623	93.863	94.887	95.746	96.522	97.196	97.831	98.402	98.951	99.444	99.922	100.37	100.81	101.2926	101.757	102.2214	102.6858
276.2	0	85.393	88.857	90.902	92.465	93.71	94.738	95.601	96.38	97.058	97.696	98.27	98.822	99.319	99.8	100.25	100.69	101.1763	101.643	102.1097	102.5764
276.3	0	85.224	88.69	90.741	92.306	93.556	94.587	95.456	96.238	96.92	97.56	98.138	98.693	99.193	99.676	100.13	100.57	101.0597	101.5288	101.9979	102.467
276.4	0	85.053	88.521	90.578	92.145	93.401	94.435	95.308	96.095	96.78	97.423	98.004	98.563	99.066	99.552	100.01	100.45	100.9436	101.4154	101.8872	102.359
276.5	0	84.88	88.35	90.414	91.982	93.244	94.282	95.16	95.95	96.639	97.285	97.87	98.432	98.938	99.426	99.883	100.33	100.8241	101.2982	101.7723	102.2464
276.6	0	84.705	88.177	90.247	91.817	93.086	94.127	95.01	95.804	96.497	97.146	97.734	98.3	98.809	99.3	99.759	100.21	100.7066	101.1836	101.6606	102.1376
276.7	0	84.528	88.002	90.079	91.651	92.926	93.97	94.859	95.657	96.354	97.006	97.598	98.166	98.68	99.173	99.635	100.09	100.5897	101.07	101.5503	102.0306
276.8	0	84.348	87.825	89.909	91.483	92.764	93.812	94.706	95.508	96.21	96.864	97.46	98.032	98.549	99.045	99.51	99.963	100.4667	100.949	101.4313	101.9136
276.9	0	84.166	87.645	89.736	91.313	92.6	93.653	94.552	95.358	96.064	96.722	97.321	97.896	98.417	98.916	99.383	99.839	100.3458	100.831	101.3162	101.8014
277	0	83.982	87.464	89.562	91.141	92.435	93.492	94.396	95.207	95.917	96.578	97.181	97.759	98.284	98.786	99.256	99.715	100.2252	100.7136	101.202	101.6904
277.1	0	83.796	87.28	89.386	90.968	92.268	93.329	94.239	95.054	95.769	96.433	97.04	97.622	98.15	98.655	99.128	99.589	100.1024	100.5936	101.0848	101.576
277.2	0	83.606	87.094	89.208	90.792	92.1	93.165	94.081	94.899	95.619	96.288	96.897	97.483	98.015	98.523	98.999	99.463	99.9798	100.4742	100.9686	101.463
277.3	0	83.415	86.906	89.027	90.615	91.929	92.999	93.921	94.743	95.469	96.14	96.754	97.343	97.879	98.391	98.869	99.335	99.8556	100.353	100.8504	101.3478
277.4	0	83.22	86.715	88.844	90.435	91.757	92.832	93.759	94.586	95.316	95.992	96.609	97.201	97.741	98.257	98.739	99.207	99.732	100.233	100.734	101.235
277.5	0	83.023	86.522	88.659	90.254	91.583	92.662	93.595	94.427	95.163	95.842	96.464	97.059	97.603	98.122	98.607	99.078	99.6064	100.1106	100.6148	101.119
277.6	0	82.822	86.327	88.471	90.07	91.407	92.491	93.43	94.267	95.007	95.691	96.317	96.915	97.463	97.986	98.474	98.948	99.4803	99.988	100.4957	101.0034
277.7	0	82.619	86.128	88.282	89.884	91.229	92.318	93.264	94.104	94.851	95.539	96.169	96.771	97.323	97.849	98.341	98.818	99.354	99.8652	100.3764	100.8876
277.8	0	82.412	85.927	88.089	89.696	91.049	92.144	93.095	93.941	94.693	95.386	96.019	96.625	97.181	97.711	98.206	98.686	99.2259	99.7406	100.2553	100.77
277.9	0	82.202	85.724	87.894	89.506	90.867	91.967	92.925	93.775	94.533	95.231	95.869	96.478	97.038	97.572	98.071	98.553	99.0973	99.6156	100.1339	100.6522
278	0	81.987	85.517	87.697	89.314	90.683	91.789	92.753	93.608	94.372	95.074	95.717	96.33	96.894	97.432	97.934	98.419	98.9672	99.489	100.0108	100.5326
278.1	0	81.769	85.307	87.496	89.119	90.496	91.608	92.58	93.44	94.209	94.916	95.564	96.18	96.748	97.29	97.796	98.285	98.8372	99.363	99.8888	100.4146
278.2	0	81.547	85.094	87.293	88.921	90.308	91.426	92.404	93.269	94.044	94.757	95.409	96.03	96.602	97.148	97.657	98.149	98.7051	99.2344	99.7637	100.293
278.3	0	81.319	84.877	87.087	88.721	90.117	91.241	92.227	93.097	93.878	94.596	95.253	95.878	96.454	97.004	97.517	98.012	98.5723	99.1054	99.6385	100.1716
278.4	0	81.086	84.656	86.878	88.518	89.924	91.055	92.048	92.924	93.71	94.433	95.096	95.724	96.305	96.859	97.376	97.875	98.4397	98.977	99.5143	100.0516
278.5	0	80.848	84.432	86.666	88.313	89.728	90.866	91.866	92.748	93.541	94.269	94.937	95.57	96.155	96.712	97.233	97.736	98.3042	98.8452	99.3862	99.9272
278.6	0	80.603	84.203	86.45	88.105	89.53	90.674	91.683	92.571	93.37	94.103	94.776	95.414	96.003	96.565	97.09	97.595	98.1681	98.713	99.2579	99.8028
278.7	0	80.351	83.969	86.231	87.893	89.329	90.481	91.498	92.391	93.197	93.936	94.614	95.256	95.85	96.416	96.945	97.454	98.0315	98.5806	99.1297	99.6788
278.8	0	80.092	83.73	86.008	87.679	89.126	90.285	91.31	92.21	93.022	93.767	94.451	95.097	95.696	96.266	96.799	97.312	97.8939	98.4472	99.0005	99.5538
278.9	0	79.824	83.485	85.78	87.461	88.92	90.086	91.12	92.027	92.846	93.596	94.286	94.937	95.54	96.114	96.651	97.168	97.7539	98.3112	98.8685	99.4258
279	0	79.547	83.234	85.549	87.24	88.711	89.885	90.928	91.841	92.667	93.423	94.119	94.775	95.383	95.961	96.502	97.023	97.6133	98.1748	98.7363	99.2978
279.1	0	79.26	82.976	85.312	87.015	88.499	89.681	90.734	91.654	92.487	93.249	93.95	94.611	95.224	95.807	96.352	96.877	97.4722	98.0382	98.6042	99.1702
279.2	0	78.961	82.711	85.071	86.787	88.283	89.475	90.537	91.464	92.305	93.073	93.78	94.446	95.064	95.651	96.201	96.729	97.3291	97.8994	98.4697	99.04
279.3	0	78.65	82.438	84.824	86.554	88.065	89.265	90.337	91.272	92.12	92.895	93.608	94.279	94.902	95.494	96.048	96.58	97.185	97.7598	98.3346	98.9094
279.4	0	78.326	82.156	84.57	86.316	87.843	89.053	90.135	91.078	91.934	92.715	93.434	94.111	94.739	95.335	95.894	96.43	97.0397	97.619	98.1983	98.7776
279.5	0	77.987	81.863	84.31	86.074	87.617	88.838	89.93	90.881	91.745	92.533	93.258	93.941	94.575	95.175	95.739	96.279	96.8938	97.4778	98.0618	98.6458
279.6	0	77.631	81.56	84.043	85.827	87.387	88.619	89.722	90.681	91.554	92.349	93.081	93.769	94.408	95.014	95.582	96.126	96.7462	97.335	97.9238	98.5126
279.7	0	77.217	81.245	83.768	85.574	87.153	88.397	89.511	90.479	91.361	92.163	92.902	93.595	94.24	94.85	95.423	95.972	96.5971	97.1908	97.7845	98.3782
279.8	0	76.772	80.917	83.484	85.315	86.915	88.171	89.297	90.275	91.166	91.975	92.72	93.419	94.071	94.686	95.264	95.817	96.4481	97.047	97.6459	98.2448
279.9	0	76.304	80.574	83.191	85.049	86.671	87.942	89.081	90.067	90.967	91.784	92.537	93.242	93.899	94.52	95.103	95.66	96.2968	96.9008	97.5048	98.1088
280	0	75.809	80.216	82.887	84.776	86.423	87.708	88.86	89.857	90.767	91.592	92.351	93.062	93.726	94.352	94.94	95.502	96.1446	96.754	97.3634	97.9728
280.1	0	75.287	79.841	82.573	84.495	86.169	87.471	88.637	89.644	90.564	91.396	92.164	92.881	93.551	94.182	94.776	95.343	95.9913	96.6062	97.2211	97.836
280.2	0	74.735	79.448	82.246	84.206	85.908	87.229	88.41	89.427	90.357	91.199	91.974	92.697	93.373	94.011	94.61	95.182	95.8367	96.4574	97.0781	97.6988
280.3	0	74.15	79.034	81.905	83.907	85.642	86.982	88.179	89.208	90.149	90.999	91.782	92.512	93.194	93.838	94.443	95.019	95.6801	96.3064	96.9327	97.559
280.4	0	73.53	78.599	81.55	83.598	85.368	86.729	87.944	88.985	89.937	90.796	91.588	92.324	93.013	93.663	94.274	94.855	95.5227	96.155	96.7873	97.4196
280.5	0	72.874	78.14	81.179	83.279	85.087	86.471	87.704	88.758	89.722	90.591	91.392	92.135	92.83	93.486	94.103	94.69	95.3637	96.002	96.6403	97.2786
280.6	0	72.177	77.656	80.791	82.947	84.797	86.207	87.46	88.528	89.504	90.382	91.193	91.943	92.645	93.307	93.931	94.523	95.2036	95.8482	96.4928	97.1374
280.7	0	71.44	77.122	80.384	82.602	84.498	85.937	87.212	88.294	89.282	90.171	90.991	91.749	92.458	93.127	93.756	94.355	95.042	95.693	96.344	96.995
280.8	0	70.659	76.551	79.956	82.243	84.189	85.66	86.958	88.055	89.057	89.957	90.787	91.552	92.269	92.944	93.58	94.185	94.8791	95.5368	96.1945	96.8522
280.9	0	69.833	75.946	79.507	81.868	83.87	85.375	86.698	87.813	88.829	89.739	90.58	91.354	92.078	92.759	93.402	94.013	94.7138	95.378	96.0422	96.7064
281	0	68.96	75.305	79.035	81.477	83.539	85.081	86.433	87.566	88.596	89.519	90.37	91.152	91.885	92.573	93.223	93.839	94.548	95.2192	95.8904	96.5616
281.1	0	68.04	74.627	78.537	81.068	83.196	84.779	86.161	87.314	88.36	89.295	90.157	90.949	91.689	92.384	93.041	93.664	94.38	95.0582	95.7364	96.4146
281.2	0	67.071	73.908	78.012	80.64	82.838	84.467	85.882	87.056	88.12	89.067	89.941	90.742	91.491	92.193	92.857	93.487	94.2108	94.8964	95.582	96.2676
281.3	0	66.053	73.148	77.454	80.19	82.467	84.145	85.595	86.793	87.875	88.836	89.722	90.533	91.291	92	92.671	93.308	94.0396	94.7326	95.4256	96.1186
281.4	0	64.986	72.344	76.842	79.718	82.079	83.811	85.301	86.524	87.626	88.601	89.499	90.321	91.088	91.804	92.483	93.127	93.8667	94.5674	95.2681	95.9688
281.5	0	63.871	71.495	76.195	79.221	81.674	83.464	84.998	86.249	87.372	88.361	89.273	90.106	90.882	91.607	92.293	92.944	93.6925	94.4012	95.1099	95.8186
281.6	0	62.707	70.601	75.511	78.699	81.25	83.105	84.685	85.967	87.112	88.118	89.043	89.888	90.674	91.406	92.1	92.758	93.515	94.2316	94.9482	95.6648
281.7	0	61.497	69.659	74.788	78.149	80.807	82.73	84.362	85.677	86.847	87.87	88.81	89.667	90.463	91.204	91.906	92.571	93.3375	94.0626	94.7877	95.5128
281.8	0	60.242	68.669	74.025	77.569	80.342	82.34	84.027	85.38	86.576	87.618	88.573	89.442	90.249	90.999	91.709	92.382	93.1582	93.8922	94.6262	95.3602
281.9	0	58.944	67.632	73.22	76.947	79.854	81.933	83.681	85.073	86.299	87.36	88.332	89.214	90.032	90.791	91.509	92.19	92.9759	93.7188	94.4617	95.2046
282	0	57.606	66.547	72.371	76.29	79.341	81.508	83.321	84.757	86.015	87.098	88.086	88.982	89.813	90.58	91.307	91.996	92.7922	93.5444	94.2966	95.0488
282.1	0	56.232	65.416	71.478	75.597	78.803	81.063	82.947	84.431	85.723	86.829	87.836	88.746	89.589	90.367	91.103	91.8	92.6076	93.3698	94.132	94.8942
282.2	0	54.824	64.239	70.541	74.867	78.237	80.597	82.557	84.094	85.424	86.554	87.581	88.506	89.363	90.15	90.896	91.602	92.4209	93.1934	93.9659	94.7384
282.3	0	53.388	63.018	69.558	74.097	77.641	80.109	82.151	83.744	85.115	86.273	87.321	88.262	89.132	89.931	90.686	91.4	92.2312	93.0142	93.7972	94.5802
282.4	0	51.926	61.756	68.531	73.288	76.995	79.597	81.727	83.382	84.798	85.985	87.056	88.014	88.898	89.709	90.473	91.197	92.0405	92.8346	93.6287	94.4228
282.5	0	50.214	60.455	67.459	72.438	76.313	79.059	81.284	83.005	84.47	85.689	86.784	87.76	88.66	89.483	90.258	90.99	91.8476	92.6534	93.4592	94.265
282.6	0	48.476	59.118	66.343	71.546	75.594	78.495	80.821	82.613	84.131	85.385	86.506	87.502	88.418	89.253	90.039	90.781	91.6523	92.4702	93.2881	94.106
282.7	0	46.757	57.749	65.186	70.613	74.838	77.903	80.336	82.205	83.78	85.072	86.222	87.239	88.172	89.021	89.818	90.569	91.4556	92.2862	93.1168	93.9474
282.8	0	45.062	56.35	63.988	69.638	74.045	77.276	79.828	81.779	83.416	84.749	85.93	86.969	87.921	88.784	89.593	90.354	91.2568	92.101	92.9452	93.7894
282.9	0	43.395	54.928	62.752	68.622	73.212	76.612	79.295	81.334	83.039	84.416	85.631	86.694	87.665	88.543	89.365	90.136	91.0558	91.9142	92.7726	93.631
283	0	41.759	53.485	61.481	67.566	72.34	75.914	78.738	80.869	82.646	84.072	85.323	86.412	87.404	88.298	89.133	89.915	90.8529	91.7264	92.5999	93.4734
283.1	0	40.157	52.026	60.177	66.47	71.428	75.181	78.153	80.383	82.238	83.716	85.006	86.124	87.137	88.049	88.898	89.691	90.6483	91.5378	92.4273	93.3168
283.2	0	38.592	50.489	58.844	65.337	70.477	74.413	77.54	79.874	81.812	83.347	84.68	85.828	86.865	87.795	88.658	89.463	90.4407	91.347	92.2533	93.1596
283.3	0	37.066	48.938	57.486	64.167	69.486	73.609	76.883	79.342	81.368	82.964	84.343	85.524	86.587	87.536	88.415	89.232	90.232	91.1564	92.0808	93.0052
283.4	0	35.581	47.395	56.106	62.964	68.457	72.768	76.193	78.784	80.905	82.567	83.995	85.212	86.302	87.272	88.168	88.998	90.0218	90.9656	91.9094	92.8532
283.5	0	34.14	45.866	54.708	61.731	67.391	71.891	75.471	78.2	80.421	82.153	83.635	84.891	86.01	87.002	87.916	88.759	89.8082	90.7724	91.7366	92.7008
283.6	0	32.745	44.355	53.297	60.469	66.289	70.976	74.716	77.589	79.915	81.723	83.263	84.56	85.71	86.727	87.659	88.516	89.5927	90.5788	91.5649	92.551
283.7	0	31.396	42.865	51.877	59.183	65.153	70.025	73.926	76.94	79.385	81.275	82.876	84.219	85.403	86.445	87.397	88.27	89.3756	90.3852	91.3948	92.4044
283.8	0	30.095	41.401	50.416	57.875	63.984	69.038	73.102	76.261	78.832	80.807	82.475	83.867	85.087	86.156	87.129	88.018	89.1546	90.189	91.2234	92.2578
283.9	0	28.842	39.965	48.955	56.55	62.787	68.017	72.243	75.55	78.253	80.319	82.059	83.502	84.762	85.859	86.856	87.762	88.9324	89.9938	91.0552	92.1166
284	0	27.639	38.561	47.506	55.212	61.562	66.962	71.349	74.808	77.648	79.81	81.626	83.125	84.428	85.556	86.577	87.502	88.7085	89.7988	90.8891	91.9794
284.1	0	26.484	37.191	46.071	53.864	60.313	65.875	70.42	74.034	77.004	79.278	81.175	82.734	84.082	85.244	86.291	87.235	88.4805	89.6016	90.7227	91.8438
284.2	0	25.303	35.858	44.655	52.51	59.044	64.759	69.458	73.228	76.328	78.723	80.705	82.328	83.726	84.923	85.998	86.964	88.251	89.4054	90.5598	91.7142
284.3	0	24.095	34.565	43.262	51.137	57.758	63.615	68.462	72.389	75.622	78.142	80.216	81.907	83.358	84.593	85.698	86.686	88.0178	89.2076	90.3974	91.5872
284.4	0	22.966	33.312	41.895	49.744	56.459	62.446	67.436	71.518	74.886	77.536	79.705	81.47	82.976	84.252	85.389	86.402	87.7809	89.0086	90.2363	91.464
284.5	0	21.908	32.101	40.556	48.362	55.149	61.254	66.379	70.616	74.12	76.895	79.173	81.014	82.582	83.902	85.073	86.112	87.5427	88.8114	90.0801	91.3488
284.6	0	20.918	30.934	39.249	46.995	53.834	60.043	65.293	69.682	73.322	76.227	78.618	80.541	82.172	83.54	84.748	85.815	87.3004	88.6128	89.9252	91.2376
284.7	0	19.992	29.81	37.976	45.647	52.516	58.815	64.182	68.718	72.494	75.529	78.04	80.048	81.747	83.165	84.413	85.51	87.0536	88.4126	89.7716	91.1306
284.8	0	19.125	28.731	36.738	44.321	51.197	57.575	63.046	67.724	71.636	74.804	77.434	79.534	81.306	82.778	84.068	85.197	86.803	88.2118	89.6206	91.0294
284.9	0	18.313	27.696	35.538	43.021	49.881	56.324	61.889	66.704	70.747	74.049	76.795	79	80.848	82.377	83.712	84.876	86.5474	88.009	89.4706	90.9322
285	0	17.554	26.706	34.377	41.748	48.578	55.068	60.714	65.657	69.828	73.265	76.129	78.443	80.371	81.962	83.345	84.545	86.2866	87.8044	89.3222	90.84
285.1	0	16.843	25.757	33.255	40.505	47.29	53.809	59.523	64.586	68.881	72.453	75.436	77.863	79.876	81.531	82.966	84.206	86.0212	87.5988	89.1764	90.754
285.2	0	16.178	24.837	32.173	39.295	46.021	52.551	58.319	63.494	67.907	71.612	74.715	77.256	79.36	81.085	82.573	83.856	85.7499	87.3912	89.0325	90.6738
285.3	0	15.556	23.964	31.133	38.119	44.774	51.288	57.107	62.383	66.908	70.743	73.967	76.62	78.825	80.621	82.168	83.495	85.4737	87.183	88.8923	90.6016
285.4	0	14.974	23.137	30.133	36.979	43.552	50.018	55.888	61.255	65.884	69.846	73.192	75.958	78.268	80.14	81.748	83.122	85.1896	86.9704	88.7512	90.532
285.5	0	14.43	22.353	29.175	35.875	42.356	48.763	54.667	60.113	64.839	68.924	72.389	75.271	77.689	79.64	81.313	82.737	84.8968	86.7524	88.608	90.4636
285.6	0	13.92	21.611	28.257	34.808	41.189	47.525	53.447	58.96	63.774	67.976	71.559	74.557	77.08	79.12	80.862	82.34	84.5962	86.531	88.4658	90.4006
285.7	0	13.444	20.909	27.38	33.779	40.053	46.308	52.23	57.799	62.691	67.005	70.703	73.817	76.445	78.581	80.394	81.928	84.2843	86.3014	88.3185	90.3356
285.8	0	12.999	20.246	26.543	32.789	38.949	45.114	51.019	56.632	61.594	66.013	69.822	73.051	75.785	78.02	79.909	81.503	83.962	86.0648	88.1676	90.2704
285.9	0	12.582	19.62	25.745	31.837	37.878	43.946	49.818	55.463	60.485	65.001	68.916	72.26	75.1	77.437	79.406	81.062	83.626	85.817	88.008	90.199
286	0	12.192	19.029	24.987	30.923	36.841	42.804	48.633	54.294	59.367	63.971	67.986	71.443	74.391	76.826	78.883	80.605	83.2744	85.556	87.8376	90.1192
286.1	0	11.827	18.471	24.265	30.047	35.839	41.692	47.467	53.129	58.241	62.926	67.035	70.602	73.656	76.192	78.341	80.131	82.9073	85.2816	87.6559	90.0302
286.2	0	11.486	17.946	23.581	29.209	34.872	40.609	46.323	51.97	57.112	61.869	66.063	69.737	72.897	75.535	77.779	79.641	82.5248	84.9938	87.4628	89.9318
286.3	0	11.166	17.45	22.931	28.408	33.941	39.559	45.201	50.808	55.981	60.801	65.074	68.85	72.114	74.854	77.191	79.132	82.1205	84.6846	87.2487	89.8128
286.4	0	10.866	16.983	22.315	27.643	33.044	38.54	44.105	49.657	54.85	59.725	64.068	67.941	71.306	74.15	76.579	78.604	81.6957	84.3556	87.0155	89.6754
286.5	0	10.585	16.543	21.73	26.913	32.182	37.555	43.035	48.524	53.724	58.644	63.049	67.012	70.476	73.422	75.945	78.058	81.2509	84.007	86.7631	89.5192
286.6	0	10.322	16.128	21.177	26.217	31.355	36.603	41.994	47.411	52.604	57.56	62.018	66.065	69.623	72.671	75.289	77.491	80.7832	83.635	86.4868	89.3386
286.7	0	10.074	15.737	20.653	25.555	30.563	35.684	40.981	46.319	51.493	56.475	60.977	65.102	68.75	71.897	74.61	76.899	80.2878	83.2332	86.1786	89.124
286.8	0	9.842	15.369	20.157	24.926	29.804	34.799	39.998	45.252	50.392	55.393	59.93	64.124	67.857	71.102	73.909	76.286	79.7684	82.806	85.8436	88.8812
286.9	0	9.6236	15.021	19.687	24.328	29.078	33.947	39.046	44.209	49.308	54.314	58.879	63.134	66.946	70.285	73.186	75.652	79.2234	82.351	85.4786	88.6062
287	0	9.4181	14.694	19.243	23.759	28.384	33.127	38.124	43.193	48.242	53.243	57.825	62.134	66.018	69.447	72.441	74.996	77.214	79.9885	82.5741	85.1597
287.1	0	9.2245	14.385	18.822	23.218	27.722	32.341	37.234	42.205	47.196	52.18	56.772	61.126	65.076	68.591	71.675	74.32	76.62	79.4845	82.1577	84.8309
287.2	0	9.0421	14.093	18.424	22.705	27.09	31.587	36.374	41.245	46.171	51.122	55.722	60.113	64.121	67.717	70.888	73.623	76.006	78.959	81.7192	84.4794
287.3	0	8.87	13.818	18.048	22.217	26.488	30.864	35.546	40.313	45.17	50.072	54.676	59.096	63.156	66.826	70.081	72.905	75.372	78.4115	81.2577	84.1039
287.4	0	8.7074	13.558	17.691	21.754	25.914	30.172	34.748	39.411	44.192	49.04	53.638	58.078	62.181	65.921	69.256	72.167	74.718	77.841	80.7712	83.7014
287.5	0	8.5536	13.312	17.352	21.314	25.368	29.51	33.981	38.539	43.24	48.027	52.61	57.062	61.2	65.003	68.413	71.41	74.043	77.2465	80.2582	83.2699
287.6	0	8.4079	13.079	17.032	20.896	24.847	28.877	33.244	37.696	42.314	47.033	51.592	56.048	60.215	64.074	67.554	70.633	73.349	76.6285	79.7189	82.8093
287.7	0	8.2699	12.858	16.728	20.499	24.352	28.272	32.535	36.884	41.415	46.061	50.587	55.041	59.226	63.136	66.68	69.839	72.636	75.9875	79.1534	82.3193
287.8	0	8.1388	12.649	16.439	20.122	23.88	27.694	31.856	36.1	40.543	45.112	49.599	54.041	58.238	62.19	65.793	69.027	71.903	75.3215	78.5588	81.7961
287.9	0	8.0142	12.45	16.165	19.763	23.43	27.143	31.204	35.346	39.699	44.186	48.628	53.051	57.251	61.239	64.894	68.2	71.152	74.6325	77.937	81.2415
288	0	7.8957	12.261	15.905	19.422	23.001	26.617	30.58	34.62	38.882	43.284	47.675	52.072	56.267	60.284	63.986	67.358	70.384	73.921	77.2882	80.6554
288.1	0	7.7827	12.081	15.657	19.098	22.593	26.115	29.982	33.922	38.093	42.407	46.743	51.102	55.29	59.327	63.069	66.503	69.599	73.187	76.612	80.037
288.2	0	7.6749	11.91	15.421	18.789	22.204	25.638	29.409	33.252	37.332	41.556	45.832	50.146	54.32	58.371	62.146	65.636	68.799	72.4315	75.9089	79.3863
288.3	0	7.5719	11.746	15.196	18.495	21.833	25.186	28.861	32.608	36.598	40.731	44.942	49.206	53.359	57.417	61.219	64.759	67.984	71.655	75.1791	78.7032
288.4	0	7.4733	11.59	14.981	18.215	21.479	24.755	28.337	31.99	35.891	39.932	44.075	48.284	52.41	56.467	60.289	63.874	67.156	70.8595	74.4247	77.9899
288.5	0	7.3788	11.441	14.776	17.948	21.142	24.342	27.836	31.397	35.21	39.159	43.231	47.381	51.473	55.523	59.358	62.982	66.317	70.0465	73.6471	77.2477
288.6	0	7.2882	11.298	14.58	17.692	20.819	23.949	27.357	30.829	34.555	38.413	42.411	46.498	50.551	54.586	58.429	62.085	65.467	69.2165	72.8464	76.4763
288.7	0	7.2011	11.161	14.393	17.449	20.511	23.572	26.898	30.284	33.925	37.692	41.615	45.636	49.645	53.659	57.503	61.185	64.608	68.371	72.0239	75.6768
288.8	0	7.1173	11.029	14.213	17.215	20.217	23.213	26.459	29.762	33.32	36.997	40.842	44.795	48.757	52.742	56.581	60.284	63.743	67.514	71.1846	74.8552
288.9	0	7.0366	10.903	14.041	16.992	19.936	22.868	26.04	29.261	32.738	36.326	40.094	43.976	47.887	51.838	55.666	59.383	62.872	66.6445	70.3264	74.0083
289	0	6.9588	10.781	13.875	16.778	19.667	22.539	25.638	28.782	32.179	35.681	39.371	43.18	47.036	50.945	54.758	58.484	61.997	65.7665	69.4547	73.1429
289.1	0	6.8836	10.663	13.716	16.572	19.409	22.224	25.254	28.322	31.643	35.059	38.671	42.406	46.205	50.068	53.86	57.588	61.12	64.88	68.5684	72.2568
289.2	0	6.8109	10.55	13.563	16.375	19.161	21.922	24.885	27.881	31.128	34.461	37.995	41.654	45.395	49.207	52.973	56.698	60.242	63.9875	67.6705	71.3535
289.3	0	6.7406	10.44	13.415	16.185	18.924	21.633	24.533	27.459	30.633	33.885	37.342	40.926	44.606	48.365	52.098	55.814	59.366	63.0905	66.7624	70.4343
289.4	0	6.6726	10.334	13.272	16.002	18.696	21.356	24.194	27.055	30.158	33.332	36.712	40.22	43.837	47.541	51.237	54.938	58.493	62.1915	65.8472	69.5029
289.5	0	6.6066	10.231	13.134	15.826	18.477	21.089	23.87	26.666	29.702	32.8	36.105	39.537	43.09	46.736	50.391	54.072	57.623	61.291	64.9252	68.5594
289.6	0	6.5426	10.132	13.001	15.657	18.266	20.833	23.559	26.294	29.264	32.289	35.52	38.877	42.365	45.951	49.562	53.216	56.759	60.3915	63.9993	67.6071
289.7	0	6.4804	10.035	12.872	15.493	18.063	20.587	23.26	25.937	28.844	31.798	34.957	38.239	41.661	45.186	48.75	52.373	55.902	59.4955	63.0726	66.6497
289.8	0	6.42	9.9414	12.747	15.334	17.867	20.351	22.973	25.596	28.44	31.326	34.415	37.623	40.978	44.442	47.956	51.542	55.054	58.604	62.1462	65.6884
289.9	0	6.3612	9.8503	12.626	15.18	17.678	20.123	22.698	25.27	28.052	30.873	33.893	37.028	40.317	43.718	47.18	50.723	54.215	57.7175	61.2209	64.7243
290	0	6.3041	9.7616	12.508	15.032	17.495	19.903	22.432	24.956	27.679	30.437	33.391	36.455	39.677	43.015	46.424	49.921	53.387	56.84	60.3013	63.7626
290.1	0	6.2484	9.6752	12.393	14.887	17.318	19.691	22.177	24.654	27.321	30.019	32.908	35.902	39.058	42.332	45.686	49.135	52.57	55.9715	59.3878	62.8041
290.2	0	6.1941	9.591	12.282	14.747	17.147	19.486	21.93	24.363	26.976	29.616	32.443	35.369	38.46	41.67	44.968	48.366	51.767	55.115	58.4839	61.8528
290.3	0	6.1411	9.509	12.173	14.611	16.981	19.287	21.693	24.083	26.645	29.229	31.996	34.856	37.882	41.028	44.269	47.615	50.978	54.2715	57.5911	60.9107
290.4	0	6.0895	9.4289	12.067	14.479	16.82	19.096	21.463	23.814	26.325	28.857	31.566	34.362	37.324	40.406	43.59	46.882	50.205	53.443	56.7119	59.9808
290.5	0	6.039	9.3507	11.964	14.35	16.664	18.91	21.241	23.554	26.018	28.499	31.152	33.885	36.786	39.804	42.931	46.167	49.447	52.6285	55.845	59.0615
290.6	0	5.9898	9.2743	11.863	14.224	16.512	18.73	21.027	23.303	25.722	28.154	30.754	33.427	36.266	39.222	42.291	45.471	48.706	51.8305	54.9937	58.1569
290.7	0	5.9416	9.1997	11.765	14.102	16.364	18.555	20.82	23.06	25.436	27.821	30.371	32.985	35.764	38.658	41.671	44.794	47.982	51.263	54.4185	57.6149
290.8	0	5.8944	9.1267	11.669	13.983	16.22	18.386	20.618	22.826	25.16	27.501	30.002	32.559	35.28	38.114	41.069	44.135	47.275	50.514	53.617	56.7645
290.9	0	5.8483	9.0552	11.576	13.867	16.08	18.221	20.424	22.599	24.894	27.192	29.646	32.149	34.814	37.587	40.486	43.495	46.585	49.78	52.8295	55.9267
291	0	5.8031	8.9853	11.484	13.753	15.944	18.06	20.234	22.38	24.637	26.894	29.303	31.754	34.364	37.079	39.921	42.874	45.913	49.062	52.058	55.1042
291.1	0	5.7589	8.9168	11.394	13.642	15.811	17.904	20.051	22.167	24.389	26.606	28.972	31.373	33.929	36.587	39.375	42.271	45.259	48.36	51.302	54.2963
291.2	0	5.7156	8.8497	11.306	13.534	15.681	17.752	19.872	21.961	24.148	26.328	28.652	31.005	33.51	36.112	38.846	41.686	44.622	47.674	50.562	53.504
291.3	0	5.6731	8.7839	11.221	13.428	15.554	17.603	19.698	21.761	23.916	26.06	28.344	30.651	33.106	35.654	38.334	41.118	44.003	47.005	49.8395	52.7293
291.4	0	5.6315	8.7194	11.136	13.324	15.43	17.458	19.529	21.566	23.69	25.8	28.046	30.308	32.716	35.211	37.838	40.569	43.402	46.353	49.135	51.9728
291.5	0	5.5907	8.6562	11.054	13.222	15.308	17.317	19.364	21.377	23.471	25.55	27.757	29.978	32.339	34.784	37.359	40.036	42.818	45.718	48.4475	51.2334
291.6	0	5.5507	8.5941	10.973	13.123	15.19	17.179	19.203	21.193	23.259	25.307	27.478	29.658	31.975	34.371	36.896	39.52	42.251	45.1	47.7775	50.5118
291.7	0	5.5114	8.5332	10.894	13.025	15.073	17.044	19.046	21.014	23.053	25.072	27.208	29.35	31.624	33.972	36.448	39.02	41.701	44.498	47.1245	49.8076
291.8	0	5.4729	8.4735	10.816	12.93	14.959	16.912	18.892	20.839	22.852	24.844	26.947	29.051	31.285	33.587	36.016	38.536	41.167	43.913	46.4885	49.1207
291.9	0	5.4351	8.4148	10.74	12.836	14.848	16.782	18.743	20.669	22.657	24.622	26.693	28.762	30.956	33.215	35.597	38.068	40.65	43.345	45.8715	48.4541
292	0	5.398	8.3571	10.665	12.744	14.738	16.656	18.596	20.502	22.467	24.406	26.447	28.483	30.639	32.855	35.192	37.615	40.148	42.793	45.271	47.8046
292.1	0	5.3616	8.3005	10.591	12.653	14.631	16.531	18.453	20.34	22.282	24.197	26.208	28.211	30.332	32.507	34.801	37.176	39.662	42.257	44.6875	47.1729
292.2	0	5.3259	8.2449	10.519	12.564	14.526	16.41	18.312	20.181	22.101	23.993	25.976	27.949	30.034	32.17	34.423	36.751	39.191	41.737	44.121	46.5592
292.3	0	5.2907	8.1903	10.448	12.477	14.422	16.291	18.175	20.026	21.925	23.794	25.751	27.693	29.746	31.844	34.057	36.34	38.734	41.232	43.5705	45.9624
292.4	0	5.2562	8.1366	10.378	12.392	14.321	16.174	18.04	19.874	21.752	23.6	25.531	27.446	29.467	31.529	33.702	35.941	38.292	40.742	43.037	45.3841
292.5	0	5.2223	8.0839	10.309	12.307	14.221	16.059	17.909	19.725	21.584	23.411	25.317	27.205	29.196	31.223	33.359	35.556	37.863	40.267	42.519	44.8221
292.6	0	5.189	8.032	10.241	12.225	14.123	15.946	17.779	19.579	21.419	23.227	25.109	26.971	28.933	30.926	33.027	35.183	37.447	39.806	42.016	44.2761
292.7	0	5.1562	7.981	10.175	12.143	14.027	15.835	17.652	19.436	21.258	23.047	24.905	26.743	28.677	30.638	32.705	34.821	37.045	39.359	41.529	43.7476
292.8	0	5.124	7.9309	10.11	12.063	13.932	15.727	17.528	19.296	21.1	22.871	24.707	26.522	28.429	30.359	32.392	34.471	36.655	38.926	41.0575	43.2361
292.9	0	5.0923	7.8816	10.045	11.984	13.839	15.62	17.406	19.159	20.946	22.698	24.514	26.306	28.187	30.087	32.089	34.131	36.276	38.506	40.5995	42.7391
293	0	5.0611	7.833	9.9819	11.907	13.748	15.515	17.286	19.024	20.794	22.53	24.325	26.095	27.952	29.824	31.794	33.801	35.909	38.098	40.1555	42.2575
293.1	0	5.0304	7.7853	9.9197	11.831	13.658	15.412	17.169	18.892	20.646	22.365	24.14	25.89	27.724	29.567	31.508	33.481	35.554	37.703	39.726	41.7918
293.2	0	5.0001	7.7383	9.8583	11.756	13.569	15.31	17.053	18.762	20.5	22.204	23.96	25.69	27.501	29.318	31.23	33.171	35.208	37.319	39.308	41.3384
293.3	0	4.9704	7.692	9.798	11.682	13.482	15.211	16.939	18.635	20.357	22.045	23.783	25.495	27.283	29.075	30.96	32.869	34.873	36.947	38.9035	40.9
293.4	0	4.9411	7.6465	9.7385	11.609	13.396	15.112	16.828	18.51	20.217	21.89	23.611	25.304	27.071	28.838	30.697	32.576	34.547	36.586	38.511	40.4748
293.5	0	4.9122	7.6016	9.68	11.537	13.312	15.016	16.718	18.387	20.079	21.738	23.442	25.117	26.864	28.608	30.441	32.291	34.231	36.235	38.13	40.0622
293.6	0	4.8838	7.5574	9.6224	11.467	13.229	14.921	16.61	18.267	19.944	21.589	23.276	24.935	26.662	28.383	30.191	32.014	33.924	35.894	37.7605	39.6624
293.7	0	4.8558	7.5139	9.5656	11.398	13.147	14.827	16.504	18.148	19.811	21.442	23.114	24.756	26.464	28.164	29.948	31.744	33.625	35.563	37.4015	39.2741
293.8	0	4.8282	7.471	9.5097	11.329	13.066	14.735	16.4	18.031	19.681	21.298	22.955	24.581	26.271	27.95	29.711	31.481	33.334	35.241	37.0525	38.8968
293.9	0	4.8011	7.4288	9.4546	11.262	12.987	14.645	16.297	17.917	19.552	21.157	22.799	24.41	26.082	27.741	29.48	31.225	33.052	34.929	36.715	38.5324
294	0	4.7743	7.3871	9.4003	11.195	12.909	14.555	16.196	17.804	19.426	21.018	22.645	24.242	25.897	27.536	29.255	30.976	32.776	34.625	36.3855	38.1765
294.1	0	4.7479	7.3461	9.3467	11.13	12.832	14.467	16.097	17.693	19.302	20.882	22.495	24.077	25.715	27.336	29.034	30.733	32.508	34.329	36.066	37.832
294.2	0	4.7218	7.3056	9.294	11.065	12.756	14.381	15.999	17.584	19.181	20.748	22.347	23.916	25.538	27.141	28.819	30.496	32.247	34.041	35.755	37.4967
294.3	0	4.6962	7.2658	9.242	11.002	12.682	14.295	15.902	17.476	19.061	20.616	22.202	23.757	25.363	26.95	28.609	30.265	31.992	33.76	35.4515	37.1695
294.4	0	4.6709	7.2264	9.1907	10.939	12.608	14.211	15.807	17.37	18.943	20.486	22.06	23.601	25.192	26.762	28.403	30.039	31.744	33.487	35.1575	36.8532
294.5	0	4.6459	7.1876	9.1401	10.877	12.536	14.128	15.713	17.266	18.827	20.359	21.919	23.448	25.025	26.579	28.202	29.818	31.502	33.221	34.871	36.5451
294.6	0	4.6213	7.1494	9.0903	10.816	12.464	14.047	15.621	17.163	18.712	20.233	21.782	23.298	24.86	26.399	28.005	29.602	31.265	32.961	34.591	36.2441
294.7	0	4.597	7.1116	9.0411	10.756	12.394	13.966	15.53	17.062	18.6	20.11	21.646	23.15	24.698	26.222	27.813	29.391	31.034	32.708	34.3185	35.9513
294.8	0	4.5731	7.0744	8.9926	10.697	12.324	13.887	15.44	16.962	18.489	19.988	21.512	23.005	24.539	26.049	27.624	29.185	30.808	32.461	34.053	35.6664
294.9	0	4.5494	7.0376	8.9447	10.639	12.256	13.808	15.351	16.863	18.379	19.868	21.381	22.863	24.384	25.879	27.439	28.983	30.588	32.22	33.7945	35.3893
295	0	4.5261	7.0014	8.8974	10.581	12.188	13.731	15.264	16.766	18.272	19.751	21.252	22.722	24.23	25.713	27.257	28.785	30.372	31.984	33.5415	35.1183
295.1	0	4.5031	6.9655	8.8508	10.524	12.121	13.655	15.178	16.671	18.165	19.634	21.124	22.584	24.08	25.549	27.079	28.591	30.161	31.754	33.295	34.8545
295.2	0	4.4804	6.9302	8.8048	10.468	12.055	13.58	15.093	16.576	18.061	19.52	20.999	22.448	23.932	25.389	26.905	28.402	29.955	31.529	33.054	34.5965
295.3	0	4.4579	6.8953	8.7594	10.413	11.991	13.506	15.009	16.483	17.958	19.407	20.875	22.314	23.786	25.231	26.733	28.215	29.752	31.308	32.8175	34.3437
295.4	0	4.4358	6.8609	8.7145	10.358	11.926	13.432	14.926	16.391	17.856	19.296	20.754	22.183	23.643	25.076	26.564	28.033	29.554	31.093	32.588	34.0988
295.5	0	4.4139	6.8269	8.6703	10.304	11.863	13.36	14.844	16.3	17.755	19.186	20.634	22.053	23.502	24.923	26.399	27.854	29.36	30.882	32.3625	33.858
295.6	0	4.3923	6.7933	8.6266	10.251	11.801	13.289	14.764	16.211	17.656	19.078	20.516	21.925	23.364	24.774	26.236	27.678	29.17	30.676	32.143	33.6242
295.7	0	4.3709	6.7602	8.5834	10.199	11.739	13.219	14.684	16.122	17.559	18.971	20.4	21.799	23.227	24.626	26.076	27.505	28.983	30.473	31.9265	33.3934
295.8	0	4.3499	6.7275	8.5408	10.147	11.678	13.149	14.605	16.035	17.462	18.866	20.285	21.675	23.092	24.481	25.919	27.336	28.8	30.275	31.7155	33.1687
295.9	0	4.329	6.6951	8.4988	10.095	11.618	13.081	14.528	15.949	17.367	18.762	20.172	21.552	22.96	24.338	25.764	27.169	28.621	30.081	31.5095	32.9498
296	0	4.3084	6.6632	8.4572	10.045	11.558	13.013	14.451	15.864	17.273	18.66	20.06	21.432	22.829	24.198	25.611	27.005	28.444	29.89	31.3065	32.7341
296.1	0	4.2881	6.6316	8.4162	9.9947	11.5	12.946	14.376	15.78	17.181	18.559	19.95	21.313	22.7	24.059	25.461	26.844	28.271	29.702	31.107	32.522
296.2	0	4.268	6.6004	8.3756	9.9452	11.442	12.88	14.301	15.697	17.089	18.459	19.841	21.195	22.573	23.923	25.314	26.686	28.101	29.518	30.9115	32.3142
296.3	0	4.2482	6.5696	8.3355	9.8964	11.384	12.815	14.228	15.616	16.999	18.361	19.734	21.079	22.448	23.788	25.169	26.53	27.933	29.338	30.72	32.111
296.4	0	4.2285	6.5391	8.2959	9.8481	11.328	12.75	14.155	15.535	16.91	18.264	19.629	20.965	22.324	23.656	25.026	26.376	27.769	29.16	30.5315	31.911
296.5	0	4.2091	6.509	8.2568	9.8004	11.272	12.686	14.083	15.455	16.822	18.168	19.524	20.852	22.203	23.525	24.885	26.225	27.607	28.986	30.347	31.7155
296.6	0	4.19	6.4792	8.2181	9.7532	11.216	12.623	14.012	15.377	16.735	18.073	19.421	20.741	22.082	23.396	24.746	26.076	27.447	28.814	30.1645	31.522
296.7	0	4.171	6.4498	8.1799	9.7066	11.162	12.561	13.942	15.299	16.649	17.98	19.319	20.631	21.964	23.269	24.61	25.93	27.291	28.645	29.9855	31.3321
296.8	0	4.1523	6.4206	8.142	9.6606	11.108	12.499	13.873	15.222	16.564	17.887	19.219	20.523	21.846	23.144	24.475	25.786	27.136	28.479	29.8095	31.1457
296.9	0	4.1338	6.3918	8.1046	9.615	11.054	12.438	13.804	15.146	16.48	17.796	19.12	20.416	21.731	23.02	24.342	25.644	26.984	28.316	29.637	30.9632
297	0	4.1155	6.3633	8.0677	9.57	11.001	12.378	13.736	15.071	16.398	17.706	19.022	20.31	21.617	22.898	24.211	25.504	26.834	28.155	29.4665	30.7827
297.1	0	4.0974	6.3352	8.0311	9.5254	10.949	12.318	13.669	14.997	16.316	17.617	18.925	20.206	21.504	22.778	24.082	25.366	26.687	27.996	29.2985	30.6048
297.2	0	4.0795	6.3073	7.9949	9.4814	10.897	12.259	13.603	14.923	16.235	17.528	18.829	20.103	21.393	22.659	23.955	25.23	26.541	27.84	29.133	30.4296
297.3	0	4.0617	6.2797	7.9591	9.4378	10.846	12.201	13.537	14.851	16.155	17.441	18.734	20.001	21.283	22.541	23.829	25.096	26.398	27.687	28.9715	30.2591
297.4	0	4.0442	6.2524	7.9237	9.3947	10.795	12.143	13.472	14.779	16.076	17.355	18.641	19.901	21.175	22.425	23.705	24.964	26.257	27.535	28.811	30.0893
297.5	0	4.0269	6.2255	7.8887	9.3521	10.745	12.086	13.408	14.708	15.997	17.27	18.548	19.801	21.067	22.311	23.582	24.833	26.117	27.386	28.6535	29.9231
297.6	0	4.0097	6.1988	7.8541	9.31	10.696	12.03	13.344	14.638	15.92	17.186	18.457	19.703	20.962	22.197	23.461	24.704	25.98	27.239	28.4985	29.7595
297.7	0	3.9927	6.1723	7.8198	9.2682	10.647	11.974	13.281	14.568	15.844	17.103	18.367	19.606	20.857	22.086	23.342	24.577	25.844	27.094	28.345	29.5973
297.8	0	3.9759	6.1462	7.7859	9.227	10.598	11.918	13.219	14.499	15.768	17.021	18.277	19.51	20.754	21.975	23.224	24.451	25.71	26.951	28.194	29.438
297.9	0	3.9593	6.1203	7.7523	9.1861	10.55	11.863	13.157	14.431	15.694	16.939	18.189	19.415	20.652	21.866	23.107	24.327	25.578	26.81	28.0455	29.2815
298	0	3.9428	6.0947	7.7191	9.1457	10.503	11.809	13.096	14.364	15.62	16.859	18.102	19.321	20.551	21.759	22.992	24.205	25.447	26.671	27.8985	29.1264
298.1	0	3.9264	6.0693	7.6862	9.1057	10.456	11.755	13.036	14.297	15.547	16.779	18.016	19.229	20.452	21.652	22.878	24.084	25.318	26.533	27.753	28.9729
298.2	0	3.9102	6.0442	7.6537	9.0661	10.409	11.702	12.976	14.232	15.474	16.701	17.93	19.137	20.353	21.547	22.766	23.964	25.191	26.398	27.6105	28.8228
298.3	0	3.8942	6.0194	7.6215	9.0269	10.363	11.65	12.917	14.166	15.403	16.623	17.846	19.047	20.256	21.443	22.655	23.846	25.065	26.264	27.469	28.6736
298.4	0	3.8783	5.9947	7.5896	8.9881	10.318	11.598	12.859	14.102	15.332	16.546	17.762	18.957	20.16	21.341	22.545	23.729	24.94	26.132	27.3295	28.5267
298.5	0	3.8626	5.9704	7.558	8.9496	10.273	11.546	12.801	14.038	15.262	16.47	17.68	18.868	20.065	21.239	22.436	23.614	24.817	26.002	27.1925	28.3826
298.6	0	3.847	5.9462	7.5267	8.9116	10.228	11.495	12.744	13.975	15.193	16.395	17.598	18.78	19.971	21.139	22.329	23.5	24.696	25.873	27.0565	28.2393
298.7	0	3.8316	5.9223	7.4957	8.8738	10.184	11.445	12.687	13.912	15.125	16.321	17.517	18.694	19.878	21.04	22.223	23.387	24.576	25.746	26.9225	28.0983
298.8	0	3.8163	5.8985	7.465	8.8365	10.14	11.395	12.631	13.85	15.057	16.247	17.437	18.608	19.786	20.942	22.118	23.276	24.458	25.62	26.79	27.9588
298.9	0	3.8012	5.875	7.4345	8.7995	10.097	11.346	12.576	13.789	14.99	16.174	17.358	18.523	19.695	20.845	22.015	23.166	24.341	25.496	26.659	27.8208
299	0	3.7862	5.8518	7.4044	8.7628	10.054	11.297	12.521	13.729	14.924	16.102	17.28	18.439	19.605	20.749	21.912	23.057	24.225	25.374	26.5305	27.6859
299.1	0	3.7713	5.8287	7.3744	8.7265	10.012	11.249	12.467	13.669	14.858	16.031	17.202	18.355	19.515	20.654	21.811	22.95	24.111	25.253	26.403	27.5517
299.2	0	3.7565	5.8059	7.3448	8.6905	9.9696	11.201	12.413	13.609	14.793	15.96	17.125	18.273	19.427	20.56	21.711	22.844	23.998	25.133	26.2765	27.4185
299.3	0	3.7419	5.7832	7.3154	8.6549	9.928	11.154	12.36	13.551	14.729	15.89	17.049	18.191	19.34	20.467	21.612	22.738	23.886	25.015	26.152	27.2877
299.4	0	3.7274	5.7608	7.2863	8.6196	9.8868	11.107	12.307	13.492	14.665	15.821	16.974	18.111	19.253	20.375	21.514	22.635	23.776	24.899	26.03	27.1596
299.5	0	3.7131	5.7386	7.2575	8.5846	9.8459	11.061	12.255	13.435	14.602	15.753	16.9	18.031	19.167	20.284	21.417	22.532	23.667	24.783	25.908	27.0313
299.6	0	3.6988	5.7165	7.2289	8.5499	9.8055	11.015	12.204	13.378	14.54	15.685	16.826	17.952	19.083	20.194	21.321	22.43	23.559	24.669	25.804	26.9235
299.7	0	3.6847	5.6947	7.2005	8.5156	9.7654	10.969	12.153	13.321	14.478	15.618	16.753	17.873	18.999	20.105	21.226	22.33	23.452	24.557	25.684	26.7975
299.8	0	3.6707	5.6731	7.1725	8.4816	9.7256	10.924	12.102	13.266	14.417	15.551	16.681	17.796	18.915	20.017	21.132	22.23	23.347	24.445	25.566	26.6735
299.9	0	3.6569	5.6517	7.1447	8.4479	9.6862	10.879	12.052	13.21	14.356	15.485	16.61	17.719	18.833	19.929	21.04	22.132	23.243	24.335	25.45	26.5515
300	0	3.6431	5.6304	7.1171	8.4145	9.6472	10.835	12.003	13.155	14.296	15.42	16.539	17.643	18.752	19.843	20.948	22.035	23.14	24.226	25.334	26.4295
300.1	0	3.6295	5.6094	7.0898	8.3814	9.6085	10.791	11.954	13.101	14.236	15.356	16.469	17.568	18.671	19.757	20.857	21.938	23.037	24.118	25.22	26.31
300.2	0	3.616	5.5885	7.0628	8.3487	9.5702	10.748	11.905	13.047	14.177	15.291	16.4	17.493	18.591	19.672	20.767	21.843	22.936	24.011	25.108	26.192
300.3	0	3.6026	5.5678	7.036	8.3162	9.5322	10.704	11.857	12.994	14.118	15.228	16.332	17.42	18.512	19.588	20.678	21.749	22.836	23.906	24.996	26.0745
300.4	0	3.5894	5.5473	7.0094	8.2841	9.4946	10.662	11.809	12.941	14.06	15.165	16.264	17.347	18.433	19.505	20.59	21.655	22.737	23.802	24.886	25.9595
300.5	0	3.5762	5.527	6.9831	8.2522	9.4573	10.619	11.761	12.889	14.002	15.103	16.196	17.275	18.356	19.423	20.502	21.563	22.639	23.698	24.777	25.8445
300.6	0	3.5632	5.5068	6.9571	8.2207	9.4204	10.577	11.714	12.837	13.945	15.041	16.13	17.203	18.279	19.341	20.416	21.471	22.542	23.596	24.669	25.7315
300.7	0	3.5502	5.4868	6.9312	8.1894	9.3837	10.536	11.668	12.785	13.889	14.98	16.064	17.132	18.203	19.261	20.33	21.381	22.446	23.495	24.562	25.619
300.8	0	3.5374	5.467	6.9056	8.1583	9.3474	10.494	11.622	12.734	13.833	14.919	15.998	17.062	18.128	19.181	20.245	21.291	22.351	23.395	24.456	25.508
300.9	0	3.5246	5.4474	6.8803	8.1276	9.3114	10.454	11.576	12.683	13.777	14.859	15.934	16.993	18.053	19.101	20.161	21.202	22.257	23.295	24.351	25.3975
301	0	3.512	5.4279	6.8551	8.0971	9.2757	10.413	11.53	12.633	13.722	14.799	15.869	16.924	17.98	19.023	20.078	21.114	22.164	23.197	24.248	25.2895
301.1	0	3.4995	5.4086	6.8302	8.0668	9.2404	10.373	11.485	12.584	13.667	14.74	15.806	16.856	17.906	18.945	19.995	21.027	22.071	23.1	24.145	25.1815
301.2	0	3.4871	5.3894	6.8054	8.0368	9.2053	10.333	11.44	12.534	13.613	14.681	15.743	16.788	17.834	18.868	19.914	20.941	21.98	23.004	24.044	25.0755
301.3	0	3.4748	5.3704	6.7809	8.0071	9.1705	10.294	11.396	12.485	13.559	14.623	15.68	16.721	17.762	18.791	19.833	20.855	21.889	22.908	23.943	24.9695
301.4	0	3.4625	5.3515	6.7566	7.9775	9.136	10.254	11.352	12.437	13.506	14.565	15.618	16.655	17.691	18.716	19.752	20.77	21.799	22.814	23.844	24.866
301.5	0	3.4504	5.3328	6.7324	7.9482	9.1017	10.215	11.309	12.389	13.454	14.508	15.556	16.589	17.62	18.641	19.673	20.686	21.711	22.72	23.745	24.762
301.6	0	3.4384	5.3142	6.7085	7.9192	9.0678	10.177	11.265	12.341	13.401	14.451	15.495	16.523	17.551	18.567	19.594	20.603	21.622	22.628	23.648	24.6605
301.7	0	3.4265	5.2958	6.6847	7.8903	9.0341	10.139	11.223	12.294	13.349	14.395	15.435	16.459	17.481	18.493	19.516	20.52	21.535	22.536	23.551	24.559
301.8	0	3.4146	5.2774	6.6611	7.8617	9.0007	10.101	11.18	12.247	13.298	14.339	15.375	16.395	17.413	18.42	19.438	20.439	21.449	22.445	23.456	24.459
301.9	0	3.4029	5.2593	6.6377	7.8333	8.9676	10.063	11.138	12.2	13.247	14.284	15.315	16.331	17.345	18.348	19.361	20.358	21.363	22.355	23.361	24.3595
302	0	3.3912	5.2413	6.6144	7.8052	8.9347	10.026	11.096	12.154	13.197	14.23	15.256	16.268	17.277	18.276	19.285	20.277	21.278	22.266	23.267	24.2615
302.1	0	3.3797	5.2234	6.5914	7.7773	8.9021	9.9889	11.055	12.108	13.147	14.175	15.198	16.206	17.211	18.205	19.21	20.198	21.194	22.177	23.174	24.1635
302.2	0	3.3682	5.2056	6.5685	7.7496	8.8698	9.9522	11.013	12.063	13.097	14.121	15.14	16.143	17.144	18.135	19.135	20.119	21.111	22.09	23.082	24.0675
302.3	0	3.3568	5.188	6.5457	7.7221	8.8378	9.9159	10.973	12.018	13.048	14.068	15.082	16.082	17.079	18.065	19.061	20.041	21.029	22.003	22.991	23.972
302.4	0	3.3455	5.1705	6.5231	7.6949	8.806	9.8798	10.932	11.973	12.999	14.015	15.025	16.021	17.014	17.996	18.987	19.963	20.947	21.917	22.9	23.877
302.5	0	3.3343	5.1531	6.5007	7.6679	8.7745	9.844	10.892	11.929	12.951	13.963	14.968	15.96	16.949	17.927	18.914	19.886	20.866	21.832	22.811	23.784
302.6	0	3.3232	5.1359	6.4785	7.6411	8.7433	9.8084	10.852	11.885	12.903	13.911	14.912	15.9	16.885	17.859	18.842	19.81	20.786	21.747	22.721	23.6895
302.7	0	3.3121	5.1188	6.4564	7.6145	8.7123	9.7732	10.813	11.841	12.855	13.859	14.856	15.841	16.822	17.792	18.77	19.735	20.706	21.663	22.633	23.597
302.8	0	3.3011	5.1018	6.4345	7.5882	8.6816	9.7382	10.774	11.798	12.808	13.808	14.801	15.781	16.759	17.725	18.699	19.66	20.627	21.58	22.546	23.506
302.9	0	3.2902	5.085	6.4128	7.562	8.6511	9.7036	10.735	11.755	12.761	13.757	14.746	15.723	16.696	17.658	18.629	19.585	20.549	21.498	22.459	23.4155
303	0	3.2794	5.0682	6.3912	7.5361	8.6209	9.6691	10.696	11.713	12.714	13.707	14.692	15.665	16.634	17.593	18.559	19.512	20.471	21.416	22.373	23.325
303.1	0	3.2686	5.0516	6.3698	7.5104	8.5909	9.635	10.658	11.67	12.668	13.657	14.638	15.607	16.572	17.527	18.49	19.439	20.394	21.335	22.287	23.235
303.2	0	3.258	5.0351	6.3485	7.4848	8.5611	9.6011	10.62	11.628	12.622	13.607	14.584	15.549	16.511	17.463	18.421	19.366	20.318	21.255	22.203	23.1475
303.3	0	3.2474	5.0188	6.3274	7.4595	8.5315	9.5675	10.583	11.587	12.577	13.558	14.531	15.493	16.451	17.398	18.353	19.294	20.242	21.175	22.119	23.0595
303.4	0	3.2369	5.0025	6.3065	7.4343	8.5022	9.5341	10.545	11.546	12.531	13.509	14.478	15.436	16.391	17.335	18.286	19.223	20.167	21.096	22.036	22.9725
303.5	0	3.2264	4.9864	6.2857	7.4093	8.473	9.5009	10.508	11.505	12.487	13.46	14.426	15.38	16.331	17.271	18.219	19.152	20.092	21.018	21.953	22.886
303.6	0	3.2161	4.9704	6.265	7.3845	8.4441	9.468	10.471	11.464	12.442	13.412	14.374	15.325	16.272	17.209	18.152	19.082	20.018	20.94	21.872	22.801
303.7	0	3.2058	4.9545	6.2446	7.3599	8.4153	9.4354	10.435	11.424	12.398	13.364	14.322	15.27	16.213	17.146	18.086	19.012	19.944	20.863	21.791	22.7165
303.8	0	3.1956	4.9387	6.2242	7.3354	8.3867	9.403	10.399	11.384	12.354	13.317	14.271	15.215	16.155	17.085	18.02	18.943	19.871	20.787	21.71	22.632
303.9	0	3.1854	4.923	6.2041	7.3111	8.3584	9.3708	10.363	11.344	12.311	13.269	14.22	15.161	16.097	17.023	17.955	18.874	19.799	20.711	21.631	22.5495
304	0	3.1753	4.9075	6.184	7.2869	8.3302	9.3388	10.327	11.305	12.267	13.223	14.17	15.107	16.04	16.963	17.891	18.806	19.727	20.635	21.552	22.4665
304.1	0	3.1653	4.892	6.1641	7.2629	8.3022	9.307	10.291	11.265	12.225	13.176	14.12	15.053	15.983	16.902	17.827	18.738	19.655	20.561	21.473	22.3845
304.2	0	3.1554	4.8767	6.1444	7.239	8.2744	9.2755	10.256	11.227	12.182	13.13	14.07	15	15.927	16.842	17.763	18.671	19.584	20.486	21.396	22.3035
304.3	0	3.1455	4.8614	6.1247	7.2153	8.2468	9.2442	10.221	11.188	12.14	13.085	14.021	14.948	15.87	16.783	17.7	18.605	19.514	20.413	21.319	22.223
304.4	0	3.1357	4.8463	6.1052	7.1918	8.2194	9.2131	10.187	11.15	12.098	13.039	13.972	14.896	15.815	16.724	17.637	18.539	19.444	20.34	21.242	22.1425
304.5	0	3.126	4.8312	6.0859	7.1684	8.1921	9.1822	10.152	11.112	12.057	12.994	13.924	14.844	15.76	16.665	17.575	18.473	19.375	20.267	21.167	22.064
304.6	0	3.1163	4.8163	6.0667	7.1452	8.1651	9.1515	10.118	11.074	12.015	12.95	13.876	14.792	15.705	16.607	17.514	18.408	19.306	20.195	21.091	21.9845
304.7	0	3.1067	4.8014	6.0476	7.1221	8.1382	9.1211	10.084	11.037	11.975	12.905	13.828	14.741	15.65	16.549	17.452	18.343	19.238	20.124	21.017	21.9075
304.8	0	3.0971	4.7867	6.0286	7.0992	8.1116	9.0909	10.05	10.999	11.934	12.861	13.78	14.691	15.596	16.492	17.391	18.279	19.17	20.053	20.943	21.83
304.9	0	3.0876	4.772	6.0098	7.0764	8.0851	9.0609	10.017	10.963	11.894	12.818	13.733	14.64	15.543	16.435	17.331	18.216	19.103	19.982	20.869	21.752
305	0	3.0781	4.7575	5.9911	7.0538	8.0589	9.0311	9.9833	10.926	11.854	12.774	13.687	14.59	15.49	16.379	17.271	18.153	19.037	19.913	20.796	21.676
305.1	0	3.0688	4.743	5.9725	7.0313	8.0328	9.0016	9.9503	10.889	11.814	12.731	13.64	14.541	15.437	16.323	17.212	18.09	18.971	19.843	20.723	21.5995
305.2	0	3.0594	4.7287	5.954	7.009	8.0069	8.9723	9.9176	10.853	11.775	12.689	13.594	14.491	15.384	16.267	17.153	18.028	18.905	19.775	20.651	21.5245
305.3	0	3.0502	4.7144	5.9357	6.9868	7.9812	8.9432	9.885	10.817	11.735	12.646	13.548	14.442	15.332	16.212	17.094	17.966	18.841	19.706	20.58	21.45
305.4	0	3.041	4.7003	5.9175	6.9648	7.9557	8.9143	9.8527	10.782	11.697	12.604	13.503	14.394	15.28	16.157	17.036	17.905	18.776	19.639	20.509	21.376
305.5	0	3.0319	4.6862	5.8995	6.9429	7.9304	8.8856	9.8207	10.746	11.658	12.562	13.458	14.346	15.229	16.102	16.978	17.844	18.712	19.572	20.439	21.303
305.6	0	3.0228	4.6723	5.8815	6.9212	7.9052	8.8571	9.7889	10.711	11.62	12.521	13.413	14.298	15.178	16.048	16.921	17.784	18.649	19.505	20.369	21.2295
305.7	0	3.0138	4.6584	5.8637	6.8997	7.8803	8.8289	9.7573	10.677	11.581	12.48	13.369	14.25	15.127	15.995	16.864	17.724	18.586	19.439	20.299	21.1565
305.8	0	3.0049	4.6447	5.8461	6.8783	7.8555	8.8009	9.726	10.642	11.544	12.439	13.325	14.203	15.076	15.941	16.808	17.665	18.524	19.374	20.231	21.0855
305.9	0	2.996	4.631	5.8285	6.857	7.8309	8.773	9.6949	10.608	11.506	12.398	13.281	14.156	15.026	15.888	16.752	17.606	18.462	19.309	20.162	21.0135
306	0	2.9872	4.6175	5.8111	6.836	7.8065	8.7454	9.664	10.573	11.469	12.358	13.237	14.109	14.977	15.836	16.697	17.548	18.401	19.244	20.095	20.943
306.1	0	2.9784	4.604	5.7938	6.815	7.7823	8.718	9.6333	10.54	11.432	12.318	13.194	14.063	14.927	15.784	16.641	17.49	18.34	19.181	20.027	20.8725
306.2	0	2.9697	4.5906	5.7766	6.7942	7.7582	8.6907	9.6028	10.506	11.395	12.278	13.151	14.017	14.878	15.732	16.587	17.432	18.28	19.117	19.961	20.8035
306.3	0	2.961	4.5774	5.7595	6.7736	7.7343	8.6637	9.5726	10.473	11.358	12.238	13.109	13.972	14.83	15.681	16.533	17.375	18.22	19.054	19.895	20.7345
306.4	0	2.9524	4.5642	5.7425	6.7531	7.7106	8.6368	9.5426	10.439	11.322	12.199	13.066	13.927	14.782	15.63	16.479	17.319	18.16	18.992	19.829	20.6655
306.5	0	2.9439	4.5511	5.7256	6.7328	7.687	8.6101	9.5127	10.406	11.286	12.16	13.025	13.882	14.734	15.579	16.425	17.263	18.101	18.93	19.764	20.5975
306.6	0	2.9354	4.5381	5.7088	6.7126	7.6636	8.5835	9.4831	10.374	11.25	12.121	12.983	13.837	14.686	15.528	16.372	17.207	18.043	18.868	19.699	20.5295
306.7	0	2.927	4.5251	5.6922	6.6925	7.6404	8.5572	9.4537	10.341	11.215	12.083	12.941	13.793	14.639	15.478	16.319	17.151	17.984	18.807	19.635	20.463
306.8	0	2.9186	4.5123	5.6756	6.6726	7.6173	8.531	9.4244	10.309	11.18	12.045	12.9	13.749	14.592	15.429	16.267	17.096	17.927	18.746	19.571	20.396
306.9	0	2.9103	4.4995	5.6592	6.6527	7.5943	8.5049	9.3953	10.277	11.145	12.007	12.86	13.705	14.546	15.379	16.215	17.042	17.869	18.686	19.508	20.33
307	0	2.902	4.4868	5.6428	6.6331	7.5715	8.4791	9.3665	10.245	11.11	11.969	12.819	13.662	14.499	15.33	16.163	16.988	17.812	18.627	19.445	20.2645
307.1	0	2.8937	4.4742	5.6266	6.6135	7.5488	8.4534	9.3378	10.214	11.075	11.932	12.779	13.619	14.454	15.282	16.112	16.934	17.756	18.567	19.382	20.1985
307.2	0	2.8855	4.4616	5.6104	6.5941	7.5263	8.4279	9.3093	10.182	11.041	11.895	12.739	13.577	14.408	15.234	16.061	16.88	17.7	18.508	19.321	20.135
307.3	0	2.8774	4.4491	5.5944	6.5748	7.504	8.4025	9.281	10.151	11.007	11.858	12.699	13.534	14.363	15.186	16.01	16.827	17.644	18.45	19.259	20.0705
307.4	0	2.8693	4.4367	5.5785	6.5557	7.4818	8.3774	9.253	10.12	10.973	11.821	12.66	13.492	14.318	15.138	15.96	16.774	17.588	18.392	19.199	20.008
307.5	0	2.8612	4.4243	5.5626	6.5366	7.4597	8.3524	9.2251	10.089	10.94	11.785	12.621	13.451	14.274	15.091	15.91	16.722	17.534	18.335	19.138	19.9445
307.6	0	2.8532	4.4121	5.5469	6.5177	7.4378	8.3275	9.1974	10.059	10.907	11.749	12.582	13.409	14.23	15.044	15.861	16.67	17.479	18.278	19.078	19.882
307.7	0	2.8453	4.3999	5.5313	6.499	7.4161	8.3029	9.1699	10.029	10.874	11.713	12.544	13.368	14.186	14.998	15.811	16.618	17.425	18.221	19.019	19.8205
307.8	0	2.8374	4.3878	5.5159	6.4804	7.3945	8.2785	9.1427	9.9986	10.841	11.678	12.506	13.328	14.143	14.952	15.763	16.567	17.371	18.165	18.96	19.759
307.9	0	2.8295	4.3757	5.5005	6.4619	7.3731	8.2542	9.1156	9.9688	10.809	11.643	12.468	13.287	14.1	14.907	15.714	16.516	17.318	18.109	18.902	19.6985
308	0	2.8217	4.3638	5.4852	6.4436	7.3518	8.2301	9.0888	9.9392	10.776	11.608	12.431	13.247	14.057	14.861	15.666	16.466	17.265	18.054	18.844	19.638
308.1	0	2.814	4.3519	5.4701	6.4254	7.3307	8.2062	9.0622	9.9098	10.744	11.574	12.394	13.208	14.015	14.817	15.619	16.415	17.212	17.999	18.786	19.578
308.2	0	2.8063	4.3401	5.455	6.4074	7.3098	8.1825	9.0358	9.8807	10.713	11.539	12.357	13.168	13.973	14.772	15.572	16.366	17.16	17.944	18.729	19.518
308.3	0	2.7987	4.3284	5.4401	6.3895	7.289	8.159	9.0096	9.8519	10.681	11.505	12.32	13.129	13.932	14.728	15.525	16.317	17.108	17.89	18.673	19.4595
308.4	0	2.7911	4.3168	5.4253	6.3717	7.2684	8.1356	8.9836	9.8232	10.65	11.472	12.284	13.091	13.891	14.684	15.478	16.268	17.057	17.837	18.617	19.4015
308.5	0	2.7836	4.3053	5.4106	6.3541	7.248	8.1125	8.9579	9.7949	10.619	11.438	12.248	13.052	13.85	14.641	15.432	16.219	17.006	17.783	18.562	19.344
308.6	0	2.7761	4.2939	5.396	6.3367	7.2277	8.0896	8.9324	9.7667	10.589	11.405	12.212	13.014	13.81	14.598	15.387	16.171	16.955	17.731	18.507	19.287
308.7	0	2.7688	4.2825	5.3816	6.3194	7.2076	8.0669	8.9071	9.7389	10.558	11.372	12.177	12.976	13.769	14.556	15.342	16.124	16.905	17.679	18.452	19.2295
308.8	0	2.7614	4.2713	5.3673	6.3023	7.1877	8.0444	8.8821	9.7112	10.528	11.34	12.142	12.939	13.73	14.514	15.297	16.077	16.856	17.627	18.398	19.173
308.9	0	2.7542	4.2601	5.3531	6.2853	7.168	8.022	8.8572	9.6839	10.498	11.307	12.107	12.902	13.69	14.472	15.253	16.03	16.807	17.576	18.345	19.118
309	0	2.747	4.2491	5.339	6.2684	7.1484	7.9999	8.8326	9.6567	10.468	11.275	12.073	12.865	13.651	14.431	15.209	15.984	16.758	17.525	18.292	19.0625
309.1	0	2.7399	4.2381	5.325	6.2517	7.129	7.978	8.8082	9.6299	10.439	11.243	12.039	12.829	13.612	14.39	15.165	15.938	16.71	17.474	18.239	19.007
309.2	0	2.7328	4.2273	5.3112	6.2351	7.1098	7.9563	8.784	9.6032	10.41	11.212	12.005	12.792	13.574	14.349	15.122	15.892	16.662	17.424	18.187	18.953
309.3	0	2.7259	4.2166	5.2974	6.2186	7.0907	7.9348	8.7601	9.5768	10.381	11.181	11.971	12.757	13.536	14.309	15.08	15.847	16.615	17.375	18.135	18.899
309.4	0	2.719	4.2059	5.2839	6.2024	7.0718	7.9135	8.7363	9.5506	10.353	11.15	11.938	12.721	13.498	14.269	15.037	15.803	16.568	17.326	18.084	18.8455
309.5	0	2.7121	4.1954	5.2704	6.1862	7.0531	7.8923	8.7128	9.5247	10.324	11.119	11.905	12.686	13.461	14.229	14.995	15.758	16.522	17.277	18.033	18.7925
309.6	0	2.7053	4.185	5.2571	6.1702	7.0345	7.8714	8.6894	9.4989	10.296	11.089	11.872	12.651	13.423	14.19	14.954	15.715	16.475	17.229	17.983	18.74
309.7	0	2.6986	4.1747	5.2439	6.1543	7.0161	7.8506	8.6663	9.4734	10.268	11.059	11.84	12.616	13.387	14.151	14.913	15.671	16.43	17.181	17.933	18.688
