0	0	0.1	0.2	0.3	0.4	0.5	0.6	0.7	0.8	0.9	1	1.1	1.2	1.3	1.4	1.5	1.6	1.7	1.8	1.9	2
256.1	0	104.78	108.02	109.86	111.45	112.45	113.33	113.98	114.56	115.02	115.44	115.81	116.15	116.45	116.73	116.99	117.308	117.602	117.896	118.19	118.484
256.2	0	104.74	107.98	109.82	111.4	112.41	113.28	113.94	114.51	114.98	115.4	115.77	116.1	116.41	116.69	116.94	117.261	117.554	117.847	118.14	118.433
256.3	0	104.7	107.94	109.77	111.36	112.36	113.24	113.89	114.47	114.93	115.35	115.72	116.06	116.36	116.64	116.9	117.218	117.512	117.806	118.1	118.394
256.4	0	104.65	107.9	109.73	111.31	112.32	113.19	113.85	114.43	114.89	115.31	115.68	116.01	116.32	116.6	116.86	117.179	117.474	117.769	118.064	118.359
256.5	0	104.61	107.85	109.68	111.27	112.27	113.15	113.8	114.38	114.84	115.26	115.63	115.97	116.27	116.56	116.81	117.133	117.428	117.723	118.018	118.313
256.6	0	104.57	107.81	109.63	111.22	112.22	113.1	113.76	114.33	114.8	115.22	115.59	115.92	116.23	116.51	116.77	117.089	117.384	117.679	117.974	118.269
256.7	0	104.53	107.76	109.59	111.18	112.18	113.05	113.71	114.29	114.75	115.17	115.54	115.88	116.18	116.47	116.72	117.043	117.338	117.633	117.928	118.223
256.8	0	104.48	107.72	109.54	111.13	112.13	113.01	113.66	114.24	114.71	115.13	115.49	115.83	116.14	116.42	116.68	117.003	117.3	117.597	117.894	118.191
256.9	0	104.44	107.67	109.49	111.08	112.08	112.96	113.62	114.19	114.66	115.08	115.45	115.79	116.09	116.37	116.63	116.948	117.242	117.536	117.83	118.124
257	0	104.39	107.63	109.45	111.04	112.04	112.91	113.57	114.15	114.61	115.03	115.4	115.74	116.04	116.33	116.59	116.911	117.208	117.505	117.802	118.099
257.1	0	104.35	107.58	109.4	110.99	111.99	112.86	113.52	114.1	114.56	114.99	115.35	115.69	116	116.28	116.54	116.863	117.16	117.457	117.754	118.051
257.2	0	104.3	107.53	109.35	110.94	111.94	112.82	113.47	114.05	114.52	114.94	115.3	115.64	115.95	116.23	116.49	116.813	117.11	117.407	117.704	118.001
257.3	0	104.26	107.49	109.3	110.89	111.89	112.77	113.42	114	114.47	114.89	115.26	115.6	115.9	116.19	116.45	116.771	117.068	117.365	117.662	117.959
257.4	0	104.21	107.44	109.25	110.84	111.84	112.72	113.37	113.95	114.42	114.84	115.21	115.55	115.85	116.14	116.4	116.721	117.018	117.315	117.612	117.909
257.5	0	104.17	107.39	109.21	110.79	111.79	112.67	113.33	113.91	114.37	114.79	115.16	115.5	115.8	116.09	116.35	116.671	116.968	117.265	117.562	117.859
257.6	0	104.12	107.34	109.16	110.74	111.74	112.62	113.28	113.86	114.32	114.74	115.11	115.45	115.76	116.04	116.31	116.631	116.93	117.229	117.528	117.827
257.7	0	104.07	107.3	109.11	110.7	111.69	112.57	113.23	113.81	114.27	114.69	115.06	115.4	115.71	115.99	116.26	116.581	116.88	117.179	117.478	117.777
257.8	0	104.02	107.25	109.06	110.65	111.64	112.52	113.17	113.76	114.22	114.64	115.01	115.35	115.66	115.94	116.21	116.531	116.83	117.129	117.428	117.727
257.9	0	103.98	107.2	109.01	110.59	111.59	112.47	113.12	113.7	114.17	114.59	114.96	115.3	115.61	115.9	116.16	116.486	116.786	117.086	117.386	117.686
258	0	103.93	107.15	108.95	110.54	111.54	112.42	113.07	113.65	114.12	114.54	114.91	115.25	115.56	115.85	116.11	116.436	116.736	117.036	117.336	117.636
258.1	0	103.88	107.1	108.9	110.49	111.49	112.37	113.02	113.6	114.07	114.49	114.86	115.2	115.51	115.8	116.06	116.386	116.686	116.986	117.286	117.586
258.2	0	103.83	107.05	108.85	110.44	111.44	112.32	112.97	113.55	114.02	114.44	114.81	115.15	115.46	115.75	116.01	116.336	116.636	116.936	117.236	117.536
258.3	0	103.78	107	108.8	110.39	111.38	112.26	112.92	113.5	113.97	114.39	114.76	115.1	115.41	115.7	115.96	116.286	116.586	116.886	117.186	117.486
258.4	0	103.74	106.95	108.75	110.34	111.33	112.21	112.87	113.45	113.91	114.34	114.71	115.05	115.36	115.65	115.91	116.236	116.536	116.836	117.136	117.436
258.5	0	103.69	106.9	108.7	110.29	111.28	112.16	112.81	113.4	113.86	114.29	114.66	115	115.31	115.59	115.86	116.181	116.48	116.779	117.078	117.377
258.6	0	103.64	106.85	108.64	110.24	111.23	112.11	112.76	113.34	113.81	114.24	114.6	114.95	115.25	115.54	115.81	116.133	116.434	116.735	117.036	117.337
258.7	0	103.59	106.8	108.59	110.18	111.17	112.05	112.71	113.29	113.76	114.18	114.55	114.9	115.2	115.49	115.76	116.083	116.384	116.685	116.986	117.287
258.8	0	103.54	106.75	108.54	110.13	111.12	112	112.65	113.24	113.7	114.13	114.5	114.84	115.15	115.44	115.71	116.034	116.336	116.638	116.94	117.242
258.9	0	103.49	106.7	108.49	110.08	111.07	111.95	112.6	113.18	113.65	114.08	114.45	114.79	115.1	115.39	115.66	115.984	116.286	116.588	116.89	117.192
259	0	103.44	106.65	108.43	110.02	111.01	111.89	112.55	113.13	113.6	114.03	114.4	114.74	115.05	115.34	115.61	115.934	116.236	116.538	116.84	117.142
259.1	0	103.38	106.59	108.38	109.97	110.96	111.84	112.49	113.08	113.54	113.97	114.34	114.69	115	115.29	115.55	115.88	116.182	116.484	116.786	117.088
259.2	0	103.33	106.54	108.33	109.92	110.91	111.79	112.44	113.02	113.49	113.92	114.29	114.63	114.94	115.23	115.5	115.824	116.126	116.428	116.73	117.032
259.3	0	103.27	106.49	108.27	109.86	110.85	111.73	112.38	112.97	113.44	113.87	114.24	114.58	114.89	115.18	115.45	115.774	116.076	116.378	116.68	116.982
259.4	0	103.21	106.44	108.22	109.81	110.8	111.68	112.33	112.92	113.38	113.81	114.18	114.53	114.84	115.13	115.4	115.728	116.032	116.336	116.64	116.944
259.5	0	103.15	106.38	108.16	109.75	110.74	111.62	112.28	112.86	113.33	113.76	114.13	114.48	114.79	115.08	115.34	115.67	115.972	116.274	116.576	116.878
259.6	0	103.09	106.33	108.11	109.7	110.69	111.57	112.22	112.81	113.27	113.7	114.08	114.42	114.73	115.02	115.29	115.614	115.916	116.218	116.52	116.822
259.7	0	103.04	106.28	108.05	109.64	110.63	111.51	112.17	112.75	113.22	113.65	114.02	114.37	114.68	114.97	115.24	115.568	115.872	116.176	116.48	116.784
259.8	0	102.98	106.22	108	109.59	110.58	111.46	112.11	112.7	113.16	113.59	113.97	114.31	114.63	114.92	115.19	115.519	115.824	116.129	116.434	116.739
259.9	0	102.92	106.17	107.94	109.53	110.52	111.4	112.05	112.64	113.11	113.54	113.91	114.26	114.57	114.86	115.13	115.458	115.762	116.066	116.37	116.674
260	0	102.86	106.12	107.89	109.48	110.46	111.35	112	112.59	113.05	113.48	113.86	114.21	114.52	114.81	115.08	115.408	115.712	116.016	116.32	116.624
260.1	0	102.8	106.06	107.83	109.42	110.41	111.29	111.94	112.53	113	113.43	113.8	114.15	114.46	114.76	115.03	115.361	115.668	115.975	116.282	116.589
260.2	0	102.74	106.01	107.78	109.37	110.35	111.24	111.89	112.47	112.94	113.37	113.75	114.1	114.41	114.7	114.97	115.298	115.602	115.906	116.21	116.514
260.3	0	102.68	105.95	107.72	109.31	110.3	111.18	111.83	112.42	112.89	113.32	113.69	114.04	114.35	114.65	114.92	115.251	115.558	115.865	116.172	116.479
260.4	0	102.62	105.9	107.66	109.26	110.24	111.12	111.77	112.36	112.83	113.26	113.64	113.99	114.3	114.6	114.87	115.201	115.508	115.815	116.122	116.429
260.5	0	102.56	105.84	107.61	109.2	110.18	111.07	111.72	112.31	112.77	113.21	113.58	113.93	114.24	114.54	114.81	115.141	115.448	115.755	116.062	116.369
260.6	0	102.5	105.79	107.55	109.14	110.12	111.01	111.66	112.25	112.72	113.15	113.52	113.87	114.19	114.49	114.76	115.096	115.406	115.716	116.026	116.336
260.7	0	102.44	105.73	107.49	109.09	110.07	110.95	111.6	112.19	112.66	113.09	113.47	113.82	114.13	114.43	114.7	115.031	115.338	115.645	115.952	116.259
260.8	0	102.38	105.68	107.44	109.03	110.01	110.9	111.55	112.13	112.6	113.04	113.41	113.76	114.08	114.38	114.65	114.986	115.296	115.606	115.916	116.226
260.9	0	102.32	105.62	107.38	108.97	109.95	110.84	111.49	112.08	112.55	112.98	113.36	113.71	114.02	114.32	114.59	114.921	115.228	115.535	115.842	116.149
261	0	102.26	105.56	107.32	108.91	109.89	110.78	111.43	112.02	112.49	112.92	113.3	113.65	113.97	114.26	114.54	114.871	115.18	115.489	115.798	116.107
261.1	0	102.2	105.51	107.26	108.86	109.84	110.72	111.37	111.96	112.43	112.87	113.24	113.59	113.91	114.21	114.48	114.816	115.126	115.436	115.746	116.056
261.2	0	102.14	105.45	107.2	108.8	109.78	110.66	111.31	111.9	112.37	112.81	113.18	113.54	113.85	114.15	114.43	114.763	115.074	115.385	115.696	116.007
261.3	0	102.07	105.39	107.15	108.74	109.72	110.61	111.25	111.85	112.32	112.75	113.13	113.48	113.8	114.1	114.37	114.706	115.016	115.326	115.636	115.946
261.4	0	102.01	105.34	107.09	108.68	109.66	110.55	111.2	111.79	112.26	112.69	113.07	113.42	113.74	114.04	114.32	114.654	114.966	115.278	115.59	115.902
261.5	0	101.95	105.28	107.03	108.63	109.6	110.49	111.14	111.73	112.2	112.64	113.01	113.37	113.68	113.98	114.26	114.593	114.904	115.215	115.526	115.837
261.6	0	101.89	105.22	106.97	108.57	109.54	110.43	111.08	111.67	112.14	112.58	112.95	113.31	113.62	113.93	114.2	114.538	114.85	115.162	115.474	115.786
261.7	0	101.83	105.16	106.91	108.51	109.48	110.37	111.02	111.61	112.08	112.52	112.9	113.25	113.57	113.87	114.15	114.484	114.796	115.108	115.42	115.732
261.8	0	101.76	105.11	106.85	108.45	109.42	110.31	110.96	111.55	112.02	112.46	112.84	113.19	113.51	113.81	114.09	114.424	114.736	115.048	115.36	115.672
261.9	0	101.7	105.05	106.79	108.39	109.36	110.25	110.9	111.49	111.96	112.4	112.78	113.13	113.45	113.75	114.03	114.364	114.676	114.988	115.3	115.612
262	0	101.64	104.99	106.73	108.33	109.3	110.19	110.84	111.43	111.9	112.34	112.72	113.08	113.39	113.7	113.98	114.316	114.63	114.944	115.258	115.572
262.1	0	101.57	104.93	106.67	108.27	109.24	110.13	110.78	111.37	111.84	112.28	112.66	113.02	113.34	113.64	113.92	114.258	114.572	114.886	115.2	115.514
262.2	0	101.51	104.87	106.61	108.21	109.18	110.07	110.72	111.31	111.79	112.22	112.6	112.96	113.28	113.58	113.86	114.198	114.512	114.826	115.14	115.454
262.3	0	101.45	104.81	106.55	108.15	109.12	110.01	110.66	111.25	111.73	112.16	112.54	112.9	113.22	113.52	113.8	114.138	114.452	114.766	115.08	115.394
262.4	0	101.38	104.75	106.49	108.09	109.06	109.95	110.6	111.19	111.66	112.11	112.49	112.84	113.16	113.46	113.75	114.082	114.396	114.71	115.024	115.338
262.5	0	101.32	104.69	106.43	108.03	109	109.89	110.54	111.13	111.6	112.05	112.43	112.78	113.1	113.41	113.69	114.027	114.342	114.657	114.972	115.287
262.6	0	101.25	104.63	106.37	107.97	108.94	109.83	110.47	111.07	111.54	111.99	112.37	112.72	113.04	113.35	113.63	113.967	114.282	114.597	114.912	115.227
262.7	0	101.19	104.57	106.3	107.91	108.87	109.77	110.41	111.01	111.48	111.92	112.31	112.66	112.98	113.29	113.57	113.907	114.222	114.537	114.852	115.167
262.8	0	101.13	104.51	106.24	107.84	108.81	109.7	110.35	110.95	111.42	111.86	112.25	112.61	112.93	113.23	113.51	113.848	114.162	114.476	114.79	115.104
262.9	0	101.06	104.45	106.18	107.78	108.75	109.64	110.29	110.89	111.36	111.8	112.19	112.55	112.87	113.17	113.45	113.788	114.102	114.416	114.73	115.044
263	0	101	104.39	106.12	107.72	108.69	109.58	110.23	110.82	111.3	111.74	112.12	112.48	112.81	113.11	113.39	113.733	114.05	114.367	114.684	115.001
263.1	0	100.93	104.33	106.06	107.66	108.62	109.52	110.16	110.76	111.24	111.68	112.06	112.42	112.75	113.05	113.33	113.673	113.99	114.307	114.624	114.941
263.2	0	100.86	104.27	105.99	107.6	108.56	109.45	110.1	110.7	111.18	111.62	112	112.36	112.69	112.99	113.28	113.621	113.94	114.259	114.578	114.897
263.3	0	100.8	104.21	105.93	107.53	108.5	109.39	110.04	110.64	111.11	111.56	111.94	112.3	112.63	112.93	113.22	113.561	113.88	114.199	114.518	114.837
263.4	0	100.73	104.15	105.87	107.47	108.43	109.33	109.98	110.57	111.05	111.5	111.88	112.24	112.57	112.87	113.16	113.501	113.82	114.139	114.458	114.777
263.5	0	100.67	104.09	105.8	107.41	108.37	109.26	109.91	110.51	110.99	111.43	111.82	112.18	112.5	112.81	113.1	113.439	113.758	114.077	114.396	114.715
263.6	0	100.6	104.03	105.74	107.34	108.31	109.2	109.85	110.45	110.93	111.37	111.75	112.12	112.44	112.75	113.04	113.383	113.704	114.025	114.346	114.667
263.7	0	100.53	103.96	105.68	107.28	108.24	109.14	109.78	110.39	110.86	111.31	111.69	112.06	112.38	112.69	112.98	113.323	113.644	113.965	114.286	114.607
263.8	0	100.47	103.9	105.61	107.21	108.18	109.07	109.72	110.32	110.8	111.25	111.63	111.99	112.32	112.63	112.91	113.256	113.576	113.896	114.216	114.536
263.9	0	100.4	103.84	105.55	107.15	108.11	109.01	109.66	110.26	110.74	111.18	111.57	111.93	112.26	112.57	112.85	113.196	113.516	113.836	114.156	114.476
264	0	100.33	103.78	105.48	107.09	108.05	108.94	109.59	110.19	110.67	111.12	111.5	111.87	112.2	112.51	112.79	113.14	113.462	113.784	114.106	114.428
264.1	0	100.26	103.71	105.42	107.02	107.98	108.88	109.53	110.13	110.61	111.06	111.44	111.81	112.13	112.45	112.73	113.078	113.4	113.722	114.044	114.366
264.2	0	100.2	103.65	105.35	106.96	107.92	108.81	109.46	110.06	110.54	110.99	111.38	111.74	112.07	112.38	112.67	113.014	113.336	113.658	113.98	114.302
264.3	0	100.13	103.59	105.29	106.89	107.85	108.75	109.4	110	110.48	110.93	111.31	111.68	112.01	112.32	112.61	112.958	113.282	113.606	113.93	114.254
264.4	0	100.06	103.52	105.22	106.82	107.78	108.68	109.33	109.94	110.41	110.87	111.25	111.62	111.95	112.26	112.55	112.898	113.222	113.546	113.87	114.194
264.5	0	99.99	103.46	105.15	106.76	107.72	108.61	109.26	109.87	110.35	110.8	111.19	111.55	111.88	112.2	112.48	112.829	113.152	113.475	113.798	114.121
264.6	0	99.921	103.39	105.09	106.69	107.65	108.55	109.2	109.8	110.28	110.74	111.12	111.49	111.82	112.13	112.42	112.768	113.092	113.416	113.74	114.064
264.7	0	99.852	103.32	105.02	106.63	107.58	108.48	109.13	109.74	110.22	110.67	111.06	111.42	111.76	112.07	112.36	112.709	113.034	113.359	113.684	114.009
264.8	0	99.782	103.26	104.95	106.56	107.52	108.42	109.07	109.67	110.15	110.61	110.99	111.36	111.69	112.01	112.3	112.651	112.978	113.305	113.632	113.959
264.9	0	99.712	103.19	104.89	106.49	107.45	108.35	109	109.61	110.09	110.54	110.93	111.3	111.63	111.94	112.23	112.578	112.902	113.226	113.55	113.874
265	0	99.642	103.12	104.82	106.42	107.38	108.28	108.93	109.54	110.02	110.47	110.86	111.23	111.56	111.88	112.17	112.521	112.848	113.175	113.502	113.829
265.1	0	99.572	103.05	104.75	106.36	107.32	108.21	108.86	109.47	109.95	110.41	110.8	111.17	111.5	111.82	112.11	112.461	112.788	113.115	113.442	113.769
265.2	0	99.501	102.98	104.68	106.29	107.25	108.15	108.8	109.41	109.89	110.34	110.73	111.1	111.43	111.75	112.04	112.391	112.718	113.045	113.372	113.699
265.3	0	99.43	102.91	104.62	106.22	107.18	108.08	108.73	109.34	109.82	110.28	110.67	111.04	111.37	111.69	111.98	112.331	112.658	112.985	113.312	113.639
265.4	0	99.359	102.84	104.55	106.15	107.11	108.01	108.66	109.27	109.75	110.21	110.6	110.97	111.3	111.62	111.92	112.269	112.598	112.927	113.256	113.585
265.5	0	99.287	102.77	104.48	106.08	107.04	107.94	108.59	109.2	109.69	110.14	110.53	110.91	111.24	111.56	111.85	112.205	112.534	112.863	113.192	113.521
265.6	0	99.216	102.7	104.41	106.02	106.97	107.88	108.53	109.14	109.62	110.07	110.47	110.84	111.17	111.49	111.79	112.139	112.468	112.797	113.126	113.455
265.7	0	99.144	102.63	104.34	105.95	106.9	107.81	108.46	109.07	109.55	110.01	110.4	110.78	111.11	111.43	111.72	112.075	112.404	112.733	113.062	113.391
265.8	0	99.071	102.55	104.27	105.88	106.83	107.74	108.39	109	109.48	109.94	110.33	110.71	111.04	111.36	111.66	112.013	112.344	112.675	113.006	113.337
265.9	0	98.999	102.48	104.2	105.81	106.77	107.67	108.32	108.93	109.41	109.87	110.27	110.64	110.98	111.3	111.59	111.946	112.276	112.606	112.936	113.266
266	0	98.926	102.41	104.13	105.74	106.7	107.6	108.25	108.86	109.34	109.8	110.2	110.58	110.91	111.23	111.53	111.883	112.214	112.545	112.876	113.207
266.1	0	98.853	102.34	104.06	105.67	106.62	107.53	108.18	108.79	109.28	109.73	110.13	110.51	110.84	111.17	111.46	111.818	112.15	112.482	112.814	113.146
266.2	0	98.78	102.27	103.99	105.6	106.55	107.46	108.11	108.73	109.21	109.67	110.06	110.44	110.78	111.1	111.4	111.758	112.092	112.426	112.76	113.094
266.3	0	98.706	102.19	103.92	105.53	106.48	107.39	108.04	108.66	109.14	109.6	110	110.37	110.71	111.03	111.33	111.684	112.016	112.348	112.68	113.012
266.4	0	98.632	102.12	103.85	105.46	106.41	107.32	107.97	108.59	109.07	109.53	109.93	110.31	110.64	110.97	111.26	111.618	111.95	112.282	112.614	112.946
266.5	0	98.558	102.05	103.78	105.39	106.34	107.25	107.9	108.52	109	109.46	109.86	110.24	110.58	110.9	111.2	111.558	111.892	112.226	112.56	112.894
266.6	0	98.484	101.97	103.71	105.32	106.27	107.18	107.83	108.45	108.93	109.39	109.79	110.17	110.51	110.83	111.13	111.488	111.822	112.156	112.49	112.824
266.7	0	98.409	101.9	103.63	105.24	106.2	107.11	107.76	108.38	108.86	109.32	109.72	110.1	110.44	110.77	111.06	111.423	111.758	112.093	112.428	112.763
266.8	0	98.334	101.82	103.56	105.17	106.13	107.04	107.69	108.3	108.79	109.25	109.65	110.03	110.37	110.7	111	111.361	111.698	112.035	112.372	112.709
266.9	0	98.259	101.75	103.49	105.1	106.05	106.96	107.61	108.23	108.72	109.18	109.58	109.96	110.3	110.63	110.93	111.291	111.628	111.965	112.302	112.639
267	0	98.183	101.68	103.42	105.03	105.98	106.89	107.54	108.16	108.65	109.11	109.51	109.9	110.24	110.56	110.86	111.222	111.558	111.894	112.23	112.566
267.1	0	98.107	101.6	103.34	104.96	105.91	106.82	107.47	108.09	108.57	109.04	109.44	109.83	110.17	110.49	110.79	111.152	111.488	111.824	112.16	112.496
267.2	0	98.031	101.52	103.27	104.88	105.83	106.74	107.4	108.02	108.5	108.97	109.37	109.76	110.1	110.43	110.73	111.095	111.434	111.773	112.112	112.451
267.3	0	97.955	101.45	103.19	104.81	105.76	106.67	107.32	107.95	108.43	108.9	109.3	109.69	110.03	110.36	110.66	111.025	111.364	111.703	112.042	112.381
267.4	0	97.878	101.37	103.12	104.74	105.69	106.6	107.25	107.87	108.36	108.83	109.23	109.61	109.96	110.29	110.59	110.956	111.296	111.636	111.976	112.316
267.5	0	97.801	101.3	103.05	104.66	105.61	106.52	107.18	107.8	108.29	108.75	109.16	109.54	109.89	110.22	110.52	110.886	111.226	111.566	111.906	112.246
267.6	0	97.723	101.22	102.97	104.59	105.54	106.45	107.1	107.73	108.21	108.68	109.08	109.47	109.82	110.15	110.45	110.82	111.162	111.504	111.846	112.188
267.7	0	97.646	101.14	102.89	104.51	105.46	106.37	107.03	107.65	108.14	108.61	109.01	109.4	109.75	110.08	110.38	110.75	111.092	111.434	111.776	112.118
267.8	0	97.567	101.07	102.82	104.44	105.39	106.3	106.95	107.58	108.07	108.54	108.94	109.33	109.68	110.01	110.31	110.68	111.022	111.364	111.706	112.048
267.9	0	97.489	100.99	102.74	104.36	105.31	106.22	106.88	107.5	107.99	108.46	108.87	109.26	109.6	109.94	110.24	110.608	110.95	111.292	111.634	111.976
268	0	97.41	100.91	102.67	104.29	105.23	106.15	106.8	107.43	107.92	108.39	108.8	109.19	109.53	109.87	110.17	110.538	110.88	111.222	111.564	111.906
268.1	0	97.331	100.83	102.59	104.21	105.16	106.07	106.73	107.35	107.85	108.32	108.72	109.11	109.46	109.8	110.1	110.473	110.818	111.163	111.508	111.853
268.2	0	97.252	100.75	102.51	104.13	105.08	106	106.65	107.28	107.77	108.24	108.65	109.04	109.39	109.72	110.03	110.398	110.742	111.086	111.43	111.774
268.3	0	97.172	100.67	102.43	104.06	105	105.92	106.57	107.2	107.7	108.17	108.58	108.97	109.32	109.65	109.96	110.328	110.672	111.016	111.36	111.704
268.4	0	97.092	100.59	102.36	103.98	104.92	105.84	106.5	107.13	107.62	108.1	108.5	108.89	109.24	109.58	109.89	110.261	110.608	110.955	111.302	111.649
268.5	0	97.011	100.51	102.28	103.9	104.85	105.76	106.42	107.05	107.54	108.02	108.43	108.82	109.17	109.51	109.82	110.191	110.538	110.885	111.232	111.579
268.6	0	96.93	100.43	102.2	103.82	104.77	105.69	106.34	106.97	107.47	107.95	108.35	108.75	109.1	109.44	109.75	110.125	110.474	110.823	111.172	111.521
268.7	0	96.849	100.35	102.12	103.74	104.69	105.61	106.26	106.89	107.39	107.87	108.28	108.67	109.02	109.36	109.67	110.041	110.388	110.735	111.082	111.429
268.8	0	96.767	100.27	102.04	103.66	104.61	105.53	106.19	106.82	107.32	107.79	108.2	108.6	108.95	109.29	109.6	109.975	110.324	110.673	111.022	111.371
268.9	0	96.685	100.19	101.96	103.58	104.53	105.45	106.11	106.74	107.24	107.72	108.13	108.52	108.88	109.22	109.53	109.906	110.256	110.606	110.956	111.306
269	0	96.603	100.11	101.88	103.51	104.45	105.37	106.03	106.66	107.16	107.64	108.05	108.45	108.8	109.14	109.46	109.833	110.184	110.535	110.886	111.237
269.1	0	96.52	100.03	101.8	103.43	104.37	105.29	105.95	106.58	107.08	107.57	107.98	108.37	108.73	109.07	109.38	109.756	110.106	110.456	110.806	111.156
269.2	0	96.437	99.946	101.72	103.34	104.29	105.21	105.87	106.51	107.01	107.49	107.9	108.3	108.65	108.99	109.31	109.683	110.034	110.385	110.736	111.087
269.3	0	96.354	99.864	101.64	103.26	104.21	105.13	105.79	106.43	106.93	107.41	107.83	108.22	108.58	108.92	109.23	109.606	109.956	110.306	110.656	111.006
269.4	0	96.27	99.78	101.56	103.18	104.13	105.05	105.71	106.35	106.85	107.33	107.75	108.15	108.5	108.85	109.16	109.538	109.89	110.242	110.594	110.946
269.5	0	96.186	99.697	101.48	103.09	104.05	104.97	105.63	106.27	106.77	107.26	107.67	108.07	108.43	108.77	109.09	109.468	109.822	110.176	110.53	110.884
269.6	0	96.101	99.613	101.4	103.01	103.97	104.89	105.55	106.19	106.69	107.18	107.59	108	108.35	108.7	109.01	109.392	109.746	110.1	110.454	110.808
269.7	0	96.016	99.529	101.31	102.93	103.88	104.81	105.47	106.11	106.61	107.1	107.52	107.92	108.28	108.62	108.94	109.318	109.672	110.026	110.38	110.734
269.8	0	95.93	99.444	101.23	102.84	103.8	104.73	105.39	106.03	106.53	107.02	107.44	107.84	108.2	108.54	108.86	109.238	109.592	109.946	110.3	110.654
269.9	0	95.844	99.359	101.15	102.76	103.72	104.65	105.31	105.95	106.45	106.94	107.36	107.76	108.12	108.47	108.79	109.171	109.528	109.885	110.242	110.599
270	0	95.758	99.273	101.06	102.67	103.63	104.56	105.22	105.87	106.37	106.86	107.28	107.69	108.05	108.39	108.71	109.092	109.448	109.804	110.16	110.516
270.1	0	95.671	99.187	100.98	102.58	103.55	104.48	105.14	105.78	106.29	106.78	107.2	107.61	107.97	108.32	108.64	109.025	109.384	109.743	110.102	110.461
270.2	0	95.584	99.101	100.89	102.5	103.47	104.4	105.06	105.7	106.21	106.7	107.12	107.53	107.89	108.24	108.56	108.945	109.304	109.663	110.022	110.381
270.3	0	95.497	99.014	100.81	102.41	103.38	104.31	104.98	105.62	106.13	106.62	107.04	107.45	107.81	108.16	108.48	108.865	109.224	109.583	109.942	110.301
270.4	0	95.408	98.927	100.72	102.33	103.3	104.23	104.89	105.54	106.04	106.54	106.96	107.37	107.74	108.09	108.41	108.8	109.162	109.524	109.886	110.248
270.5	0	95.32	98.839	100.64	102.24	103.21	104.15	104.81	105.46	105.96	106.46	106.88	107.29	107.66	108.01	108.33	108.72	109.082	109.444	109.806	110.168
270.6	0	95.231	98.751	100.55	102.15	103.13	104.06	104.72	105.37	105.88	106.37	106.8	107.21	107.58	107.93	108.25	108.64	109.002	109.364	109.726	110.088
270.7	0	95.141	98.663	100.47	102.06	103.04	103.98	104.64	105.29	105.8	106.29	106.72	107.13	107.5	107.85	108.18	108.568	108.932	109.296	109.66	110.024
270.8	0	95.051	98.573	100.38	101.97	102.95	103.89	104.55	105.2	105.71	106.21	106.64	107.05	107.42	107.77	108.1	108.488	108.852	109.216	109.58	109.944
270.9	0	94.961	98.484	100.29	101.89	102.87	103.81	104.47	105.12	105.63	106.13	106.55	106.97	107.34	107.7	108.02	108.417	108.784	109.151	109.518	109.885
271	0	94.87	98.394	100.2	101.8	102.78	103.72	104.38	105.03	105.54	106.04	106.47	106.89	107.26	107.62	107.94	108.337	108.704	109.071	109.438	109.805
271.1	0	94.779	98.303	100.12	101.71	102.69	103.63	104.3	104.95	105.46	105.96	106.39	106.81	107.18	107.54	107.86	108.257	108.624	108.991	109.358	109.725
271.2	0	94.687	98.212	100.03	101.62	102.6	103.55	104.21	104.86	105.38	105.87	106.31	106.73	107.1	107.46	107.78	108.177	108.544	108.911	109.278	109.645
271.3	0	94.595	98.121	99.937	101.53	102.52	103.46	104.12	104.78	105.29	105.79	106.22	106.64	107.02	107.38	107.71	108.11	108.482	108.854	109.226	109.598
271.4	0	94.502	98.028	99.847	101.44	102.43	103.37	104.03	104.69	105.2	105.71	106.14	106.56	106.93	107.3	107.63	108.028	108.4	108.772	109.144	109.516
271.5	0	94.409	97.936	99.757	101.34	102.34	103.28	103.95	104.6	105.12	105.62	106.05	106.48	106.85	107.21	107.55	107.947	108.32	108.693	109.066	109.439
271.6	0	94.316	97.843	99.666	101.25	102.25	103.19	103.86	104.51	105.03	105.53	105.97	106.39	106.77	107.13	107.46	107.86	108.232	108.604	108.976	109.348
271.7	0	94.222	97.749	99.575	101.16	102.16	103.1	103.77	104.43	104.94	105.45	105.88	106.31	106.69	107.05	107.38	107.784	108.158	108.532	108.906	109.28
271.8	0	94.127	97.655	99.483	101.07	102.07	103.01	103.68	104.34	104.86	105.36	105.8	106.22	106.6	106.97	107.3	107.703	108.078	108.453	108.828	109.203
271.9	0	94.032	97.561	99.39	100.97	101.97	102.92	103.59	104.25	104.77	105.28	105.71	106.14	106.52	106.89	107.22	107.627	108.004	108.381	108.758	109.135
272	0	93.937	97.466	99.297	100.88	101.88	102.82	103.5	104.16	104.68	105.19	105.63	106.05	106.43	106.8	107.14	107.541	107.918	108.295	108.672	109.049
272.1	0	93.841	97.37	99.204	100.78	101.79	102.73	103.41	104.07	104.59	105.1	105.54	105.97	106.35	106.72	107.06	107.465	107.844	108.223	108.602	108.981
272.2	0	93.744	97.274	99.11	100.69	101.7	102.64	103.32	103.98	104.5	105.01	105.45	105.88	106.26	106.64	106.97	107.38	107.76	108.14	108.52	108.9
272.3	0	93.648	97.177	99.015	100.59	101.6	102.55	103.23	103.89	104.41	104.93	105.37	105.8	106.18	106.55	106.89	107.295	107.674	108.053	108.432	108.811
272.4	0	93.55	97.08	98.92	100.5	101.51	102.45	103.13	103.8	104.32	104.84	105.28	105.71	106.09	106.47	106.81	107.218	107.6	107.982	108.364	108.746
272.5	0	93.452	96.982	98.824	100.4	101.42	102.36	103.04	103.71	104.23	104.75	105.19	105.62	106.01	106.38	106.72	107.13	107.512	107.894	108.276	108.658
272.6	0	93.353	96.884	98.728	100.3	101.32	102.26	102.95	103.62	104.14	104.66	105.1	105.54	105.92	106.3	106.64	107.052	107.436	107.82	108.204	108.588
272.7	0	93.254	96.785	98.631	100.21	101.23	102.17	102.86	103.52	104.05	104.57	105.01	105.45	105.83	106.21	106.55	106.962	107.346	107.73	108.114	108.498
272.8	0	93.155	96.685	98.534	100.11	101.13	102.07	102.76	103.43	103.96	104.48	104.92	105.36	105.75	106.13	106.47	106.887	107.274	107.661	108.048	108.435
272.9	0	93.054	96.585	98.436	100.01	101.03	101.98	102.67	103.34	103.87	104.39	104.83	105.27	105.66	106.04	106.38	106.797	107.184	107.571	107.958	108.345
273	0	92.953	96.485	98.337	99.909	100.94	101.88	102.57	103.24	103.78	104.3	104.74	105.18	105.57	105.95	106.3	106.715	107.104	107.493	107.882	108.271
273.1	0	92.852	96.383	98.238	99.808	100.84	101.78	102.48	103.15	103.68	104.21	104.65	105.09	105.48	105.86	106.21	106.625	107.014	107.403	107.792	108.181
273.2	0	92.75	96.281	98.138	99.708	100.74	101.68	102.38	103.05	103.59	104.11	104.56	105	105.39	105.78	106.12	106.54	106.93	107.32	107.71	108.1
273.3	0	92.647	96.179	98.038	99.606	100.64	101.58	102.28	102.96	103.5	104.02	104.47	104.91	105.31	105.69	106.04	106.46	106.852	107.244	107.636	108.028
273.4	0	92.544	96.076	97.937	99.504	100.54	101.49	102.19	102.86	103.4	103.93	104.38	104.82	105.22	105.6	105.95	106.37	106.762	107.154	107.546	107.938
273.5	0	92.44	95.972	97.835	99.402	100.44	101.39	102.09	102.77	103.31	103.83	104.29	104.73	105.13	105.51	105.86	106.28	106.672	107.064	107.456	107.848
273.6	0	92.335	95.867	97.733	99.298	100.34	101.29	101.99	102.67	103.21	103.74	104.19	104.64	105.03	105.42	105.77	106.192	106.586	106.98	107.374	107.768
273.7	0	92.23	95.762	97.63	99.195	100.24	101.19	101.89	102.57	103.11	103.65	104.1	104.55	104.94	105.33	105.69	106.11	106.506	106.902	107.298	107.694
273.8	0	92.124	95.656	97.527	99.09	100.14	101.08	101.79	102.47	103.02	103.55	104.01	104.46	104.85	105.24	105.6	106.02	106.416	106.812	107.208	107.604
273.9	0	92.017	95.55	97.423	98.985	100.04	100.98	101.69	102.37	102.92	103.46	103.91	104.36	104.76	105.15	105.51	105.935	106.334	106.733	107.132	107.531
274	0	91.91	95.443	97.318	98.879	99.933	100.88	101.59	102.28	102.82	103.36	103.82	104.27	104.67	105.06	105.42	105.845	106.244	106.643	107.042	107.441
274.1	0	91.802	95.335	97.212	98.773	99.829	100.78	101.49	102.18	102.73	103.26	103.72	104.18	104.58	104.97	105.33	105.759	106.16	106.561	106.962	107.363
274.2	0	91.694	95.226	97.106	98.666	99.725	100.67	101.39	102.08	102.63	103.17	103.63	104.08	104.48	104.88	105.24	105.668	106.07	106.472	106.874	107.276
274.3	0	91.584	95.117	96.999	98.558	99.62	100.57	101.29	101.97	102.53	103.07	103.53	103.99	104.39	104.78	105.15	105.577	105.98	106.383	106.786	107.189
274.4	0	91.475	95.007	96.892	98.45	99.514	100.46	101.19	101.87	102.43	102.97	103.43	103.89	104.29	104.69	105.06	105.49	105.896	106.302	106.708	107.114
274.5	0	91.364	94.897	96.784	98.341	99.408	100.36	101.08	101.77	102.33	102.87	103.34	103.8	104.2	104.6	104.96	105.392	105.796	106.2	106.604	107.008
274.6	0	91.252	94.785	96.675	98.231	99.301	100.25	100.98	101.67	102.23	102.77	103.24	103.7	104.11	104.5	104.87	105.302	105.708	106.114	106.52	106.926
274.7	0	91.14	94.673	96.565	98.121	99.193	100.15	100.87	101.57	102.13	102.67	103.14	103.6	104.01	104.41	104.78	105.215	105.624	106.033	106.442	106.851
274.8	0	91.027	94.561	96.455	98.009	99.085	100.04	100.77	101.46	102.02	102.57	103.04	103.51	103.91	104.32	104.68	105.119	105.528	105.937	106.346	106.755
274.9	0	90.914	94.447	96.344	97.898	98.976	99.93	100.66	101.36	101.92	102.47	102.94	103.41	103.82	104.22	104.59	105.029	105.44	105.851	106.262	106.673
275	0	90.799	94.333	96.232	97.785	98.867	99.821	100.56	101.25	101.82	102.37	102.84	103.31	103.72	104.12	104.5	104.937	105.35	105.763	106.176	106.589
275.1	0	90.684	94.218	96.12	97.672	98.756	99.712	100.45	101.15	101.71	102.26	102.74	103.21	103.62	104.03	104.4	104.842	105.256	105.67	106.084	106.498
275.2	0	90.567	94.102	96.007	97.558	98.645	99.601	100.34	101.04	101.61	102.16	102.64	103.11	103.53	103.93	104.31	104.752	105.168	105.584	106	106.416
275.3	0	90.45	93.986	95.893	97.443	98.533	99.49	100.23	100.93	101.51	102.06	102.54	103.01	103.43	103.84	104.21	104.657	105.074	105.491	105.908	106.325
275.4	0	90.333	93.868	95.778	97.328	98.421	99.379	100.12	100.83	101.4	101.95	102.44	102.91	103.33	103.74	104.11	104.557	104.974	105.391	105.808	106.225
275.5	0	90.214	93.75	95.663	97.212	98.308	99.267	100.01	100.72	101.29	101.85	102.33	102.81	103.23	103.64	104.02	104.469	104.89	105.311	105.732	106.153
275.6	0	90.094	93.631	95.547	97.095	98.194	99.154	99.904	100.61	101.19	101.74	102.23	102.71	103.13	103.54	103.92	104.369	104.79	105.211	105.632	106.053
275.7	0	89.974	93.511	95.43	96.977	98.08	99.04	99.793	100.5	101.08	101.64	102.13	102.6	103.03	103.44	103.82	104.27	104.692	105.114	105.536	105.958
275.8	0	89.853	93.39	95.312	96.859	97.964	98.926	99.681	100.39	100.97	101.53	102.02	102.5	102.93	103.34	103.72	104.174	104.598	105.022	105.446	105.87
275.9	0	89.73	93.268	95.193	96.74	97.848	98.811	99.569	100.28	100.86	101.42	101.92	102.4	102.82	103.24	103.63	104.08	104.506	104.932	105.358	105.784
276	0	89.607	93.146	95.074	96.62	97.732	98.695	99.455	100.17	100.75	101.32	101.81	102.29	102.72	103.14	103.53	103.985	104.414	104.843	105.272	105.701
276.1	0	89.483	93.022	94.953	96.499	97.614	98.578	99.341	100.05	100.64	101.21	101.7	102.19	102.62	103.04	103.43	103.889	104.32	104.751	105.182	105.613
276.2	0	89.359	92.897	94.832	96.378	97.496	98.461	99.226	99.941	100.53	101.1	101.6	102.08	102.52	102.94	103.33	103.79	104.222	104.654	105.086	105.518
276.3	0	89.233	92.772	94.71	96.255	97.377	98.343	99.111	99.827	100.42	100.99	101.49	101.98	102.41	102.84	103.23	103.692	104.126	104.56	104.994	105.428
276.4	0	89.106	92.645	94.586	96.132	97.257	98.224	98.995	99.712	100.31	100.88	101.38	101.87	102.31	102.73	103.12	103.584	104.018	104.452	104.886	105.32
276.5	0	88.978	92.517	94.462	96.008	97.136	98.105	98.878	99.596	100.2	100.77	101.27	101.76	102.2	102.63	103.02	103.4	103.832	104.242	104.652	105.062
276.6	0	88.849	92.389	94.337	95.883	97.014	97.984	98.76	99.48	100.08	100.65	101.16	101.65	102.1	102.53	102.92	103.3	103.736	104.148	104.56	104.972
276.7	0	88.72	92.259	94.211	95.757	96.891	97.863	98.641	99.363	99.968	100.54	101.05	101.55	101.99	102.42	102.82	103.2	103.635	104.048	104.461	104.874
276.8	0	88.589	92.129	94.083	95.63	96.768	97.74	98.522	99.245	99.852	100.43	100.94	101.44	101.88	102.32	102.71	103.1	103.535	103.95	104.365	104.78
276.9	0	88.457	91.997	93.955	95.502	96.644	97.617	98.401	99.127	99.737	100.31	100.83	101.33	101.77	102.21	102.61	103	103.438	103.856	104.274	104.692
277	0	88.324	91.864	93.826	95.373	96.518	97.493	98.28	99.008	99.62	100.2	100.72	101.22	101.67	102.1	102.5	102.89	103.327	103.744	104.161	104.578
277.1	0	88.19	91.731	93.695	95.243	96.392	97.368	98.158	98.887	99.503	100.08	100.6	101.1	101.56	102	102.4	102.79	103.236	103.658	104.08	104.502
277.2	0	88.054	91.596	93.563	95.112	96.265	97.243	98.035	98.766	99.385	99.969	100.49	100.99	101.45	101.89	102.29	102.68	103.126	103.548	103.97	104.392
277.3	0	87.918	91.46	93.431	94.979	96.137	97.116	97.911	98.644	99.266	99.852	100.37	100.88	101.34	101.78	102.18	102.58	103.024	103.448	103.872	104.296
277.4	0	87.78	91.322	93.297	94.846	96.008	96.988	97.787	98.522	99.146	99.735	100.26	100.77	101.23	101.67	102.08	102.47	102.919	103.344	103.769	104.194
277.5	0	87.641	91.184	93.162	94.712	95.877	96.859	97.661	98.398	99.025	99.617	100.14	100.65	101.11	101.56	101.97	102.37	102.822	103.252	103.682	104.112
277.6	0	87.501	91.044	93.025	94.576	95.746	96.73	97.535	98.274	98.904	99.498	100.03	100.54	101	101.45	101.86	102.26	102.712	103.142	103.572	104.002
277.7	0	87.36	90.903	92.888	94.439	95.614	96.599	97.407	98.148	98.782	99.378	99.909	100.42	100.89	101.34	101.75	102.15	102.606	103.038	103.47	103.902
277.8	0	87.217	90.761	92.749	94.301	95.48	96.467	97.279	98.022	98.658	99.257	99.791	100.31	100.77	101.23	101.64	102.04	102.497	102.93	103.363	103.796
277.9	0	87.073	90.618	92.609	94.162	95.345	96.335	97.149	97.895	98.534	99.136	99.672	100.19	100.66	101.11	101.53	101.93	102.389	102.824	103.259	103.694
278	0	86.927	90.473	92.468	94.022	95.209	96.201	97.019	97.767	98.41	99.014	99.552	100.07	100.54	101	101.42	101.82	102.284	102.722	103.16	103.598
278.1	0	86.78	90.327	92.326	93.88	95.072	96.066	96.888	97.638	98.284	98.891	99.431	99.952	100.43	100.89	101.31	101.71	102.1772	102.6168	103.0564	103.496
278.2	0	86.631	90.18	92.182	93.737	94.934	95.93	96.755	97.508	98.157	98.767	99.31	99.833	100.31	100.77	101.19	101.6	102.0648	102.5062	102.9476	103.389
278.3	0	86.481	90.031	92.037	93.592	94.795	95.793	96.622	97.377	98.029	98.642	99.188	99.713	100.19	100.66	101.08	101.49	101.9598	102.4042	102.8486	103.293
278.4	0	86.33	89.881	91.891	93.447	94.654	95.654	96.487	97.245	97.901	98.516	99.065	99.591	100.07	100.54	100.97	101.38	101.8536	102.3014	102.7492	103.197
278.5	0	86.177	89.729	91.743	93.3	94.512	95.515	96.352	97.112	97.771	98.389	98.94	99.47	99.955	100.42	100.85	101.27	101.7415	102.191	102.6405	103.09
278.6	0	86.022	89.576	91.594	93.152	94.369	95.374	96.215	96.978	97.641	98.262	98.816	99.347	99.835	100.31	100.74	101.16	101.6377	102.0908	102.5439	102.997
278.7	0	85.865	89.421	91.444	93.002	94.224	95.232	96.077	96.843	97.509	98.133	98.69	99.223	99.714	100.19	100.62	101.04	101.5194	101.9734	102.4274	102.8814
278.8	0	85.707	89.265	91.292	92.851	94.078	95.089	95.938	96.707	97.377	98.003	98.563	99.099	99.592	100.07	100.51	100.93	101.4142	101.8722	102.3302	102.7882
278.9	0	85.547	89.107	91.138	92.698	93.931	94.945	95.798	96.57	97.243	97.873	98.436	98.973	99.469	99.948	100.39	100.81	101.2965	101.756	102.2155	102.675
279	0	85.386	88.947	90.983	92.544	93.782	94.8	95.657	96.432	97.108	97.741	98.307	98.847	99.346	99.827	100.27	100.7	101.187	101.65	102.113	102.576
279.1	0	85.222	88.786	90.827	92.389	93.632	94.653	95.514	96.293	96.973	97.609	98.178	98.72	99.221	99.705	100.15	100.58	101.0699	101.5348	101.9997	102.4646
279.2	0	85.057	88.622	90.669	92.232	93.481	94.505	95.371	96.152	96.836	97.475	98.047	98.592	99.096	99.582	100.03	100.46	100.953	101.42	101.887	102.354
279.3	0	84.89	88.457	90.509	92.074	93.328	94.355	95.226	96.01	96.698	97.34	97.916	98.464	98.97	99.458	99.909	100.34	100.8355	101.3046	101.7737	102.2428
279.4	0	84.72	88.29	90.348	91.914	93.174	94.205	95.08	95.868	96.559	97.204	97.783	98.334	98.843	99.334	99.788	100.22	100.7189	101.1906	101.6623	102.134
279.5	0	84.549	88.121	90.185	91.753	93.018	94.052	94.932	95.724	96.418	97.067	97.65	98.203	98.715	99.209	99.665	100.1	100.6016	101.076	101.5504	102.0248
279.6	0	84.376	87.951	90.02	91.59	92.861	93.899	94.784	95.578	96.277	96.929	97.515	98.072	98.586	99.082	99.542	99.984	100.4872	100.9652	101.4432	101.9212
279.7	0	84.201	87.778	89.853	91.425	92.703	93.744	94.633	95.432	96.134	96.789	97.38	97.939	98.457	98.955	99.417	99.862	100.3678	100.8484	101.329	101.8096
279.8	0	84.023	87.603	89.684	91.259	92.542	93.587	94.482	95.284	95.991	96.649	97.243	97.806	98.326	98.828	99.292	99.74	100.2486	100.732	101.2154	101.6988
279.9	0	83.843	87.426	89.514	91.091	92.381	93.429	94.329	95.135	95.846	96.507	97.105	97.671	98.195	98.699	99.166	99.617	100.1285	100.6148	101.1011	101.5874
280	0	83.662	87.246	89.341	90.921	92.217	93.27	94.175	94.984	95.7	96.364	96.966	97.536	98.062	98.569	99.039	99.492	100.0063	100.4952	100.9841	101.473
280.1	0	83.478	87.065	89.167	90.75	92.052	93.109	94.019	94.833	95.552	96.22	96.826	97.399	97.929	98.439	98.912	99.367	99.8849	100.3768	100.8687	101.3606
280.2	0	83.291	86.881	88.99	90.577	91.885	92.946	93.862	94.679	95.403	96.075	96.685	97.261	97.795	98.307	98.783	99.241	99.7618	100.2566	100.7514	101.2462
280.3	0	83.103	86.695	88.811	90.401	91.717	92.781	93.703	94.525	95.253	95.928	96.542	97.123	97.659	98.175	98.653	99.114	99.6376	100.1352	100.6328	101.1304
280.4	0	82.912	86.507	88.63	90.224	91.546	92.615	93.542	94.369	95.102	95.781	96.399	96.983	97.523	98.041	98.523	98.987	99.5138	100.0146	100.5154	101.0162
280.5	0	82.718	86.316	88.447	90.045	91.374	92.448	93.38	94.211	94.949	95.632	96.254	96.842	97.386	97.907	98.392	98.858	99.3884	99.8922	100.396	100.8998
280.6	0	82.521	86.123	88.262	89.863	91.2	92.278	93.217	94.052	94.795	95.482	96.108	96.7	97.247	97.771	98.259	98.728	99.2614	99.7682	100.275	100.7818
280.7	0	82.322	85.926	88.074	89.68	91.024	92.107	93.051	93.891	94.64	95.33	95.961	96.556	97.107	97.635	98.126	98.598	99.1353	99.6456	100.1559	100.6662
280.8	0	82.12	85.728	87.884	89.494	90.846	91.934	92.884	93.729	94.483	95.178	95.812	96.412	96.967	97.497	97.992	98.467	99.0075	99.521	100.0345	100.548
280.9	0	81.915	85.526	87.691	89.306	90.666	91.758	92.716	93.565	94.325	95.024	95.662	96.266	96.825	97.359	97.856	98.334	98.8781	99.3948	99.9115	100.4282
281	0	81.707	85.322	87.496	89.116	90.484	91.581	92.545	93.399	94.165	94.868	95.511	96.119	96.682	97.219	97.72	98.201	98.7488	99.269	99.7892	100.3094
281.1	0	81.495	85.115	87.298	88.923	90.3	91.402	92.372	93.232	94.003	94.712	95.359	95.971	96.537	97.078	97.583	98.067	98.6186	99.1424	99.6662	100.19
281.2	0	81.28	84.904	87.098	88.728	90.114	91.221	92.198	93.063	93.84	94.553	95.206	95.821	96.392	96.936	97.445	97.932	98.4877	99.0152	99.5427	100.0702
281.3	0	81.061	84.691	86.895	88.53	89.925	91.038	92.022	92.892	93.676	94.394	95.051	95.67	96.245	96.793	97.305	97.795	98.3546	98.8856	99.4166	99.9476
281.4	0	80.837	84.474	86.689	88.33	89.734	90.853	91.844	92.72	93.509	94.233	94.894	95.518	96.097	96.649	97.165	97.658	98.2218	98.7566	99.2914	99.8262
281.5	0	80.609	84.254	86.48	88.126	89.54	90.666	91.664	92.545	93.341	94.07	94.737	95.364	95.948	96.504	97.023	97.52	98.0879	98.6266	99.1653	99.704
281.6	0	80.377	84.029	86.268	87.921	89.344	90.476	91.481	92.369	93.171	93.906	94.577	95.209	95.797	96.357	96.88	97.381	97.9529	98.4956	99.0383	99.581
281.7	0	80.139	83.801	86.053	87.712	89.146	90.284	91.297	92.191	93	93.74	94.417	95.052	95.645	96.209	96.736	97.24	97.8165	98.3632	98.9099	99.4566
281.8	0	79.896	83.569	85.834	87.5	88.944	90.09	91.111	92.011	92.826	93.572	94.254	94.894	95.492	96.06	96.591	97.099	97.6799	98.2308	98.7817	99.3326
281.9	0	79.647	83.332	85.612	87.285	88.74	89.893	90.922	91.828	92.651	93.403	94.091	94.735	95.337	95.91	96.445	96.956	97.5416	98.0966	98.6516	99.2066
282	0	79.391	83.091	85.385	87.067	88.533	89.694	90.731	91.644	92.473	93.232	93.925	94.574	95.181	95.758	96.297	96.813	97.4028	97.9622	98.5216	99.081
282.1	0	79.128	82.844	85.155	86.846	88.323	89.492	90.538	91.458	92.294	93.059	93.758	94.412	95.024	95.605	96.149	96.668	97.2627	97.8264	98.3901	98.9538
282.2	0	78.858	82.592	84.92	86.621	88.11	89.287	90.343	91.269	92.113	92.884	93.589	94.248	94.865	95.451	95.999	96.521	97.1208	97.6888	98.2568	98.8248
282.3	0	78.579	82.334	84.681	86.392	87.894	89.08	90.145	91.079	91.93	92.707	93.419	94.082	94.705	95.295	95.847	96.374	96.9784	97.551	98.1236	98.6962
282.4	0	78.292	82.069	84.437	86.16	87.675	88.87	89.944	90.886	91.745	92.529	93.247	93.915	94.543	95.138	95.695	96.225	96.8348	97.412	97.9892	98.5664
282.5	0	77.994	81.797	84.187	85.923	87.452	88.657	89.741	90.691	91.557	92.348	93.072	93.746	94.379	94.98	95.541	96.075	96.6902	97.2722	97.8542	98.4362
282.6	0	77.686	81.518	83.932	85.682	87.226	88.441	89.535	90.493	91.368	92.165	92.896	93.576	94.214	94.82	95.385	95.924	96.5439	97.1306	97.7173	98.304
282.7	0	77.34	81.23	83.67	85.436	86.996	88.222	89.327	90.293	91.176	91.981	92.718	93.403	94.047	94.658	95.229	95.772	96.3978	96.9898	97.5818	98.1738
282.8	0	76.964	80.933	83.402	85.186	86.762	87.999	89.116	90.091	90.982	91.794	92.539	93.229	93.879	94.495	95.07	95.618	96.2489	96.8458	97.4427	98.0396
282.9	0	76.572	80.626	83.127	84.93	86.524	87.773	88.901	89.885	90.786	91.605	92.357	93.054	93.709	94.331	94.911	95.462	96.0988	96.7006	97.3024	97.9042
283	0	76.165	80.308	82.843	84.668	86.282	87.543	88.684	89.677	90.587	91.414	92.173	92.876	93.537	94.164	94.749	95.305	95.9472	96.5542	97.1612	97.7682
283.1	0	75.739	79.979	82.552	84.399	86.035	87.31	88.463	89.467	90.386	91.22	91.987	92.696	93.364	93.996	94.587	95.147	95.7955	96.408	97.0205	97.633
283.2	0	75.294	79.636	82.252	84.124	85.783	87.072	88.239	89.253	90.182	91.024	91.799	92.515	93.188	93.827	94.422	94.987	95.6412	96.259	96.8768	97.4946
283.3	0	74.828	79.28	81.941	83.842	85.525	86.83	88.011	89.036	89.975	90.826	91.609	92.331	93.011	93.655	94.256	94.826	95.4863	96.1098	96.7333	97.3568
283.4	0	74.339	78.908	81.62	83.552	85.261	86.584	87.78	88.816	89.766	90.626	91.416	92.146	92.832	93.482	94.089	94.663	95.3297	95.9588	96.5879	97.217
283.5	0	73.825	78.52	81.287	83.253	84.991	86.332	87.545	88.593	89.554	90.422	91.222	91.958	92.651	93.307	93.919	94.499	95.1718	95.8068	96.4418	97.0768
283.6	0	73.284	78.114	80.942	82.945	84.714	86.076	87.305	88.366	89.339	90.216	91.024	91.768	92.468	93.131	93.748	94.332	95.0118	95.6526	96.2934	96.9342
283.7	0	72.716	77.689	80.583	82.627	84.43	85.813	87.061	88.136	89.12	90.008	90.825	91.576	92.283	92.952	93.575	94.165	94.8512	95.4982	96.1452	96.7922
283.8	0	72.117	77.227	80.209	82.298	84.138	85.545	86.813	87.902	88.899	89.796	90.623	91.381	92.096	92.771	93.401	93.995	94.6887	95.342	95.9953	96.6486
283.9	0	71.486	76.734	79.819	81.957	83.837	85.27	86.559	87.664	88.674	89.582	90.418	91.185	91.906	92.588	93.224	93.824	94.5242	95.1838	95.8434	96.503
284	0	70.821	76.216	79.412	81.604	83.527	84.988	86.3	87.421	88.445	89.364	90.21	90.985	91.715	92.403	93.046	93.651	94.3589	95.0252	95.6915	96.3578
284.1	0	70.12	75.671	78.987	81.237	83.206	84.699	86.035	87.174	88.213	89.143	90	90.783	91.521	92.216	92.865	93.476	94.1912	94.8642	95.5372	96.2102
284.2	0	69.382	75.096	78.541	80.855	82.875	84.402	85.764	86.922	87.977	88.919	89.786	90.579	91.324	92.027	92.683	93.299	94.0221	94.702	95.3819	96.0618
284.3	0	68.604	74.49	78.074	80.457	82.532	84.096	85.487	86.665	87.737	88.692	89.57	90.372	91.125	91.836	92.498	93.121	93.8517	94.5388	95.2259	95.913
284.4	0	67.786	73.851	77.584	80.042	82.176	83.781	85.202	86.403	87.492	88.46	89.351	90.162	90.924	91.642	92.312	92.94	93.6792	94.3736	95.068	95.7624
284.5	0	66.926	73.177	77.05	79.608	81.807	83.455	84.91	86.134	87.243	88.225	89.128	89.949	90.72	91.446	92.123	92.758	93.5055	94.2076	94.9097	95.6118
284.6	0	66.023	72.467	76.487	79.155	81.423	83.119	84.61	85.86	86.989	87.986	88.902	89.733	90.514	91.247	91.932	92.573	93.3292	94.039	94.7488	95.4586
284.7	0	65.075	71.718	75.894	78.68	81.024	82.771	84.302	85.579	86.73	87.743	88.672	89.514	90.304	91.046	91.738	92.387	93.1518	93.8698	94.5878	95.3058
284.8	0	64.084	70.93	75.269	78.183	80.607	82.411	83.984	85.29	86.465	87.495	88.439	89.292	90.092	90.842	91.543	92.198	92.9723	93.6986	94.4249	95.1512
284.9	0	63.047	70.1	74.61	77.662	80.173	82.037	83.656	84.994	86.194	87.243	88.202	89.067	89.877	90.636	91.345	92.007	92.7908	93.5256	94.2604	94.9952
285	0	61.965	69.229	73.917	77.109	79.719	81.649	83.318	84.69	85.917	86.985	87.96	88.838	89.659	90.427	91.144	91.814	92.6075	93.3512	94.0949	94.8386
285.1	0	60.838	68.315	73.186	76.526	79.244	81.245	82.968	84.377	85.633	86.722	87.715	88.606	89.438	90.215	90.941	91.618	92.4217	93.1744	93.9271	94.6798
285.2	0	59.667	67.357	72.418	75.913	78.747	80.824	82.606	84.055	85.342	86.454	87.465	88.37	89.214	90.001	90.735	91.42	92.2343	92.9964	93.7585	94.5206
285.3	0	58.453	66.355	71.61	75.268	78.227	80.385	82.23	83.722	85.043	86.179	87.209	88.13	88.986	89.783	90.527	91.22	92.0455	92.8176	93.5897	94.3618
285.4	0	57.196	65.308	70.761	74.59	77.682	79.927	81.84	83.379	84.735	85.898	86.949	87.885	88.755	89.562	90.316	91.017	91.8545	92.637	93.4195	94.202
285.5	0	55.899	64.217	69.87	73.878	77.099	79.448	81.434	83.024	84.419	85.61	86.683	87.636	88.52	89.338	90.102	90.812	91.6618	92.4552	93.2486	94.042
285.6	0	54.564	63.083	68.938	73.129	76.482	78.947	81.012	82.656	84.094	85.314	86.411	87.383	88.281	89.111	89.885	90.605	91.4674	92.2722	93.077	93.8818
285.7	0	53.192	61.906	67.962	72.343	75.835	78.423	80.572	82.275	83.758	85.011	86.134	87.124	88.038	88.88	89.666	90.394	91.2708	92.0876	92.9044	93.7212
285.8	0	51.787	60.687	66.944	71.518	75.157	77.874	80.113	81.879	83.411	84.699	85.849	86.861	87.791	88.646	89.443	90.181	91.072	91.9012	92.7304	93.5596
285.9	0	50.093	59.428	65.884	70.654	74.445	77.296	79.633	81.467	83.052	84.378	85.557	86.591	87.539	88.408	89.217	89.965	90.8718	91.7144	92.557	93.3996
286	0	48.385	58.132	64.782	69.751	73.698	76.686	79.132	81.039	82.68	84.047	85.258	86.316	87.282	88.165	88.987	89.747	90.6695	91.5262	92.3829	93.2396
286.1	0	46.683	56.801	63.638	68.807	72.916	76.046	78.609	80.593	82.295	83.707	84.951	86.034	87.021	87.919	88.754	89.525	90.4651	91.3366	92.2081	93.0796
286.2	0	44.992	55.437	62.455	67.823	72.098	75.375	78.061	80.128	81.895	83.355	84.636	85.745	86.754	87.669	88.517	89.3	90.2589	91.1462	92.0335	92.9208
286.3	0	43.317	54.045	61.234	66.798	71.243	74.673	77.486	79.644	81.48	82.991	84.311	85.45	86.481	87.414	88.277	89.072	90.0508	90.9548	91.8588	92.7628
286.4	0	41.663	52.627	59.977	65.734	70.35	73.938	76.874	79.138	81.048	82.615	83.977	85.146	86.202	87.154	88.032	88.841	89.841	90.763	91.685	92.607
286.5	0	40.033	51.156	58.687	64.632	69.42	73.17	76.232	78.61	80.599	82.225	83.632	84.835	85.917	86.889	87.783	88.605	89.6276	90.5682	91.5088	92.4494
286.6	0	38.432	49.617	57.366	63.492	68.452	72.367	75.561	78.058	80.132	81.82	83.277	84.515	85.625	86.618	87.53	88.366	89.4129	90.3736	91.3343	92.295
286.7	0	36.864	48.074	56.017	62.316	67.447	71.531	74.859	77.48	79.644	81.401	82.909	84.185	85.326	86.342	87.272	88.123	89.1962	90.1784	91.1606	92.1428
286.8	0	35.332	46.529	54.644	61.107	66.405	70.659	74.125	76.87	79.136	80.964	82.529	83.846	85.019	86.059	87.009	87.876	88.9768	89.9818	90.9868	91.9918
286.9	0	33.839	44.99	53.251	59.866	65.327	69.752	73.359	76.232	78.607	80.51	82.135	83.496	84.703	85.77	86.741	87.624	88.755	89.7844	90.8138	91.8432
287	0	32.389	43.46	51.841	58.597	64.215	68.811	72.561	75.565	78.054	80.038	81.727	83.135	84.379	85.474	86.467	87.368	88.5308	89.5862	90.6416	91.697
287.1	0	30.984	41.945	50.38	57.303	63.069	67.836	71.729	74.869	77.477	79.547	81.303	82.761	84.045	85.171	86.188	87.107	88.3049	89.3884	90.4719	91.5554
287.2	0	29.626	40.45	48.913	55.986	61.892	66.827	70.864	74.143	76.865	79.035	80.864	82.375	83.701	84.859	85.902	86.841	88.0755	89.1888	90.3021	91.4154
287.3	0	28.317	38.98	47.447	54.65	60.687	65.786	69.966	73.385	76.226	78.502	80.406	81.975	83.347	84.539	85.609	86.569	87.8428	88.9878	90.1328	91.2778
287.4	0	27.058	37.539	45.988	53.3	59.454	64.713	69.034	72.597	75.56	77.946	79.931	81.561	82.981	84.21	85.309	86.291	87.6068	88.7856	89.9644	91.1432
287.5	0	25.85	36.131	44.54	51.939	58.198	63.611	68.071	71.778	74.865	77.364	79.437	81.131	82.603	83.871	85.002	86.007	87.3681	88.5832	89.7983	91.0134
287.6	0	24.432	34.76	43.109	50.542	56.92	62.481	67.076	70.927	74.141	76.753	78.922	80.684	82.211	83.522	84.686	85.717	87.1263	88.3804	89.6345	90.8886
287.7	0	23.118	33.43	41.699	49.14	55.626	61.325	66.052	70.045	73.388	76.117	78.387	80.221	81.806	83.162	84.362	85.42	86.8804	88.1758	89.4712	90.7666
287.8	0	21.902	32.142	40.313	47.743	54.317	60.145	64.998	69.132	72.605	75.453	77.83	79.74	81.387	82.791	84.028	85.115	86.6295	87.9686	89.3077	90.6468
287.9	0	20.775	30.9	38.957	46.357	52.999	58.944	63.917	68.189	71.793	74.763	77.245	79.239	80.952	82.407	83.685	84.803	86.3755	87.7616	89.1477	90.5338
288	0	19.731	29.705	37.632	44.986	51.673	57.725	62.81	67.218	70.951	74.044	76.633	78.719	80.501	82.01	83.331	84.482	86.1154	87.551	88.9866	90.4222
288.1	0	18.763	28.559	36.344	43.633	50.335	56.49	61.68	66.218	70.079	73.298	75.995	78.179	80.034	81.599	82.966	84.152	85.8494	87.3372	88.825	90.3128
288.2	0	17.867	27.461	35.093	42.302	49.003	55.242	60.528	65.192	69.179	72.525	75.332	77.617	79.548	81.173	82.589	83.813	85.5779	87.1212	88.6645	90.2078
288.3	0	17.036	26.414	33.883	40.997	47.681	53.986	59.359	64.141	68.251	71.723	74.642	77.027	79.044	80.733	82.2	83.463	85.3018	86.9046	88.5074	90.1102
288.4	0	16.265	25.407	32.716	39.722	46.372	52.725	58.173	63.067	67.296	70.893	73.927	76.414	78.521	80.276	81.798	83.103	85.0189	86.6844	88.3499	90.0154
288.5	0	15.551	24.44	31.592	38.479	45.08	51.455	56.974	61.973	66.315	70.037	73.185	75.776	77.978	79.803	81.382	82.732	84.729	86.4606	88.1922	89.9238
288.6	0	14.889	23.527	30.514	37.272	43.81	50.165	55.765	60.86	65.309	69.154	72.417	75.115	77.412	79.312	80.952	82.349	84.4304	86.2312	88.032	89.8328
288.7	0	14.276	22.665	29.481	36.101	42.563	48.884	54.55	59.73	64.281	68.245	71.622	74.428	76.819	78.803	80.506	81.954	84.1237	85.9976	87.8715	89.7454
288.8	0	13.707	21.851	28.494	34.97	41.343	47.617	53.33	58.588	63.232	67.311	70.802	73.717	76.204	78.274	80.045	81.545	83.8061	85.7558	87.7055	89.6552
288.9	0	13.18	21.086	27.552	33.879	40.153	46.366	52.11	57.434	62.164	66.353	69.957	72.98	75.565	77.727	79.567	81.122	83.478	85.5066	87.5352	89.5638
289	0	12.691	20.366	26.655	32.83	38.995	45.135	50.889	56.272	61.079	65.374	69.087	72.22	74.903	77.155	79.072	80.685	83.1367	85.2466	87.3565	89.4664
289.1	0	12.238	19.69	25.803	31.823	37.87	43.927	49.674	55.106	59.98	64.374	68.193	71.434	74.218	76.56	78.559	80.233	82.7825	84.9764	87.1703	89.3642
289.2	0	11.818	19.055	24.993	30.858	36.781	42.745	48.471	53.937	58.87	63.355	67.276	70.625	73.508	75.943	78.028	79.764	82.413	84.6928	86.9726	89.2524
289.3	0	11.429	18.459	24.227	29.935	35.729	41.59	47.284	52.769	57.75	62.319	66.338	69.792	72.775	75.304	77.477	79.28	82.029	84.3968	86.7646	89.1324
289.4	0	11.068	17.901	23.503	29.054	34.714	40.466	46.115	51.603	56.624	61.269	65.379	68.936	72.018	74.643	76.9	78.779	81.6256	84.0824	86.5392	88.996
289.5	0	10.732	17.379	22.82	28.214	33.737	39.373	44.967	50.431	55.493	60.206	64.402	68.059	71.237	73.959	76.302	78.26	81.2035	83.7502	86.2969	88.8436
289.6	0	10.421	16.889	22.175	27.416	32.8	38.314	43.843	49.272	54.362	59.133	63.407	67.161	70.434	73.253	75.683	77.723	80.7627	83.4	86.0373	88.6746
289.7	0	10.132	16.431	21.566	26.657	31.901	37.288	42.744	48.128	53.233	58.052	62.398	66.243	69.608	72.524	75.043	77.163	80.2987	83.0262	85.7537	88.4812
289.8	0	9.8639	16.002	20.993	25.937	31.041	36.299	41.672	47.001	52.108	56.966	61.375	65.308	68.761	71.772	74.381	76.583	79.812	82.629	85.446	88.263
289.9	0	9.6142	15.6	20.454	25.258	30.22	35.345	40.63	45.894	50.988	55.878	60.341	64.356	67.894	70.999	73.698	75.983	79.3034	82.2092	85.115	88.0208
290	0	9.3816	15.224	19.946	24.615	29.436	34.428	39.618	44.81	49.879	54.79	59.298	63.389	67.007	70.205	72.993	75.363	77.415	79.994	82.394	84.794
290.1	0	9.1649	14.872	19.468	24.006	28.69	33.547	38.637	43.75	48.784	53.705	58.249	62.408	66.103	69.39	72.267	74.722	76.849	79.515	81.9982	84.4814
290.2	0	8.9627	14.542	19.019	23.431	27.98	32.703	37.688	42.716	47.706	52.625	57.195	61.417	65.182	68.555	71.52	74.061	76.265	79.018	81.5851	84.1522
290.3	0	8.7737	14.232	18.596	22.887	27.305	31.895	36.772	41.709	46.647	51.551	56.14	60.416	64.247	67.702	70.753	73.38	75.662	78.501	81.1517	83.8024
290.4	0	8.5968	13.941	18.197	22.373	26.664	31.124	35.89	40.73	45.609	50.48	55.085	59.409	63.298	66.832	69.966	72.679	75.04	77.9635	80.6972	83.4309
290.5	0	8.4309	13.668	17.822	21.886	26.055	30.387	35.041	39.781	44.594	49.422	54.034	58.396	62.338	65.945	69.16	71.959	74.398	77.405	80.2208	83.0366
290.6	0	8.2751	13.412	17.469	21.427	25.479	29.685	34.226	38.863	43.604	48.381	52.988	57.38	61.369	65.044	68.337	71.219	73.737	76.8245	79.7206	82.6167
290.7	0	8.1286	13.17	17.135	20.993	24.934	29.016	33.444	37.975	42.639	47.358	51.95	56.363	60.393	64.131	67.497	70.46	73.058	76.2225	79.1969	82.1713
290.8	0	7.9904	12.942	16.82	20.582	24.416	28.38	32.696	37.119	41.7	46.356	50.92	55.348	59.412	63.206	66.641	69.684	72.359	75.598	78.6482	81.6984
290.9	0	7.8599	12.727	16.523	20.193	23.926	27.774	31.98	36.294	40.79	45.374	49.904	54.336	58.427	62.272	65.772	68.891	71.643	74.9525	78.0757	81.1989
291	0	7.7365	12.523	16.242	19.825	23.461	27.199	31.296	35.501	39.907	44.416	48.904	53.33	57.442	61.331	64.889	68.082	70.909	74.2845	77.4772	80.6699
291.1	0	7.6194	12.33	15.975	19.477	23.021	26.652	30.643	34.739	39.054	43.482	47.921	52.332	56.457	60.384	63.995	67.258	70.157	73.594	76.8522	80.1104
291.2	0	7.5082	12.147	15.723	19.147	22.603	26.133	30.02	34.008	38.229	42.573	46.958	51.342	55.475	59.434	63.092	66.42	69.39	72.883	76.2026	79.5222
291.3	0	7.4024	11.973	15.484	18.833	22.206	25.642	29.426	33.308	37.434	41.69	46.015	50.359	54.497	58.482	62.181	65.569	68.607	72.1505	75.5268	78.9031
291.4	0	7.3015	11.808	15.256	18.536	21.83	25.178	28.86	32.637	36.669	40.834	45.094	49.392	53.526	57.531	61.264	64.708	67.81	71.3985	74.8266	78.2547
291.5	0	7.2051	11.65	15.04	18.253	21.472	24.738	28.321	31.996	35.932	40.005	44.196	48.443	52.564	56.581	60.342	63.837	66.999	70.627	74.1019	77.5768
291.6	0	7.1128	11.499	14.834	17.984	21.132	24.318	27.807	31.382	35.224	39.204	43.322	47.512	51.612	55.636	59.418	62.958	66.176	69.837	73.353	76.869
291.7	0	7.0244	11.355	14.637	17.727	20.808	23.919	27.318	30.796	34.544	38.43	42.473	46.601	50.672	54.696	58.492	62.072	65.342	69.03	72.5818	76.1336
291.8	0	6.9395	11.217	14.449	17.483	20.5	23.539	26.852	30.236	33.893	37.684	41.648	45.711	49.747	53.763	57.568	61.181	64.498	68.207	71.7888	75.3706
291.9	0	6.858	11.084	14.27	17.249	20.206	23.177	26.408	29.702	33.268	36.966	40.85	44.844	48.838	52.84	56.646	60.287	63.646	67.3695	70.9754	74.5813
292	0	6.7795	10.957	14.097	17.026	19.926	22.832	25.984	29.192	32.669	36.275	40.077	43.999	47.947	51.927	55.729	59.391	62.787	66.519	70.1432	73.7674
292.1	0	6.7038	10.834	13.932	16.812	19.658	22.503	25.58	28.705	32.096	35.611	39.33	43.178	47.074	51.022	54.818	58.495	61.922	65.6585	69.2962	72.9339
292.2	0	6.6308	10.715	13.773	16.607	19.401	22.188	25.194	28.24	31.547	34.973	38.61	42.381	46.221	50.13	53.914	57.601	61.053	64.7885	68.4341	72.0797
292.3	0	6.5603	10.601	13.619	16.41	19.156	21.888	24.826	27.796	31.022	34.361	37.915	41.608	45.389	49.253	53.02	56.709	60.182	63.91	67.5576	71.2052
292.4	0	6.492	10.49	13.472	16.221	18.92	21.6	24.474	27.371	30.52	33.774	37.246	40.86	44.579	48.394	52.136	55.823	59.31	63.0245	66.668	70.3115
292.5	0	6.4259	10.383	13.329	16.039	18.694	21.324	24.137	26.966	30.039	33.211	36.602	40.137	43.791	47.552	51.264	54.943	58.439	62.1345	65.7685	69.4025
292.6	0	6.3618	10.28	13.191	15.864	18.477	21.06	23.814	26.578	29.579	32.671	35.983	39.438	43.025	46.729	50.406	54.072	57.569	61.2405	64.8591	68.4777
292.7	0	6.2995	10.179	13.057	15.694	18.268	20.807	23.505	26.207	29.139	32.154	35.387	38.764	42.282	45.925	49.563	53.209	56.704	60.346	63.9443	67.5426
292.8	0	6.2389	10.081	12.928	15.53	18.066	20.563	23.208	25.852	28.718	31.659	34.816	38.114	41.562	45.142	48.737	52.357	55.844	59.4515	63.0241	66.5967
292.9	0	6.1799	9.9856	12.802	15.372	17.872	20.329	22.924	25.514	28.314	31.184	34.266	37.487	40.865	44.38	47.928	51.517	54.991	58.5595	62.1017	65.6439
293	0	6.1225	9.893	12.68	15.219	17.684	20.103	22.651	25.19	27.927	30.729	33.739	36.884	40.19	43.638	47.137	50.687	54.145	57.6695	61.1766	64.6837
293.1	0	6.0665	9.8027	12.561	15.07	17.503	19.885	22.388	24.879	27.556	30.292	33.233	36.303	39.539	42.918	46.364	49.873	53.31	56.7875	60.256	63.7245
293.2	0	6.0119	9.7148	12.445	14.925	17.327	19.675	22.135	24.58	27.2	29.874	32.747	35.744	38.91	42.22	45.611	49.074	52.485	55.912	59.3378	62.7636
293.3	0	5.9586	9.629	12.333	14.785	17.157	19.472	21.891	24.292	26.858	29.473	32.281	35.206	38.303	41.544	44.878	48.293	51.673	55.0475	58.4277	61.8079
293.4	0	5.9065	9.5453	12.223	14.648	16.992	19.275	21.656	24.015	26.53	29.088	31.833	34.689	37.718	40.889	44.164	47.528	50.874	54.1935	57.5254	60.8573
293.5	0	5.8557	9.4635	12.116	14.516	16.831	19.085	21.429	23.749	26.214	28.718	31.403	34.192	37.154	40.255	43.471	46.782	50.09	53.3535	56.6351	59.9167
293.6	0	5.806	9.3836	12.011	14.386	16.675	18.901	21.209	23.491	25.91	28.362	30.99	33.715	36.611	39.643	42.798	46.054	49.322	52.5275	55.7568	58.9861
293.7	0	5.7574	9.3056	11.909	14.26	16.524	18.722	20.997	23.243	25.618	28.021	30.594	33.255	36.088	39.052	42.146	45.346	48.57	51.717	54.8924	58.0678
293.8	0	5.7099	9.2292	11.81	14.137	16.376	18.548	20.791	23.003	25.336	27.692	30.213	32.813	35.584	38.481	41.514	44.656	47.835	51.069	54.2295	57.4139
293.9	0	5.6634	9.1546	11.712	14.017	16.232	18.379	20.591	22.771	25.063	27.376	29.846	32.389	35.099	37.931	40.902	43.986	47.118	50.312	53.42	56.5562
294	0	5.618	9.0815	11.617	13.899	16.092	18.215	20.398	22.547	24.8	27.071	29.493	31.98	34.631	37.4	40.31	43.336	46.419	49.57	52.6245	55.7108
294.1	0	5.5735	9.01	11.524	13.785	15.955	18.055	20.21	22.329	24.546	26.777	29.154	31.587	34.181	36.888	39.738	42.705	45.737	48.844	51.8435	54.8785
294.2	0	5.53	8.9399	11.432	13.673	15.821	17.899	20.027	22.118	24.301	26.493	28.827	31.208	33.748	36.394	39.185	42.093	45.074	48.135	51.0795	54.0626
294.3	0	5.4874	8.8712	11.343	13.563	15.691	17.747	19.849	21.914	24.063	26.219	28.512	30.844	33.331	35.918	38.65	41.5	44.429	47.442	50.3315	53.262
294.4	0	5.4458	8.804	11.255	13.456	15.563	17.598	19.676	21.715	23.833	25.954	28.208	30.493	32.928	35.459	38.134	40.926	43.803	46.767	49.6015	52.4791
294.5	0	5.405	8.738	11.169	13.351	15.438	17.453	19.508	21.522	23.609	25.698	27.914	30.154	32.541	35.017	37.636	40.37	43.194	46.109	48.888	51.7123
294.6	0	5.3651	8.6734	11.085	13.248	15.316	17.311	19.343	21.334	23.392	25.45	27.63	29.828	32.167	34.59	37.154	39.832	42.604	45.468	48.193	50.9644
294.7	0	5.3261	8.61	11.003	13.147	15.196	17.172	19.182	21.151	23.181	25.21	27.355	29.513	31.807	34.178	36.69	39.312	42.032	44.845	47.516	50.2345
294.8	0	5.288	8.5478	10.922	13.048	15.079	17.037	19.026	20.972	22.977	24.977	27.088	29.208	31.459	33.781	36.241	38.809	41.477	44.239	46.857	49.5232
294.9	0	5.2506	8.4867	10.842	12.951	14.964	16.904	18.872	20.798	22.777	24.751	26.83	28.914	31.123	33.397	35.808	38.323	40.94	43.65	46.216	48.8303
295	0	5.2141	8.4268	10.764	12.856	14.852	16.774	18.722	20.628	22.584	24.532	26.58	28.629	30.799	33.027	35.389	37.853	40.42	43.079	45.5945	48.1582
295.1	0	5.1784	8.3679	10.688	12.762	14.741	16.646	18.576	20.463	22.395	24.318	26.337	28.353	30.485	32.67	34.985	37.399	39.916	42.524	44.9895	47.5029
295.2	0	5.1434	8.3101	10.613	12.671	14.633	16.522	18.432	20.301	22.211	24.11	26.101	28.086	30.182	32.324	34.594	36.959	39.428	41.986	44.403	46.8675
295.3	0	5.1092	8.2533	10.539	12.581	14.527	16.399	18.292	20.142	22.031	23.907	25.871	27.827	29.889	31.991	34.216	36.535	38.956	41.465	43.835	46.2518
295.4	0	5.0757	8.1976	10.466	12.492	14.422	16.279	18.154	19.987	21.856	23.71	25.648	27.575	29.605	31.668	33.851	36.124	38.499	40.96	43.284	45.6542
295.5	0	5.0429	8.1428	10.395	12.405	14.32	16.161	18.019	19.835	21.684	23.517	25.43	27.331	29.329	31.355	33.498	35.726	38.057	40.47	42.7495	45.0742
295.6	0	5.0108	8.0889	10.325	12.32	14.219	16.046	17.887	19.687	21.517	23.33	25.218	27.093	29.063	31.053	33.157	35.342	37.629	39.996	42.232	44.5124
295.7	0	4.9794	8.036	10.256	12.236	14.121	15.932	17.757	19.541	21.353	23.146	25.011	26.862	28.804	30.76	32.826	34.97	37.214	39.536	41.73	43.9674
295.8	0	4.9485	7.984	10.189	12.153	14.024	15.821	17.63	19.399	21.193	22.967	24.81	26.637	28.552	30.476	32.506	34.61	36.813	39.091	41.2445	43.4403
295.9	0	4.9183	7.9328	10.122	12.072	13.928	15.711	17.505	19.259	21.036	22.792	24.613	26.417	28.307	30.2	32.196	34.261	36.424	38.659	40.773	42.9282
296	0	4.8886	7.8825	10.057	11.992	13.834	15.604	17.382	19.121	20.882	22.62	24.421	26.203	28.069	29.933	31.895	33.923	36.047	38.24	40.316	42.4319
296.1	0	4.8594	7.833	9.9922	11.914	13.742	15.498	17.261	18.987	20.731	22.452	24.233	25.994	27.837	29.674	31.603	33.595	35.682	37.835	39.8745	41.9528
296.2	0	4.8307	7.7843	9.9288	11.836	13.651	15.394	17.143	18.854	20.583	22.288	24.049	25.791	27.611	29.421	31.32	33.278	35.328	37.442	39.446	41.4876
296.3	0	4.8026	7.7364	9.8664	11.76	13.562	15.291	17.027	18.724	20.438	22.127	23.869	25.592	27.391	29.176	31.046	32.97	34.985	37.06	39.0295	41.0352
296.4	0	4.7748	7.6893	9.805	11.686	13.474	15.191	16.912	18.597	20.296	21.969	23.694	25.398	27.176	28.937	30.779	32.671	34.652	36.69	38.6265	40.5979
296.5	0	4.7475	7.6429	9.7446	11.612	13.387	15.092	16.8	18.471	20.156	21.815	23.521	25.209	26.966	28.705	30.52	32.38	34.329	36.331	38.2355	40.1737
296.6	0	4.7206	7.5972	9.6851	11.539	13.302	14.994	16.689	18.348	20.018	21.663	23.352	25.023	26.76	28.478	30.268	32.098	34.015	35.983	37.8565	39.7627
296.7	0	4.6941	7.5523	9.6265	11.468	13.218	14.899	16.581	18.226	19.883	21.514	23.187	24.841	26.56	28.257	30.023	31.824	33.711	35.645	37.489	39.3643
296.8	0	4.6681	7.508	9.5687	11.398	13.136	14.804	16.474	18.107	19.751	21.368	23.025	24.663	26.363	28.041	29.785	31.557	33.414	35.317	37.1315	38.9768
296.9	0	4.6423	7.4644	9.5119	11.328	13.055	14.711	16.369	17.99	19.62	21.224	22.866	24.488	26.171	27.83	29.552	31.298	33.126	34.998	36.785	38.6016
297	0	4.617	7.4214	9.4558	11.26	12.975	14.62	16.265	17.874	19.492	21.083	22.709	24.317	25.983	27.624	29.326	31.045	32.846	34.688	36.448	38.2367
297.1	0	4.592	7.379	9.4006	11.193	12.896	14.53	16.163	17.761	19.365	20.944	22.556	24.149	25.799	27.422	29.104	30.799	32.573	34.387	36.1215	37.8838
297.2	0	4.5673	7.3373	9.3462	11.127	12.818	14.441	16.063	17.649	19.241	20.807	22.406	23.984	25.618	27.224	28.888	30.559	32.308	34.094	35.804	37.5407
297.3	0	4.543	7.2961	9.2925	11.061	12.741	14.353	15.964	17.539	19.119	20.673	22.258	23.823	25.44	27.031	28.677	30.326	32.049	33.809	35.495	37.2069
297.4	0	4.519	7.2555	9.2396	10.997	12.666	14.267	15.866	17.431	18.998	20.541	22.113	23.664	25.266	26.841	28.47	30.098	31.797	33.531	35.1945	36.8827
297.5	0	4.4953	7.2155	9.1875	10.934	12.592	14.182	15.77	17.324	18.88	20.411	21.97	23.508	25.095	26.656	28.268	29.875	31.551	33.261	34.9025	36.568
297.6	0	4.4719	7.176	9.1361	10.871	12.518	14.098	15.675	17.219	18.763	20.283	21.83	23.355	24.928	26.473	28.07	29.657	31.312	32.997	34.618	36.2616
297.7	0	4.4488	7.1371	9.0855	10.809	12.446	14.016	15.582	17.115	18.648	20.157	21.692	23.204	24.763	26.295	27.875	29.445	31.078	32.74	34.3415	35.9643
297.8	0	4.426	7.0987	9.0355	10.749	12.375	13.934	15.49	17.013	18.535	20.034	21.556	23.056	24.601	26.119	27.685	29.237	30.85	32.49	34.0725	35.6753
297.9	0	4.4034	7.0608	8.9863	10.689	12.304	13.854	15.399	16.912	18.424	19.911	21.422	22.91	24.442	25.947	27.498	29.033	30.627	32.245	33.8095	35.393
298	0	4.381	7.0234	8.9377	10.629	12.235	13.775	15.309	16.813	18.314	19.791	21.291	22.767	24.286	25.778	27.315	28.834	30.409	32.007	33.554	35.1191
298.1	0	4.3589	6.9865	8.8897	10.571	12.167	13.697	15.221	16.715	18.206	19.673	21.161	22.626	24.132	25.612	27.135	28.639	30.196	31.774	33.3045	34.8519
298.2	0	4.337	6.95	8.8424	10.513	12.099	13.62	15.133	16.618	18.099	19.556	21.033	22.487	23.981	25.448	26.959	28.448	29.988	31.546	33.0605	34.5906
298.3	0	4.3154	6.9141	8.7957	10.456	12.032	13.544	15.047	16.523	17.994	19.441	20.908	22.351	23.832	25.288	26.785	28.26	29.784	31.323	32.8225	34.3363
298.4	0	4.294	6.8786	8.7496	10.4	11.967	13.469	14.963	16.429	17.891	19.328	20.784	22.216	23.685	25.13	26.614	28.076	29.584	31.105	32.59	34.0881
298.5	0	4.2729	6.8435	8.7041	10.345	11.901	13.395	14.879	16.336	17.789	19.216	20.662	22.084	23.541	24.974	26.447	27.895	29.388	30.892	32.3625	33.8453
298.6	0	4.2519	6.8089	8.6592	10.29	11.837	13.322	14.796	16.245	17.688	19.106	20.541	21.953	23.399	24.821	26.281	27.717	29.196	30.683	32.1405	33.609
298.7	0	4.2312	6.7747	8.6148	10.236	11.774	13.249	14.714	16.154	17.588	18.998	20.423	21.825	23.259	24.67	26.119	27.542	29.008	30.479	31.9235	33.3781
298.8	0	4.2108	6.741	8.571	10.182	11.711	13.178	14.634	16.065	17.49	18.891	20.306	21.698	23.121	24.522	25.959	27.371	28.824	30.278	31.7105	33.1515
298.9	0	4.1905	6.7076	8.5276	10.129	11.649	13.108	14.554	15.977	17.393	18.785	20.19	21.573	22.985	24.376	25.802	27.202	28.642	30.082	31.502	32.93
299	0	4.1705	6.6747	8.4848	10.077	11.588	13.038	14.476	15.89	17.297	18.681	20.076	21.45	22.851	24.232	25.647	27.036	28.464	29.889	31.2975	32.7129
299.1	0	4.1508	6.6421	8.4425	10.025	11.528	12.969	14.398	15.804	17.203	18.578	19.964	21.328	22.72	24.09	25.494	26.872	28.289	29.7	31.0975	32.501
299.2	0	4.1312	6.6099	8.4007	9.9745	11.468	12.902	14.322	15.719	17.11	18.476	19.853	21.208	22.59	23.95	25.344	26.711	28.116	29.514	30.9	32.2915
299.3	0	4.112	6.5781	8.3593	9.924	11.409	12.834	14.246	15.635	17.017	18.375	19.743	21.09	22.462	23.812	25.195	26.552	27.947	29.332	30.708	32.0886
299.4	0	4.0929	6.5466	8.3184	9.8742	11.35	12.768	14.171	15.552	16.926	18.276	19.635	20.973	22.335	23.677	25.049	26.396	27.78	29.153	30.5185	31.8881
299.5	0	4.0741	6.5155	8.2779	9.8249	11.292	12.702	14.097	15.47	16.836	18.178	19.529	20.858	22.211	23.543	24.905	26.242	27.615	28.976	30.331	31.6896
299.6	0	4.0556	6.4848	8.2379	9.7762	11.235	12.638	14.024	15.389	16.747	18.081	19.423	20.744	22.088	23.411	24.763	26.091	27.453	28.803	30.148	31.4962
299.7	0	4.0372	6.4543	8.1983	9.728	11.179	12.573	13.952	15.309	16.659	17.985	19.319	20.632	21.967	23.28	24.623	25.941	27.294	28.633	29.9685	31.3068
299.8	0	4.0192	6.4242	8.1591	9.6803	11.123	12.51	13.881	15.23	16.572	17.891	19.216	20.521	21.847	23.152	24.484	25.793	27.137	28.465	29.7915	31.1202
299.9	0	4.0013	6.3944	8.1203	9.6331	11.068	12.447	13.81	15.152	16.486	17.797	19.114	20.412	21.729	23.025	24.348	25.648	26.982	28.299	29.616	30.9347
300	0	3.9837	6.365	8.0819	9.5864	11.013	12.385	13.74	15.075	16.4	17.704	19.014	20.303	21.612	22.9	24.213	25.505	26.829	28.136	29.444	30.7533
300.1	0	3.9662	6.3358	8.0439	9.5403	10.959	12.323	13.671	14.998	16.316	17.613	18.914	20.196	21.497	22.776	24.08	25.363	26.678	27.975	29.274	30.574
300.2	0	3.949	6.3069	8.0063	9.4946	10.905	12.263	13.603	14.923	16.233	17.522	18.816	20.09	21.383	22.654	23.949	25.223	26.529	27.817	29.107	30.398
300.3	0	3.9321	6.2783	7.9691	9.4493	10.852	12.202	13.536	14.848	16.15	17.432	18.718	19.986	21.27	22.533	23.82	25.085	26.382	27.66	28.941	30.2227
300.4	0	3.9153	6.2499	7.9323	9.4045	10.8	12.143	13.469	14.774	16.069	17.343	18.622	19.882	21.159	22.414	23.692	24.949	26.237	27.506	28.7785	30.0515
300.5	0	3.8986	6.2219	7.8958	9.3602	10.748	12.084	13.402	14.701	15.988	17.256	18.527	19.78	21.049	22.296	23.565	24.815	26.094	27.354	28.6185	29.8831
300.6	0	3.8822	6.1941	7.8597	9.3163	10.697	12.026	13.337	14.628	15.908	17.169	18.433	19.679	20.94	22.18	23.441	24.682	25.953	27.204	28.46	29.716
300.7	0	3.8659	6.1666	7.824	9.2729	10.646	11.968	13.272	14.556	15.829	17.083	18.339	19.579	20.832	22.065	23.317	24.551	25.813	27.055	28.303	29.5506
300.8	0	3.8498	6.1394	7.7886	9.2298	10.596	11.911	13.208	14.485	15.751	16.998	18.247	19.48	20.726	21.951	23.196	24.421	25.675	26.909	28.1485	29.3878
300.9	0	3.8339	6.1124	7.7535	9.1872	10.546	11.854	13.144	14.415	15.674	16.914	18.156	19.382	20.621	21.839	23.075	24.293	25.539	26.764	27.996	29.2273
301	0	3.818	6.0857	7.7188	9.1451	10.497	11.798	13.082	14.346	15.597	16.831	18.066	19.285	20.517	21.727	22.956	24.167	25.404	26.621	27.845	29.0682
301.1	0	3.8023	6.0593	7.6845	9.1033	10.448	11.743	13.019	14.277	15.521	16.749	17.977	19.189	20.414	21.618	22.839	24.042	25.271	26.48	27.696	28.9112
301.2	0	3.7868	6.0331	7.6504	9.0619	10.4	11.688	12.958	14.209	15.447	16.667	17.889	19.094	20.312	21.509	22.723	23.918	25.14	26.341	27.5495	28.7571
301.3	0	3.7713	6.0072	7.6167	9.0209	10.352	11.633	12.897	14.141	15.373	16.587	17.802	19.001	20.212	21.402	22.608	23.796	25.01	26.204	27.405	28.6052
301.4	0	3.756	5.9816	7.5833	8.9804	10.305	11.58	12.836	14.075	15.299	16.507	17.716	18.908	20.112	21.295	22.494	23.676	24.881	26.068	27.2615	28.4542
301.5	0	3.7408	5.9562	7.5503	8.9402	10.258	11.526	12.776	14.009	15.227	16.429	17.63	18.817	20.014	21.19	22.382	23.557	24.755	25.933	27.1195	28.3046
301.6	0	3.7257	5.931	7.5175	8.9005	10.211	11.474	12.717	13.943	15.155	16.351	17.546	18.726	19.916	21.087	22.271	23.439	24.629	25.801	26.98	28.158
301.7	0	3.7107	5.9061	7.4851	8.8611	10.165	11.422	12.659	13.879	15.085	16.274	17.463	18.636	19.82	20.984	22.161	23.322	24.506	25.67	26.8425	28.0136
301.8	0	3.6958	5.8814	7.453	8.8221	10.12	11.37	12.601	13.815	15.015	16.198	17.38	18.548	19.725	20.883	22.053	23.207	24.383	25.541	26.706	27.87
301.9	0	3.6811	5.857	7.4212	8.7836	10.075	11.319	12.543	13.751	14.945	16.123	17.299	18.46	19.631	20.782	21.946	23.094	24.262	25.413	26.571	27.7279
302	0	3.6664	5.8328	7.3898	8.7454	10.03	11.268	12.486	13.689	14.877	16.048	17.218	18.373	19.538	20.683	21.84	22.981	24.143	25.287	26.4385	27.5888
302.1	0	3.6519	5.8088	7.3586	8.7077	9.9861	11.218	12.43	13.627	14.809	15.975	17.138	18.288	19.446	20.585	21.735	22.87	24.025	25.162	26.307	27.4506
302.2	0	3.6375	5.7851	7.3278	8.6703	9.9424	11.169	12.375	13.565	14.742	15.902	17.06	18.203	19.354	20.488	21.632	22.76	23.908	25.039	26.177	27.3139
302.3	0	3.6233	5.7616	7.2972	8.6333	9.8992	11.12	12.32	13.504	14.675	15.83	16.981	18.119	19.264	20.392	21.529	22.651	23.793	24.917	26.049	27.1796
302.4	0	3.6092	5.7383	7.267	8.5967	9.8564	11.071	12.265	13.444	14.609	15.758	16.904	18.036	19.175	20.297	21.428	22.544	23.679	24.797	25.9225	27.0467
302.5	0	3.5952	5.7152	7.237	8.5605	9.8141	11.023	12.211	13.385	14.544	15.688	16.828	17.953	19.086	20.203	21.328	22.438	23.566	24.678	25.811	26.931
302.6	0	3.5814	5.6924	7.2074	8.5246	9.7722	10.975	12.158	13.326	14.48	15.618	16.752	17.872	18.999	20.11	21.229	22.333	23.454	24.56	25.686	26.7995
302.7	0	3.5678	5.6697	7.178	8.489	9.7307	10.928	12.105	13.267	14.416	15.548	16.677	17.792	18.912	20.018	21.131	22.229	23.344	24.444	25.564	26.6715
302.8	0	3.5542	5.6473	7.1489	8.4539	9.6896	10.882	12.053	13.21	14.353	15.48	16.603	17.712	18.827	19.927	21.035	22.127	23.235	24.329	25.442	26.543
302.9	0	3.5409	5.6251	7.1201	8.419	9.6489	10.836	12.001	13.152	14.29	15.412	16.529	17.633	18.742	19.837	20.939	22.025	23.128	24.215	25.322	26.417
303	0	3.5277	5.6031	7.0915	8.3845	9.6086	10.79	11.95	13.096	14.228	15.345	16.456	17.555	18.658	19.748	20.844	21.925	23.021	24.103	25.204	26.293
303.1	0	3.5146	5.5813	7.0633	8.3504	9.5686	10.744	11.899	13.04	14.166	15.278	16.384	17.478	18.576	19.659	20.751	21.826	22.916	23.992	25.086	26.169
303.2	0	3.5017	5.5597	7.0353	8.3165	9.5291	10.699	11.849	12.984	14.105	15.212	16.313	17.401	18.493	19.572	20.658	21.728	22.812	23.882	24.97	26.047
303.3	0	3.4889	5.5383	7.0075	8.283	9.4899	10.655	11.799	12.929	14.045	15.146	16.242	17.325	18.412	19.485	20.566	21.63	22.709	23.773	24.855	25.9265
303.4	0	3.4762	5.517	6.9801	8.2498	9.4511	10.611	11.749	12.874	13.985	15.082	16.172	17.25	18.332	19.4	20.475	21.534	22.607	23.666	24.742	25.808
303.5	0	3.4636	5.496	6.9528	8.2168	9.4126	10.567	11.701	12.82	13.926	15.017	16.103	17.176	18.252	19.315	20.385	21.439	22.506	23.559	24.63	25.69
303.6	0	3.4512	5.4752	6.9259	8.1842	9.3745	10.524	11.652	12.767	13.867	14.954	16.034	17.102	18.174	19.231	20.296	21.345	22.406	23.454	24.519	25.5735
303.7	0	3.4389	5.4546	6.8991	8.1519	9.3367	10.481	11.604	12.714	13.809	14.891	15.966	17.029	18.096	19.148	20.207	21.252	22.307	23.35	24.409	25.458
303.8	0	3.4266	5.4342	6.8727	8.1199	9.2993	10.438	11.557	12.661	13.751	14.828	15.898	16.957	18.018	19.066	20.12	21.159	22.21	23.247	24.3	25.344
303.9	0	3.4145	5.4139	6.8464	8.0881	9.2621	10.396	11.509	12.609	13.694	14.766	15.832	16.886	17.942	18.985	20.033	21.068	22.113	23.145	24.193	25.2315
304	0	3.4025	5.3939	6.8204	8.0566	9.2253	10.354	11.463	12.558	13.637	14.705	15.765	16.815	17.866	18.904	19.947	20.977	22.017	23.044	24.086	25.1195
304.1	0	3.3905	5.374	6.7946	8.0254	9.1889	10.313	11.416	12.506	13.581	14.644	15.7	16.745	17.791	18.824	19.862	20.887	21.923	22.945	23.981	25.01
304.2	0	3.3787	5.3543	6.7691	7.9944	9.1527	10.272	11.37	12.456	13.526	14.584	15.635	16.675	17.717	18.745	19.778	20.799	21.829	22.846	23.877	24.9005
304.3	0	3.367	5.3347	6.7437	7.9637	9.1169	10.231	11.325	12.405	13.47	14.524	15.57	16.606	17.643	18.667	19.695	20.711	21.736	22.748	23.774	24.7925
304.4	0	3.3553	5.3153	6.7186	7.9333	9.0814	10.191	11.28	12.356	13.416	14.465	15.507	16.538	17.57	18.589	19.612	20.623	21.644	22.651	23.672	24.686
304.5	0	3.3438	5.2961	6.6937	7.9031	9.0462	10.151	11.235	12.306	13.361	14.406	15.443	16.47	17.498	18.512	19.531	20.537	21.553	22.556	23.571	24.5805
304.6	0	3.3323	5.2771	6.669	7.8731	9.0112	10.111	11.191	12.257	13.308	14.348	15.381	16.403	17.426	18.436	19.45	20.452	21.462	22.461	23.471	24.4755
304.7	0	3.321	5.2582	6.6445	7.8434	8.9766	10.072	11.147	12.209	13.254	14.29	15.319	16.336	17.355	18.361	19.37	20.367	21.373	22.367	23.372	24.372
304.8	0	3.3097	5.2394	6.6202	7.814	8.9423	10.033	11.103	12.16	13.202	14.233	15.257	16.271	17.285	18.286	19.29	20.283	21.285	22.274	23.274	24.2695
304.9	0	3.2985	5.2208	6.5961	7.7848	8.9083	9.9944	11.06	12.113	13.149	14.176	15.196	16.205	17.215	18.212	19.212	20.2	21.197	22.181	23.177	24.1675
305	0	3.2874	5.2024	6.5722	7.7558	8.8746	9.9561	11.017	12.065	13.098	14.12	15.136	16.141	17.146	18.139	19.134	20.118	21.11	22.09	23.081	24.067
305.1	0	3.2764	5.184	6.5485	7.7271	8.8412	9.9181	10.974	12.018	13.046	14.064	15.076	16.076	17.077	18.066	19.057	20.036	21.024	22	22.986	23.968
305.2	0	3.2654	5.1659	6.525	7.6986	8.808	9.8805	10.932	11.972	12.995	14.009	15.016	16.013	17.009	17.994	18.981	19.955	20.939	21.91	22.892	23.8695
305.3	0	3.2545	5.1479	6.5017	7.6703	8.7752	9.8431	10.89	11.926	12.945	13.955	14.958	15.95	16.942	17.922	18.905	19.875	20.854	21.821	22.799	23.772
305.4	0	3.2437	5.13	6.4786	7.6423	8.7426	9.8061	10.849	11.88	12.895	13.9	14.899	15.887	16.875	17.852	18.83	19.796	20.77	21.733	22.706	23.6745
305.5	0	3.233	5.1122	6.4556	7.6144	8.7103	9.7694	10.808	11.835	12.845	13.847	14.841	15.826	16.809	17.781	18.756	19.718	20.688	21.646	22.614	23.578
305.6	0	3.2223	5.0946	6.4328	7.5868	8.6782	9.733	10.767	11.79	12.796	13.793	14.784	15.764	16.743	17.712	18.682	19.64	20.605	21.56	22.524	23.484
305.7	0	3.2117	5.0771	6.4102	7.5595	8.6465	9.6969	10.727	11.745	12.747	13.741	14.727	15.703	16.678	17.643	18.609	19.563	20.524	21.474	22.434	23.3895
305.8	0	3.2012	5.0598	6.3878	7.5323	8.615	9.6611	10.687	11.701	12.699	13.688	14.671	15.643	16.614	17.574	18.536	19.486	20.443	21.389	22.345	23.2965
305.9	0	3.1907	5.0426	6.3656	7.5053	8.5837	9.6256	10.647	11.657	12.651	13.637	14.615	15.583	16.55	17.507	18.464	19.411	20.363	21.305	22.256	23.203
306	0	3.1803	5.0255	6.3435	7.4786	8.5527	9.5903	10.607	11.614	12.604	13.585	14.56	15.524	16.486	17.439	18.393	19.336	20.284	21.222	22.169	23.112
306.1	0	3.1699	5.0085	6.3216	7.452	8.5219	9.5554	10.568	11.57	12.557	13.534	14.505	15.465	16.423	17.372	18.323	19.261	20.205	21.139	22.082	23.021
306.2	0	3.1597	4.9916	6.2998	7.4257	8.4914	9.5208	10.529	11.528	12.51	13.484	14.45	15.407	16.361	17.306	18.253	19.187	20.127	21.058	21.996	22.9315
306.3	0	3.1495	4.9749	6.2782	7.3996	8.4611	9.4865	10.491	11.485	12.464	13.433	14.396	15.349	16.299	17.241	18.183	19.114	20.05	20.977	21.911	22.8425
306.4	0	3.1393	4.9582	6.2568	7.3736	8.4311	9.4524	10.453	11.443	12.418	13.384	14.343	15.291	16.237	17.175	18.114	19.042	19.974	20.896	21.826	22.753
306.5	0	3.1293	4.9417	6.2355	7.3479	8.4013	9.4186	10.415	11.401	12.372	13.334	14.29	15.234	16.176	17.111	18.046	18.97	19.898	20.816	21.743	22.666
306.6	0	3.1193	4.9253	6.2144	7.3224	8.3718	9.3851	10.378	11.36	12.327	13.285	14.237	15.178	16.116	17.047	17.978	18.898	19.823	20.737	21.66	22.5795
306.7	0	3.1094	4.9091	6.1934	7.2971	8.3424	9.3519	10.34	11.319	12.282	13.237	14.185	15.122	16.056	16.983	17.911	18.827	19.748	20.659	21.578	22.494
306.8	0	3.0997	4.8929	6.1726	7.272	8.3133	9.3189	10.303	11.278	12.237	13.189	14.133	15.066	15.997	16.92	17.844	18.757	19.674	20.581	21.496	22.408
306.9	0	3.09	4.8769	6.1519	7.2471	8.2844	9.2862	10.267	11.237	12.193	13.141	14.081	15.011	15.938	16.858	17.778	18.688	19.601	20.504	21.415	22.323
307	0	3.0804	4.861	6.1314	7.2223	8.2557	9.2537	10.231	11.197	12.149	13.093	14.03	14.957	15.879	16.796	17.713	18.619	19.528	20.428	21.335	22.2395
307.1	0	3.0709	4.8452	6.1111	7.1978	8.2272	9.2214	10.195	11.158	12.106	13.046	13.979	14.903	15.822	16.734	17.648	18.55	19.456	20.352	21.255	22.156
307.2	0	3.0615	4.8295	6.0909	7.1734	8.1989	9.1894	10.159	11.118	12.062	13	13.929	14.849	15.764	16.673	17.583	18.482	19.385	20.277	21.177	22.0745
307.3	0	3.0523	4.8139	6.0708	7.1492	8.1708	9.1576	10.124	11.079	12.02	12.953	13.879	14.796	15.707	16.613	17.519	18.415	19.314	20.203	21.098	21.992
307.4	0	3.0431	4.7985	6.0509	7.1252	8.1428	9.126	10.088	11.04	11.977	12.907	13.83	14.743	15.651	16.553	17.456	18.348	19.243	20.129	21.021	21.9115
307.5	0	3.034	4.7831	6.0311	7.1014	8.1151	9.0946	10.053	11.002	11.935	12.862	13.781	14.69	15.595	16.493	17.393	18.282	19.174	20.055	20.943	21.8295
307.6	0	3.025	4.7679	6.0115	7.0777	8.0876	9.0635	10.019	10.963	11.893	12.816	13.732	14.638	15.539	16.434	17.33	18.216	19.104	19.983	20.867	21.7505
307.7	0	3.0161	4.7528	5.992	7.0542	8.0603	9.0325	9.9843	10.926	11.852	12.771	13.683	14.586	15.484	16.376	17.268	18.151	19.036	19.91	20.791	21.6705
307.8	0	3.0073	4.7378	5.9726	7.0309	8.0332	9.0018	9.9501	10.888	11.81	12.727	13.635	14.535	15.43	16.318	17.207	18.086	18.968	19.839	20.716	21.5925
307.9	0	2.9986	4.7229	5.9534	7.0077	8.0063	8.9713	9.9162	10.851	11.769	12.682	13.588	14.484	15.375	16.26	17.146	18.022	18.9	19.768	20.641	21.514
308	0	2.99	4.7081	5.9343	6.9847	7.9795	8.941	9.8825	10.813	11.729	12.638	13.54	14.434	15.322	16.203	17.085	17.958	18.833	19.697	20.567	21.4365
308.1	0	2.9814	4.6935	5.9154	6.9619	7.953	8.911	9.849	10.777	11.688	12.595	13.493	14.384	15.268	16.147	17.025	17.895	18.766	19.627	20.494	21.36
308.2	0	2.9729	4.6789	5.8966	6.9392	7.9267	8.8812	9.8158	10.74	11.648	12.551	13.447	14.334	15.215	16.09	16.966	17.832	18.7	19.558	20.421	21.284
308.3	0	2.9644	4.6644	5.8779	6.9167	7.9005	8.8516	9.7828	10.704	11.609	12.508	13.401	14.284	15.163	16.035	16.906	17.769	18.634	19.489	20.348	21.208
308.4	0	2.9561	4.6501	5.8594	6.8944	7.8746	8.8222	9.75	10.668	11.569	12.466	13.355	14.235	15.11	15.979	16.848	17.708	18.569	19.421	20.277	21.1335
308.5	0	2.9477	4.6358	5.841	6.8722	7.8488	8.793	9.7175	10.632	11.53	12.423	13.309	14.187	15.058	15.924	16.789	17.646	18.505	19.353	20.206	21.0595
308.6	0	2.9394	4.6216	5.8228	6.8502	7.8233	8.7641	9.6852	10.596	11.491	12.381	13.264	14.138	15.007	15.87	16.731	17.585	18.441	19.286	20.135	20.9855
308.7	0	2.9311	4.6076	5.8047	6.8283	7.7979	8.7354	9.6531	10.561	11.453	12.34	13.219	14.09	14.956	15.815	16.674	17.525	18.377	19.22	20.065	20.9125
308.8	0	2.9229	4.5936	5.7867	6.8067	7.7727	8.7069	9.6212	10.526	11.415	12.298	13.175	14.043	14.905	15.762	16.617	17.465	18.314	19.153	19.996	20.84
308.9	0	2.9147	4.5797	5.7689	6.7851	7.7477	8.6786	9.5896	10.491	11.377	12.257	13.13	13.995	14.855	15.708	16.561	17.405	18.251	19.088	19.927	20.7685
309	0	2.9065	4.5659	5.7512	6.7638	7.7228	8.6505	9.5582	10.456	11.339	12.216	13.086	13.949	14.805	15.655	16.504	17.346	18.189	19.023	19.859	20.6975
309.1	0	2.8983	4.5522	5.7336	6.7426	7.6982	8.6226	9.527	10.422	11.301	12.176	13.043	13.902	14.755	15.602	16.449	17.287	18.127	18.958	19.791	20.6265
309.2	0	2.8901	4.5386	5.7161	6.7216	7.6737	8.5948	9.496	10.388	11.264	12.135	12.999	13.856	14.706	15.55	16.393	17.229	18.066	18.894	19.724	20.5565
309.3	0	2.882	4.5251	5.6988	6.7007	7.6493	8.5673	9.4652	10.354	11.227	12.095	12.956	13.81	14.657	15.498	16.338	17.171	18.005	18.83	19.657	20.4865
309.4	0	2.8739	4.5117	5.6816	6.6799	7.6252	8.5399	9.4346	10.32	11.191	12.056	12.914	13.764	14.608	15.447	16.284	17.114	17.945	18.767	19.591	20.4175
309.5	0	2.8658	4.4983	5.6644	6.6593	7.6011	8.5127	9.4042	10.287	11.154	12.016	12.871	13.718	14.56	15.395	16.229	17.057	17.885	18.704	19.526	20.3495
309.6	0	2.8578	4.485	5.6474	6.6389	7.5773	8.4857	9.3739	10.253	11.118	11.977	12.829	13.673	14.512	15.344	16.175	17	17.825	18.642	19.46	20.281
309.7	0	2.8498	4.4718	5.6305	6.6185	7.5536	8.4588	9.3438	10.22	11.082	11.938	12.787	13.628	14.464	15.294	16.122	16.943	17.766	18.58	19.396	20.2145
