0	0	0.1	0.2	0.3	0.4	0.5	0.6	0.7	0.8	0.9	1	1.1	1.2	1.3	1.4	1.5
264.1	585.5	583.14	582.37	583.49	582.57	584.25	581.78	582.96	581.28	582.15	580.55	581.53	580.08	580.212	579.91	579.608
264.2	585.04	583.27	583.31	583.34	583.16	584.18	582.86	582.66	582.32	583.08	580.68	580.99	580.4657143	579.9832143	579.5007143	579.0182143
264.3	584.69	583.53	583.79	582.64	583.66	583.33	584.02	582.18	583.49	583.17	580.88	580.82	581.69	580.7633333	580.3990476	580.0347619
264.4	584.69	583.92	583.84	582.79	583.98	583.19	584.85	582.46	583.89	582.63	581.4	581.3	582.57	581.53	581.2885714	581.0471429
264.5	584.94	584.61	583.93	583.81	583.74	583.79	584.74	583.54	583.32	582.39	582.44	581.61	582.91	581.8786667	581.6435238	581.408381
264.6	585.19	585.2	584.12	584.37	583.02	584.25	583.89	584.69	582.67	582.92	583.55	581.63	582.38	581.5693333	581.1681905	580.7670476
264.7	585.24	585.53	584.54	584.49	583.2	584.48	583.79	585.47	582.99	583.87	584.01	581.67	581.88	581.138	580.516	579.894
264.8	585.54	585.95	585.26	584.61	584.31	584.17	584.41	585.32	584.25	584.41	583.83	581.93	582.32	581.4226667	580.7786667	580.1346667
264.9	585.78	586.37	585.79	584.77	584.95	583.41	584.83	584.46	585.45	584.12	583.61	582.75	582.79	582.1673333	581.6827619	581.1981905
265	586.06	586.66	586	585.22	585.14	583.61	584.98	584.39	586.09	583.51	583.79	583.93	582.71	582.61	582.1928571	581.7757143
265.1	586.83	586.7	586.3	585.95	585.27	584.81	584.59	585.03	585.73	583.45	584.38	584.67	582.56	582.8433333	582.4261905	582.0090476
265.2	587.3	586.74	586.69	586.4	585.41	585.53	583.79	585.41	584.75	584.21	584.93	584.8	582.63	583.152	582.7797143	582.4074286
265.3	587.62	586.98	587.08	586.49	585.9	585.79	584.02	585.49	584.78	585.29	584.82	584.82	583.16	583.5266667	583.1838095	582.8409524
265.4	588.74	587.29	587.26	586.65	586.64	585.95	585.3	585.02	585.64	586.16	584.29	584.89	584.25	584.3985714	584.2285714	584.0585714
265.5	589.63	587.51	587.42	586.99	587.01	586.06	586.11	584.17	586.14	586.41	584.07	585.12	585.24	584.9257143	584.8264286	584.7271429
265.6	589.49	587.58	587.75	587.47	587	586.59	586.43	584.42	586.1	586	584.43	585.5	585.6	585.2114286	585.14	585.0685714
265.7	589.18	587.68	588.1	587.8	587.02	587.35	586.61	585.8	585.45	585.86	585.21	585.49	585.84	585.2985714	585.1853571	585.0721429
265.8	588.82	587.71	588.32	588.08	587.3	587.65	586.7	586.69	584.51	586.41	586.08	585.02	586.1	585.42	585.2925	585.165
265.9	588.31	587.91	588.38	588.5	587.85	587.52	587.28	587.08	584.84	587	586.72	584.75	586.14	585.3728571	585.1514286	584.93
266	588.22	588.48	588.38	588.89	588.32	587.42	588.04	587.28	586.47	587.24	586.88	584.9	586.2	585.3057143	584.9532143	584.6007143
266.1	588.56	588.95	588.31	589.11	588.71	587.64	588.28	587.34	587.52	587.01	586.92	585.31	586.17	585.3657143	584.9732143	584.5807143
266.2	588.92	589.45	588.45	589.17	589.23	588.26	588.04	587.96	587.85	586.32	587.33	585.98	585.75	585.4114286	585.0060714	584.6007143
266.3	589.41	590.44	588.92	589.1	589.65	588.85	587.81	588.75	587.84	586.1	587.82	586.76	585.42	585.6185714	585.2196429	584.8207143
266.4	590.79	591.32	589.35	588.95	589.88	589.36	587.97	588.91	587.82	586.99	588.18	587.37	585.52	586.0985714	585.7389286	585.3792857
266.5	592.15	591.6	589.92	589.04	589.95	589.96	588.66	588.58	588.57	588.06	588.31	587.84	585.69	586.4371429	586.0567857	585.6764286
266.6	592.15	591.69	590.97	589.42	589.82	590.42	589.37	588.21	589.46	588.58	588	588.34	586	586.6642857	586.2603571	585.8564286
266.7	591.99	591.6	591.95	589.82	589.61	590.65	589.98	588.32	589.58	588.69	587.62	588.71	586.69	586.9342857	586.5396429	586.145
266.8	592.38	591.2	592.42	590.43	589.66	590.74	590.68	589.06	589.05	588.64	587.9	589.02	587.54	587.32	586.9396429	586.5592857
266.9	592.64	590.85	592.67	591.48	589.95	590.56	591.18	589.89	588.49	589.06	588.66	589.38	588.45	588.01	587.6871429	587.3642857
267	593.13	590.8	592.67	592.5	590.32	590.27	591.42	590.61	588.62	589.94	589.22	589.44	589.31	588.6414286	588.3532143	588.065
267.1	593.74	590.95	592.25	593.15	590.97	590.28	591.52	591.4	589.56	590.42	589.49	589.25	589.75	588.8157143	588.47	588.1242857
267.2	593.6	591.39	591.74	593.57	591.98	590.5	591.28	591.94	590.57	590.3	589.5	589.2	589.89	588.8514286	588.4685714	588.0857143
267.3	593.99	592.56	591.45	593.69	593.02	590.84	590.92	592.2	591.34	589.93	589.65	589.47	590.26	589.2342857	588.9082143	588.5821429
267.4	595.71	593.75	591.42	593.28	593.82	591.52	590.9	592.3	592.12	589.9	590.38	589.86	590.66	589.8257143	589.5635714	589.3014286
267.5	597.31	593.97	591.86	592.66	594.4	592.51	591.03	592	592.65	590.58	591.08	590.22	590.78	590.3514286	590.1414286	589.9314286
267.6	598.04	594.07	593.08	592.16	594.63	593.57	591.35	591.58	592.89	591.48	591.29	590.36	590.75	590.5514286	590.3428571	590.1342857
267.7	597.78	594.55	594.3	591.99	594.28	594.51	592.07	591.52	593	592.01	591.23	590.38	590.63	590.3528571	590.0539286	589.755
267.8	596.75	594.86	594.56	592.39	593.59	595.24	593.04	591.58	592.64	592.49	591.2	590.88	590.62	590.3357143	589.975	589.6142857
267.9	595.91	595.31	594.71	593.6	592.95	595.58	594.12	591.87	592.17	593.05	591.67	591.62	590.9	590.6771429	590.2964286	589.9157143
268	595.18	595.7	595.23	594.83	592.67	595.27	595.2	592.63	592.11	593.38	592.51	592.07	591.18	590.9	590.4435714	589.9871429
268.1	593.97	595.37	595.61	595.14	593.01	594.5	596.07	593.58	592.15	593.56	592.93	592.32	591.23	590.7971429	590.2164286	589.6357143
268.2	593.41	595.42	596.07	595.36	594.15	593.73	596.51	594.68	592.44	593.47	593.03	592.47	591.48	590.7371429	590.0614286	589.3857143
268.3	593.85	596.53	596.31	595.93	595.31	593.34	596.24	595.9	593.23	593.08	593.43	592.83	592.14	591.23	590.5785714	589.9271429
268.4	594.56	597.72	595.73	596.37	595.68	593.64	595.41	596.91	594.14	592.93	593.85	593.6	592.73	592.0885714	591.5546429	591.0207143
268.5	595.77	598.54	595.59	596.83	595.99	594.71	594.5	597.45	595.24	593.12	594.03	594.05	593.18	592.8	592.3725	591.945
268.6	597.3	598.72	596.61	596.95	596.62	595.83	594.01	597.22	596.56	593.4	594.15	593.86	593.62	593.2171429	592.8492857	592.4814286
268.7	598.54	598.3	597.86	596.17	597.09	596.25	594.27	596.31	597.67	593.92	593.95	593.89	594.04	593.5428571	593.2125	592.8821429
268.8	599.8	598.05	598.83	595.85	597.55	596.64	595.27	595.26	598.29	594.74	593.69	594.3	594.72	594.0142857	593.7225	593.4307143
268.9	601.24	597.86	599.22	596.74	597.59	597.32	596.35	594.68	598.07	595.75	593.94	594.52	595.29	594.4242857	594.1517857	593.8792857
269	601.94	597.18	599.03	597.96	596.69	597.82	596.82	594.89	597.08	596.95	594.36	594.7	595.01	594.4685714	594.1639286	593.8592857
269.1	601.76	596.82	599	599.04	596.22	598.28	597.28	595.84	595.94	598.13	594.73	594.74	594.54	594.2242857	593.8089286	593.3935714
269.2	601.64	597.1	598.95	599.63	596.94	598.25	598.01	596.88	595.36	599.01	595.35	594.49	594.73	594.1714286	593.6489286	593.1264286
269.3	601.59	597.59	598.32	599.68	598.05	597.23	598.54	597.39	595.63	599.22	596.29	594.63	595.06	594.4942857	593.9478571	593.4014286
269.4	601.16	598.39	597.88	599.87	599.19	596.63	599	597.93	596.58	598.65	597.39	595.24	595.19	594.8542857	594.2828571	593.7114286
269.5	600.97	599.35	598.03	599.99	599.95	597.19	598.89	598.71	597.57	597.69	598.54	595.66	595.39	595.26	594.7017857	594.1435714
269.6	601.33	600.14	598.39	599.44	600.24	598.19	597.77	599.27	598.02	596.89	599.57	596.06	595.33	595.8171429	595.3817857	594.9464286
269.7	601.75	601.18	599.02	598.97	600.67	599.35	597.04	599.73	598.52	596.67	600.15	596.86	595.3	596.42	596.0867857	595.7535714
269.8	602.03	602.59	599.75	599.02	600.98	600.28	597.43	599.55	599.33	597.15	600	597.9	595.94	597.1714286	596.9178571	596.6642857
269.9	602.34	603.49	600.38	599.27	600.56	600.78	598.32	598.31	599.93	598.02	599.31	598.97	596.64	597.88	597.725	597.57
270	602.87	603.62	601.45	599.73	600.1	601.43	599.52	597.44	600.41	598.64	598.52	600.05	596.94	598.1585714	598.0010714	597.8435714
270.1	603.97	603.59	603	600.23	600.07	601.93	600.6	597.68	600.17	599.12	597.98	600.89	597.47	598.3928571	598.2085714	598.0242857
270.2	605.32	603.65	604.07	600.7	600.2	601.65	601.31	598.47	598.79	599.92	597.95	601.12	598.47	598.8528571	598.7078571	598.5628571
270.3	606.34	603.65	604.31	601.75	600.49	601.23	602.17	599.71	597.81	600.72	598.52	600.77	599.49	599.14	598.9539286	598.7678571
270.4	606.77	603.7	604.32	603.41	600.75	601.14	602.86	600.94	597.98	601.32	599.2	600.15	600.51	599.3642857	599.0996429	598.835
270.5	606.4	603.95	604.4	604.61	601.03	601.17	602.72	601.85	598.76	601.54	599.68	599.51	601.5	599.7342857	599.4692857	599.2042857
270.6	605.65	604.25	604.5	604.98	602.06	601.3	602.33	602.91	600.07	600.84	600.42	599.05	602.07	599.9342857	599.6432143	599.3521429
270.7	605.34	604.58	604.61	605.02	603.8	601.35	602.19	603.79	601.39	599.9	601.39	599.17	602.06	600.0371429	599.6932143	599.3492857
270.8	605.22	605.02	604.81	605.13	605.13	601.46	602.13	603.78	602.41	599.78	602.13	599.74	601.69	600.2828571	599.9371429	599.5914286
270.9	604.99	605.63	605.05	605.34	605.62	602.43	602.1	603.44	603.63	600.29	602.61	600.25	601.14	600.4542857	600.0871429	599.72
271	605.36	606.47	605.32	605.51	605.7	604.2	601.95	603.24	604.68	601.11	602.54	600.91	600.46	600.5171429	600.1146429	599.7121429
271.1	606.01	607.25	605.73	605.68	605.85	605.62	601.9	603.1	604.78	602.08	601.87	601.95	600.08	599.93	599.25	598.57
271.2	606.54	607.71	606.34	605.85	606.18	606.21	602.81	602.92	604.44	602.87	601.62	602.88	600.33	600.622	600.0825714	599.5431429
271.3	607.69	607.82	607.15	606.08	606.42	606.35	604.6	602.55	604.18	603.74	601.99	603.51	600.83	601.564	601.2108571	600.8577143
271.4	609.25	607.53	607.87	606.49	606.55	606.56	606.1	602.34	604	604.72	602.46	603.86	601.43	602.412	602.2054286	601.9988571
271.5	610.19	607.16	608.27	607.11	606.66	607.01	606.8	603.2	603.72	605.09	603.03	603.65	602.41	602.8946667	602.7169524	602.5392381
271.6	610.87	607.12	608.32	607.89	606.86	607.33	606.99	605.02	603.16	604.84	603.56	603.46	603.55	603.1586667	602.9378095	602.7169524
271.7	611.62	607.21	608.04	608.5	607.28	607.42	607.25	606.6	602.77	604.66	604.05	603.78	604.35	603.4853333	603.2330476	602.9807619
271.8	611.49	607.15	607.75	608.79	607.91	607.48	607.83	607.4	603.59	604.72	604.81	604.1	604.9	603.832	603.5211429	603.2102857
271.9	611.24	607.58	607.76	608.76	608.65	607.66	608.22	607.64	605.51	604.83	605.35	604.3	605.17	603.9206667	603.4789524	603.0372381
272	611.52	608.46	607.85	608.49	609.15	608.09	608.28	607.96	607.17	604.71	605.2	604.49	605.22	603.6666667	603.0595238	602.452381
272.1	611.44	609.31	607.76	608.3	609.31	608.73	608.29	608.66	608.03	604.48	604.99	604.63	605.55	603.5326667	602.8115238	602.090381
272.2	611.36	610.4	608.12	608.39	609.2	609.42	608.46	609.11	608.24	604.9	605.19	605.04	605.93	603.8806667	603.160381	602.4400952
272.3	612.04	611.58	609.02	608.5	608.94	609.79	608.91	609.14	608.58	606.38	605.61	605.58	605.89	604.2613333	603.5179048	602.7744762
272.4	612.63	612.23	609.97	608.38	608.85	609.83	609.55	609.12	609.47	608.03	605.94	605.56	605.69	604.2046667	603.3198095	602.4349524
272.5	612.48	612.72	611.09	608.71	609.01	609.61	610.18	609.28	610.02	608.99	606.05	605.3	605.51	603.93	602.9028571	601.8757143
272.6	612.51	613.36	612.21	609.65	609.14	609.36	610.41	609.73	610	609.23	606.34	605.49	605.52	603.9713333	602.9007619	601.8301905
272.7	613.17	613.44	612.83	610.69	609.01	609.38	610.32	610.39	609.91	609.27	607.4	606.14	605.84	604.5653333	603.5387619	602.5121905
272.8	614.23	613.27	613.32	611.83	609.3	609.62	610.03	610.95	610.05	609.7	608.96	606.85	605.94	605.2026667	604.1915238	603.180381
272.9	615.58	613.41	614.01	612.88	610.29	609.78	609.8	611.05	610.54	610.29	609.99	607.38	605.64	605.4653333	604.4130476	603.3607619
273	616.79	613.41	614.16	613.44	611.43	609.64	609.92	610.82	611.22	610.55	610.28	607.82	605.69	605.7846667	604.7526667	603.7206667
273.1	617.06	613.55	613.99	613.92	612.59	609.91	610.24	610.45	611.72	610.54	610.18	608.62	606.44	606.6873333	605.8384762	604.989619
273.2	616.78	614.34	614.03	614.64	613.55	610.95	610.43	610.24	611.68	610.64	610.18	609.98	607.48	608.0973333	607.5441905	606.9910476
273.3	617.29	615.15	613.97	614.86	614.06	612.2	610.29	610.46	611.31	611.05	610.53	611.06	608.42	609.3246667	608.9969524	608.6692381
273.4	618.17	615.39	614.18	614.7	614.52	613.37	610.53	610.85	610.86	611.66	610.93	611.39	609.2	610.3685714	610.2671429	610.1657143
273.5	618.19	615.54	615.11	614.65	615.26	614.24	611.63	611.08	610.68	612.3	611.12	611.25	609.99	610.5585714	610.4107143	610.2628571
273.6	617.76	616.03	616.02	614.54	615.56	614.68	612.97	610.95	611.03	612.62	611.21	610.97	611.11	610.7857143	610.5942857	610.4028571
273.7	617.63	616.79	616.28	614.82	615.4	615.11	614.15	611.18	611.49	612.49	611.56	610.91	612.21	611.1	610.8753571	610.6507143
273.8	617.95	617.73	616.34	615.86	615.26	615.88	614.94	612.33	611.78	612.22	612.12	611.21	612.61	611.1885714	610.8710714	610.5535714
273.9	619.24	618.53	616.71	616.88	615.1	616.25	615.31	613.75	611.63	612.15	612.73	611.6	612.43	611.1085714	610.6857143	610.2628571
274	620.6	618.73	617.44	617.2	615.46	616.09	615.71	614.93	611.82	612.49	613.34	611.78	612.01	610.8857143	610.3185714	609.7514286
274.1	621.07	618.67	618.39	617.2	616.62	615.87	616.5	615.64	613.05	612.96	613.53	612.08	611.56	610.5514286	609.785	609.0185714
274.2	621.36	619.16	619.1	617.47	617.74	615.67	616.95	615.93	614.56	613.27	613.4	612.62	611.51	610.5914286	609.7307143	608.87
274.3	622.09	619.99	619.2	618.15	618.12	616.1	616.79	616.31	615.73	613.22	613.45	613.16	611.95	611.0728571	610.2478571	609.4228571
274.4	623.27	620.37	619.16	619.07	618.07	617.36	616.49	617.11	616.33	613.17	613.88	613.87	612.33	611.6814286	610.9167857	610.1521429
274.5	624.02	620.44	619.74	619.67	618.25	618.59	616.25	617.64	616.54	613.87	614.43	614.4	612.6	612.3128571	611.615	610.9171429
274.6	623.77	620.67	620.68	619.68	618.88	619.05	616.75	617.49	616.88	615.1	614.76	614.48	613.13	612.7985714	612.12	611.4414286
274.7	622.86	621.25	621.15	619.67	619.75	618.96	618.12	617.1	617.72	616.13	614.79	614.6	613.67	612.9785714	612.2185714	611.4585714
274.8	621.91	622.31	621.23	620.33	620.24	619.05	619.46	616.83	618.33	616.77	614.64	615.15	614.29	613.2728571	612.4671429	611.6614286
274.9	621.53	623.27	621.45	621.34	620.16	619.62	619.99	617.39	618.17	617.17	614.93	615.87	615.08	613.9414286	613.1910714	612.4407143
275	622	623.64	622.11	621.91	620.19	620.44	619.87	618.86	617.74	617.61	615.84	616.28	615.48	614.4928571	613.7703571	613.0478571
275.1	622.88	623.89	623.21	622.03	620.9	620.81	619.87	620.31	617.43	618.41	616.68	616.35	615.66	614.7728571	614.0121429	613.2514286
275.2	623.58	624.38	624.09	622.28	621.99	620.65	620.38	620.92	618.06	619.24	617.22	616.2	616.28	615.1028571	614.2964286	613.49
275.3	624.47	624.96	624.33	623.03	622.65	620.7	621.13	620.77	619.62	619.47	617.65	616.22	617.21	615.6057143	614.7903571	613.975
275.4	625.6	625.22	624.52	624.15	622.83	621.47	621.39	620.68	621.18	619.29	618.21	616.79	617.82	616.2714286	615.505	614.7385714
275.5	627.05	624.89	625.03	624.93	623.12	622.62	621.15	621.13	621.88	619.14	619.03	617.44	617.93	616.83	616.1196429	615.4092857
275.6	628.92	624.3	625.63	625.06	623.97	623.39	621.23	621.82	621.68	619.56	620.01	617.78	617.79	617.1142857	616.3975	615.6807143
275.7	630.45	624	625.89	625.21	625.1	623.64	622.05	621.95	621.5	620.73	620.57	618.08	617.68	617.2542857	616.4764286	615.6985714
275.8	631.33	624.16	625.51	625.72	625.77	623.99	623.26	621.63	621.89	622.06	620.63	618.69	617.95	617.5771429	616.7532143	615.9292857
275.9	631.61	624.79	624.89	626.27	625.8	624.92	624.13	621.76	622.53	622.81	620.69	619.6	618.41	618.0871429	617.2542857	616.4214286
276	631.18	625.79	624.61	626.48	625.91	626.05	624.46	622.62	622.53	622.86	621.08	620.69	618.56	618.5414286	617.7196429	616.8978571
276.1	630.64	626.83	624.84	626.07	626.41	626.62	624.86	623.89	622.12	622.71	622.03	621.51	618.6	618.87	618.0260714	617.1821429
276.2	630.36	627.91	625.49	625.43	626.92	626.56	625.89	624.86	622.28	622.86	623.14	621.82	619.08	619.1828571	618.2667857	617.3507143
276.3	630.36	629.09	626.5	625.24	627.06	626.62	627.02	625.27	623.19	623.4	623.8	622.05	620.08	619.7371429	618.7853571	617.8335714
276.4	630.85	630.32	627.59	625.57	626.6	627.11	627.48	625.74	624.52	623.72	623.92	622.55	621.29	620.5242857	619.6117857	618.6992857
276.5	631.57	631.51	628.64	626.24	625.97	627.55	627.32	626.86	625.6	623.55	623.86	623.46	622.33	621.3528571	620.5132143	619.6735714
276.6	632.23	632.38	629.79	627.28	625.86	627.61	627.35	627.98	626.09	623.56	623.92	624.44	622.89	621.9428571	621.1346429	620.3264286
276.7	632.77	632.88	631.01	628.43	626.29	627.11	627.82	628.33	626.6	624.17	624.28	624.96	623.25	622.3771429	621.5639286	620.7507143
276.8	633.38	633.05	632.13	629.48	626.99	626.49	628.18	628.08	627.84	625.17	624.75	624.97	623.9	622.9628571	622.1717857	621.3807143
276.9	634.06	632.97	632.97	630.62	628.05	626.49	628.17	628.08	628.96	626.22	624.84	624.94	624.9	623.7	622.9782143	622.2564286
277	634.7	633.02	633.48	631.8	629.27	627.03	627.62	628.53	629.2	626.95	624.87	625.04	625.91	624.5257143	623.9385714	623.3514286
277.1	635.09	633.28	633.67	632.82	630.33	627.75	627.01	628.8	628.85	627.4	625.3	625.25	626.36	625.1957143	624.7457143	624.2957143
277.2	635.08	633.7	633.66	633.57	631.47	628.85	627.12	628.7	628.8	628.18	626.02	625.67	626.17	625.5671429	625.1496429	624.7321429
277.3	635.1	634.26	633.82	634.06	632.62	630.14	627.78	628.1	629.26	629.19	626.83	625.96	625.98	625.8557143	625.4232143	624.9907143
277.4	635.01	634.81	634.18	634.24	633.52	631.21	628.53	627.52	629.43	629.77	627.66	626.11	626.15	626.2057143	625.7867857	625.3678571
277.5	635.1	635.28	634.69	634.32	634.18	632.35	629.65	627.74	629.25	629.81	628.28	626.51	626.34	626.3171429	625.84	625.3628571
277.6	636.21	635.64	635.27	634.6	634.62	633.46	631.03	628.52	628.6	629.86	628.79	627.08	626.6	626.3571429	625.7864286	625.2157143
277.7	638	635.89	635.79	635.09	634.8	634.23	632.12	629.3	628.02	630.26	629.5	627.59	626.98	626.63	626.01	625.39
277.8	639.77	636.08	636.19	635.7	634.95	634.77	633.25	630.46	628.37	630.59	630.15	628.28	627.29	626.8471429	626.1164286	625.3857143
277.9	641.13	636.45	636.48	636.32	635.37	635.16	634.32	631.91	629.29	630.68	630.52	629.07	627.72	627.0371429	626.1710714	625.305
278	642.05	636.82	636.59	636.79	635.99	635.34	634.96	633.02	630.07	630.57	630.81	629.59	628.27	627.3	626.3646429	625.4292857
278.1	642.54	637.16	636.66	637.14	636.72	635.57	635.39	634.15	631.26	630.41	631.31	630	628.6	627.5	626.4778571	625.4557143
278.2	642.82	637.78	636.98	637.34	637.37	636.14	635.72	635.19	632.83	630.7	631.75	630.46	628.95	627.8214286	626.7196429	625.6178571
278.3	643.17	638.4	637.41	637.33	637.81	636.9	635.88	635.69	633.92	631.43	631.92	630.97	629.73	628.5214286	627.4539286	626.3864286
278.4	643.33	639.09	637.86	637.26	638.1	637.74	636.2	635.99	635.07	632.08	632.15	631.53	630.47	629.2085714	628.1717857	627.135
278.5	643.47	640.49	638.57	637.52	638.23	638.43	636.91	636.26	636.08	632.78	632.47	632.24	630.75	629.6228571	628.5467857	627.4707143
278.6	643.93	642.34	639.19	637.98	638.08	638.82	637.82	636.4	636.42	633.87	632.96	632.84	630.9	629.81	628.78	627.641
278.7	644.7	643.79	639.89	638.54	637.85	639.05	638.77	636.8	636.59	634.83	633.65	633.06	631.29	630.32	629.14	627.964
278.8	645.74	644.62	641.39	639.37	638.04	639.11	639.5	637.67	636.81	635.59	634.21	633.39	632.03	631.31	630.22	629.214
278.9	646.81	645.09	643.4	640.05	638.54	638.83	639.86	638.72	636.93	636.35	634.58	634.11	633.01	631.72	630.935	629.967
279	647.99	645.29	644.93	640.79	639.21	638.45	640.03	639.8	637.41	636.88	635.18	635.03	633.87	631.59	630.935	629.742
279.1	649.15	645.53	645.68	642.4	640.16	638.56	640.01	640.56	638.44	637.28	635.92	635.9	634.21	631.62	630.765	629.306
279.2	649.31	645.96	646.05	644.55	640.9	639.09	639.59	640.88	639.63	637.79	636.4	636.46	634.47	632.33	631.365	629.945
279.3	648.7	646.14	646.18	646.11	641.7	639.88	639.06	640.99	640.84	638.34	636.81	636.64	635.37	633.54	632.82	631.712
279.4	648.69	646.21	646.43	646.76	643.42	640.95	639.1	640.9	641.64	638.96	637.27	636.81	636.77	634.81	634.56	633.818
279.5	649.59	646.62	646.89	647	645.72	641.78	639.65	640.35	641.91	639.86	637.78	637.18	638.07	635.4	635.545	634.92
279.6	651.17	647.41	647	647.06	647.31	642.64	640.55	639.66	641.97	640.92	638.47	637.46	638.8	635.54	635.705	634.96
279.7	653.17	648.46	646.9	647.31	647.85	644.48	641.76	639.62	641.82	642.02	639.37	637.53	638.91	636.34	636.11	635.339
279.8	654.31	649.49	647.18	647.81	647.97	646.91	642.67	640.2	641.12	642.9	640.33	637.66	638.77	638.09	637.31	636.749
279.9	654.14	650.42	647.9	647.87	647.94	648.51	643.6	641.21	640.25	643.3	641.32	638.13	638.71	640.02	638.715	638.383
280	653.83	651.39	648.93	647.62	648.21	648.94	645.56	642.55	640.14	643.35	642.31	638.93	638.73	641.16	639.37	639.005
280.1	654.14	652.01	650.07	647.8	648.76	648.92	648.13	643.56	640.75	643.23	643.29	640.07	638.55	641.34	638.97	638.233
280.2	654.8	652.23	651.15	648.46	648.75	648.81	649.74	644.57	641.86	642.79	644.19	641.43	638.26	641.02	638.055	636.787
280.3	655.31	652.81	652.23	649.48	648.36	649.1	650.05	646.64	643.37	642.12	644.77	642.7	638.44	640.58	637.415	635.732
280.4	655.45	653.83	652.92	650.7	648.43	649.68	649.89	649.34	644.47	641.88	644.89	643.75	639.26	640.21	637.395	635.542
280.5	655.81	655	653.13	651.88	649.03	649.63	649.7	650.95	645.52	642.36	644.7	644.63	640.52	639.88	637.79	635.933
280.6	657.02	656.17	653.65	653.02	650.04	649.11	650	651.14	647.72	643.36	644.33	645.46	642.2	639.2	638.135	636.27
280.7	659.3	656.8	654.71	653.81	651.34	649.08	650.63	650.85	650.58	644.81	643.8	646.15	643.92	638.83	638.89	637.176
280.8	661.95	656.65	655.98	654.08	652.6	649.64	650.52	650.58	652.2	646.1	643.55	646.42	645.21	639.52	640.35	639.02
280.9	663.76	656.48	657.2	654.59	653.82	650.63	649.88	650.88	652.24	646.99	643.98	646.23	646.08	640.82	641.87	640.907
281	664.7	656.83	657.74	655.68	654.7	651.99	649.74	651.55	651.82	648.44	644.8	645.81	646.8	642.66	643.66	643.117
281.1	665.06	657.58	657.44	657.01	655.02	653.33	650.25	651.4	651.45	650.8	645.98	645.34	647.48	644.86	645.61	645.488
281.2	665.11	658.39	657.19	658.2	655.54	654.6	651.23	650.64	651.76	652.89	647.42	645.12	647.91	646.61	646.855	646.891
281.3	664.64	659.14	657.58	658.64	656.68	655.58	652.66	650.4	652.51	653.6	648.51	645.54	647.83	647.61	647.27	647.229
281.4	664.05	660.11	658.42	658.22	658.07	655.99	654.06	650.86	652.31	653.31	649.6	646.33	647.34	648.25	647.12	646.816
281.5	663.84	661.58	659.24	657.91	659.22	656.53	655.38	651.84	651.39	652.77	651.33	647.27	646.82	648.83	646.575	645.78
281.6	664.09	663.55	659.88	658.35	659.55	657.72	656.47	653.32	651.07	652.68	653.37	648.62	646.6	649.37	645.985	644.583
281.7	665.14	665.48	660.72	659.26	659.01	659.14	656.96	654.78	651.5	653.37	654.62	649.93	647.01	649.49	645.685	643.854
281.8	666.67	666.77	662.18	660.11	658.63	660.22	657.54	656.15	652.43	653.83	654.74	651	647.87	648.98	645.545	643.504
281.9	668.36	667.35	664.25	660.69	659.12	660.43	658.77	657.35	654	653.5	654.35	652.23	648.72	648.33	645.515	643.358
282	670.02	667.53	666.27	661.48	660.11	659.78	660.23	657.93	655.51	653.03	653.93	653.87	649.81	648.01	645.95	643.768
282.1	671.95	667.68	667.63	662.95	660.99	659.36	661.25	658.55	656.91	653.05	654.23	655.37	651.23	648.38	646.88	644.711
282.2	673.92	667.72	668.28	665.08	661.53	659.88	661.34	659.82	658.25	653.63	654.97	655.96	652.47	649.38	648.13	646.104
282.3	675.26	667.78	668.52	667.11	662.27	660.95	660.58	661.3	658.91	654.89	655.2	655.87	653.5	650.32	649.47	647.769
282.4	676.2	668.1	668.78	668.49	663.76	661.86	660.11	662.25	659.55	656.52	654.95	655.37	654.62	651.12	650.955	649.731
282.5	676.36	668.74	668.92	669.18	665.94	662.39	660.67	662.22	660.88	658.15	654.72	655.22	655.97	652.45	653.075	652.469
282.6	675.84	669.79	668.97	669.46	667.98	663.1	661.81	661.35	662.4	659.65	654.92	655.84	656.97	653.88	654.905	654.706
282.7	676	671.27	669.21	669.8	669.37	664.61	662.75	660.84	663.27	660.47	655.8	656.51	657.24	655.02	655.74	655.579
282.8	677.2	672.97	669.76	670.05	670.08	666.83	663.26	661.44	663.13	660.9	657.41	656.75	656.93	655.76	655.52	655.043
282.9	678.49	674.52	670.69	670.15	670.39	668.85	663.95	662.65	662.13	661.91	659.15	656.54	656.45	656.64	655.29	654.528
283	679.37	676.01	672.08	670.37	670.82	670.23	665.49	663.63	661.56	663.55	660.8	656.41	656.68	657.81	655.75	654.88
283.1	680.09	677.17	673.74	670.86	671.19	670.95	667.75	664.14	662.21	665	661.93	656.85	657.52	658.42	656.215	655.229
283.2	680.85	677.89	675.3	671.69	671.35	671.29	669.75	664.81	663.51	665.43	662.37	658.23	658.26	658.51	656.455	655.3
283.3	682.58	678.66	676.78	673	671.55	671.81	671.12	666.38	664.54	664.7	663.21	660.04	658.43	657.93	655.54	653.795
283.4	684.9	679.34	677.91	674.64	671.99	672.3	671.84	668.67	665.02	663.83	664.82	661.84	658.12	657.68	654.33	651.816
283.5	686.41	679.71	678.68	676.2	672.73	672.52	672.2	670.64	665.68	664.03	666.55	663.27	658.13	658.36	654.15	651.179
283.6	687.51	680.32	679.52	677.63	673.96	672.72	672.81	671.99	667.27	665.24	667.49	663.84	659.07	659.43	655.22	652.325
283.7	688.67	681.41	680.23	678.69	675.58	673.13	673.42	672.71	669.61	666.46	667.15	664.5	660.86	660.23	657.085	654.645
283.8	689.55	682.61	680.64	679.45	677.14	673.78	673.72	673.09	671.55	667	666.24	665.99	662.79	660.03	658.305	656.122
283.9	690.45	683.94	681.28	680.33	678.52	674.94	673.93	673.78	672.87	667.31	666.01	667.89	664.48	659.67	658.905	656.662
284	691.52	685.33	682.4	681.11	679.49	676.54	674.3	674.52	673.61	668.33	666.88	669.31	665.35	660.07	659.305	656.866
284.1	692.08	686.42	683.66	681.61	680.23	678.09	674.87	674.9	673.97	670.22	668.05	669.45	665.83	661.66	660.55	658.271
284.2	693.01	687.65	685.02	682.3	681.15	679.41	675.95	675.12	674.76	672.3	668.69	668.66	667.13	663.67	662.89	661.231
284.3	694.61	689.18	686.42	683.44	682.01	680.29	677.54	675.46	675.65	673.91	668.89	668.13	669.09	665.57	665.67	664.77
284.4	696.04	690.37	687.5	684.72	682.59	680.99	679.09	675.95	676.09	674.86	669.51	668.64	670.89	666.88	667.57	667.006
284.5	697.95	691.38	688.64	686.15	683.35	681.95	680.34	676.96	676.32	675.41	671.02	669.68	671.6	667.21	667.5	666.549
284.6	700.57	692.6	690.05	687.61	684.49	682.88	681.12	678.53	676.65	676.22	672.98	670.39	671.07	668.28	667.325	665.983
284.7	703.87	693.69	691.19	688.69	685.81	683.58	681.77	680.07	677.04	677.18	674.74	670.54	670.39	670.22	668.045	666.674
284.8	707.35	694.82	692.19	689.72	687.31	684.39	682.76	681.26	677.97	677.91	675.97	670.86	670.53	672.28	669.56	668.42
284.9	710.34	696.23	693.45	690.99	688.84	685.54	683.79	681.92	679.55	678.47	676.76	671.99	671.4	673.61	670.93	669.926
285	712.71	697.49	694.66	692.07	689.94	686.89	684.59	682.53	681.08	678.96	677.66	673.7	672.13	673.43	670.665	669.239
285.1	714.37	698.9	695.87	693.04	690.84	688.46	685.47	683.55	682.21	679.36	678.79	675.47	672.3	672.72	669.475	667.337
285.2	715.47	700.76	697.33	694.34	691.96	690.07	686.62	684.66	682.75	680.01	679.63	676.94	672.38	672.56	668.935	666.358
285.3	716.01	702.82	698.68	695.66	692.98	691.19	688	685.59	683.3	681.29	680.29	677.91	673.13	673.24	669.66	667.067
285.4	716.61	704.97	700.1	696.95	693.93	691.98	689.65	686.53	684.36	682.89	680.97	678.93	674.57	673.97	670.77	668.234
285.5	717.5	707.21	701.88	698.47	695.26	692.94	691.35	687.69	685.56	684.34	681.57	680.27	676.21	674.17	671.49	668.864
285.6	719.12	709.6	703.84	699.94	696.69	693.88	692.49	689.09	686.6	685.19	682.22	681.28	677.79	674.06	671.845	669.048
285.7	721.85	711.84	705.8	701.4	698.05	694.8	693.15	690.81	687.61	685.64	683.29	681.99	678.98	674.45	672.295	669.342
285.8	725.11	713.84	707.79	703.12	699.64	696.17	693.95	692.61	688.77	686.46	684.71	682.81	680.07	675.65	673.33	670.338
285.9	728.5	715.66	709.94	705.03	701.23	697.71	694.82	693.77	690.18	687.67	686.24	683.61	681.58	677.05	674.72	671.76
286	731.8	717.2	712	706.84	702.73	699.14	695.71	694.31	691.99	688.88	687.52	684.37	682.9	678.6	676.29	673.467
286.1	735.28	718.52	713.94	708.59	704.42	700.8	697.11	694.95	693.9	689.92	688.09	685.38	683.67	680.01	677.8	675.205
286.2	738.98	720.01	715.87	710.5	706.3	702.52	698.76	695.74	695.09	690.78	688.61	686.61	684.52	681.09	679.045	676.58
286.3	742.6	721.91	717.55	712.34	707.97	704.07	700.27	696.6	695.48	691.67	689.63	688.01	685.52	682.7	680.645	678.317
286.4	746.04	724.02	718.98	714.17	709.49	705.73	701.99	698.04	695.96	693.19	690.78	689.59	686.44	684.47	682.3	680.092
286.5	749.3	726.46	720.61	716.16	711.15	707.59	703.85	699.78	696.69	695.24	691.88	690.52	687.49	685.36	683.165	680.906
286.6	752.91	729.21	722.62	717.93	712.74	709.14	705.45	701.37	697.5	696.95	692.77	690.9	688.64	686.14	684.075	681.86
286.7	757.1	732.15	724.74	719.46	714.45	710.43	707.09	703.17	698.97	698.01	693.48	691.64	689.85	687.33	685.515	683.491
286.8	761.66	735.36	727.12	721.28	716.48	711.83	708.93	705.15	700.84	698.74	694.61	692.67	691.41	688.42	686.82	684.837
286.9	766.75	738.65	729.73	723.43	718.34	713.17	710.37	706.81	702.48	699.43	696.59	693.77	692.84	689.55	687.675	685.47
287	772.67	741.87	732.45	725.62	719.98	714.74	711.44	708.42	704.35	700.33	698.71	694.76	693.36	690.82	688.145	685.638
287.1	778.91	745.26	735.5	728	721.97	716.8	712.57	710.26	706.5	701.72	700.25	695.42	693.79	691.85	688.62	685.937
287.2	784.27	748.96	738.65	730.49	724.31	718.74	713.66	711.58	708.19	703.47	701.34	696.17	694.65	693.13	689.785	687.17
287.3	788.69	752.84	741.7	733	726.59	720.47	715.08	712.43	709.77	705.2	702.11	697.84	695.67	694.97	691.75	689.391
287.4	793.16	756.91	744.99	735.88	728.98	722.66	717.17	713.3	711.64	706.91	702.94	700.16	696.73	695.89	692.785	690.327
287.5	798.99	761.33	748.66	738.91	731.35	725.18	719.18	714.13	712.84	708.55	704.16	702.15	697.46	696.1	692.75	689.863
287.6	806.72	766.17	752.5	741.81	733.67	727.57	721.01	715.41	713.45	709.98	705.81	703.7	697.97	696.79	692.87	689.591
287.7	814.88	771.28	756.55	744.99	736.39	729.98	723.39	717.51	714.08	711.42	707.58	704.75	699.15	697.62	693.405	689.857
287.8	821.54	776.35	760.91	748.62	739.31	732.24	726.11	719.6	714.62	713.14	709.21	705.54	701.42	698.69	694.795	691.227
287.9	826.96	781.35	765.54	752.45	742.05	734.36	728.62	721.51	715.74	714.83	710.64	706.63	703.8	699.59	696.17	692.572
288	833.46	786.48	770.41	756.51	745.11	736.93	731.05	724.09	717.89	715.98	711.9	708.15	705.77	700.02	696.955	693.153
288.1	841.99	791.82	775.31	760.84	748.71	739.73	733.2	727.01	720.05	716.65	713.25	709.9	707.28	700.65	697.665	693.623
288.2	851.45	797.53	780.16	765.32	752.53	742.31	735.13	729.65	722.03	717.37	714.94	711.57	708.18	702.61	699.23	695.192
288.3	860.8	803.62	785.13	770	756.62	745.25	737.55	732.11	724.82	718.94	716.88	712.92	709.14	705.26	701.39	697.526
288.4	869.11	809.82	790.22	774.74	760.95	748.82	740.24	734.15	727.96	721.32	718.49	713.92	710.56	707.54	703.575	699.954
288.5	876.57	816.33	795.55	779.4	765.3	752.64	742.66	735.89	730.71	723.66	719.41	715.06	712.23	709.65	706.06	702.849
288.6	884.5	823.63	801.26	784.17	769.82	756.76	745.48	738.16	733.21	725.61	720.17	716.67	713.95	710.85	707.74	704.672
288.7	893.11	831.39	807.21	789.03	774.4	761.09	749.02	740.74	735.16	727.75	721.73	718.67	715.36	711.69	708.505	705.162
288.8	901.8	839.23	813.57	794.07	778.87	765.32	752.83	743	736.67	730.51	724.23	720.7	716.19	713.04	709.02	705.212
288.9	910.32	847.64	820.73	799.51	783.42	769.68	757	745.7	738.81	733.54	726.84	722.05	716.98	714.62	709.69	705.517
289	919.28	856.48	828.27	805.22	788.08	774.11	761.34	749.21	741.32	736.18	728.98	722.84	718.39	716.33	711.035	706.795
289.1	929.49	865.33	835.84	811.37	792.87	778.38	765.46	753.02	743.38	738.04	730.89	724.3	720.37	717.91	712.65	708.363
289.2	940.98	874.37	844.05	818.35	798.08	782.7	769.67	757.24	745.95	739.68	733.25	726.94	722.63	718.76	713.45	708.672
289.3	952.63	883.31	852.79	825.72	803.59	787.14	773.95	761.59	749.46	741.98	736.22	729.82	724.52	719.1	713.25	707.584
289.4	963.46	891.98	861.62	833.14	809.5	791.7	778.02	765.6	753.26	744.87	739.15	732.24	725.52	720.19	713.375	707.015
289.5	973.75	900.71	870.62	841.21	816.3	796.7	782.11	769.66	757.53	747.63	741.34	734.18	726.76	722.07	714.78	708.257
289.6	984.32	909.83	879.47	849.85	823.53	802	786.35	773.8	761.91	750.24	742.99	736.15	729.4	724.36	717.565	711.301
289.7	995.41	919.6	888.01	858.6	830.85	807.67	790.7	777.65	765.8	753.25	745.08	738.8	732.65	726.77	720.555	714.447
289.8	1006.5	930.01	896.6	867.54	838.84	814.25	795.51	781.51	769.73	756.8	747.93	741.92	735.39	728.25	721.98	715.423
289.9	1016.3	940.74	905.47	876.31	847.38	821.35	800.61	785.54	773.74	760.74	751.05	744.49	737.54	729.21	722.455	715.208
290	1023.9	951.47	914.85	884.76	856.04	828.59	806.03	789.69	777.37	764.81	753.88	746.26	739.33	731.65	724.375	717.013
290.1	1031.3	963.42	924.76	893.22	864.92	836.5	812.41	794.32	780.99	768.73	756.7	748.17	741.51	735.32	727.725	720.645
290.2	1040.1	975.76	934.99	901.86	873.63	844.94	819.39	799.22	784.83	772.58	759.96	750.87	744.54	738.44	730.73	723.641
290.3	1048.9	987.28	945.45	910.92	882.02	853.49	826.57	804.39	788.77	776.56	763.6	754.15	747.51	740.88	732.835	725.355
290.4	1057.9	998.83	956.27	920.42	890.38	862.28	834.43	810.55	793.24	780.68	767.56	757.36	749.55	742.77	733.765	725.547
290.5	1066.4	1009.8	967.31	930.22	898.81	870.92	842.77	817.41	797.96	784.68	771.63	760.24	751.33	744.48	734.33	725.294
290.6	1073.6	1019.8	978.43	940.33	907.58	879.26	851.21	824.54	802.84	788.75	775.62	763.25	753.83	747.13	736.235	726.746
290.7	1081.2	1029.5	989.63	950.83	916.73	887.51	859.93	832.35	808.8	793.24	779.64	766.59	757.08	750.42	739.14	729.423
290.8	1090.2	1039.5	1000.5	961.53	926.18	895.74	868.52	840.59	815.58	798.1	784.02	770.3	760.62	752.85	741.15	730.831
290.9	1097.8	1049.2	1010.5	972.31	935.96	904.2	876.81	848.91	822.64	803.17	788.62	774.36	763.82	754.57	742.17	730.901
291	1103.7	1058.7	1020.8	983.25	946.15	913.01	884.97	857.53	830.42	808.67	793.19	778.53	766.72	756.88	743.645	731.571
291.1	1109.4	1068.1	1031.4	993.97	956.52	922.1	893	866.07	838.58	814.78	798.01	782.61	769.78	759.97	745.855	733.16
291.2	1114	1076.6	1041	1004.1	966.99	931.55	901.19	874.32	846.76	821.37	803.05	787.02	773.2	763.68	748.755	735.562
291.3	1118.5	1085.3	1050.4	1014.1	977.72	941.41	909.68	882.39	855.31	828.41	808.25	792.04	777.08	767.34	751.755	737.986
291.4	1123.1	1094.3	1059.8	1024.2	988.33	951.43	918.45	890.21	863.79	836	813.89	797.18	781.34	770.34	754.065	739.416
291.5	1127.1	1102.4	1068.5	1033.8	998.5	961.57	927.58	898.12	872.01	844	820.18	802.42	785.58	773.21	755.91	740.135
291.6	1130.2	1109.4	1077.1	1043.2	1008.5	972.06	937.11	906.3	880.01	852.06	826.79	807.81	789.94	776.35	757.925	741.006
291.7	1132.6	1115.9	1086	1052.8	1018.6	982.55	946.79	914.74	887.62	860.09	833.53	813.14	795.08	779.9	760.675	742.78
291.8	1134.7	1121.6	1093.9	1061.8	1028.3	992.73	956.61	923.55	895.27	868.23	840.74	818.81	800.78	784.09	764.11	745.312
291.9	1136.9	1126.8	1100.9	1070.2	1037.6	1002.8	966.88	932.76	903.15	876.38	848.42	825.29	806.53	788.59	767.645	747.82
292	1138.5	1131.9	1107.6	1078.8	1046.8	1012.8	977.25	942.07	911.29	884.64	856.41	832.14	812.36	792.89	770.865	749.831
292.1	1140.2	1136.6	1113.4	1086.6	1055.6	1022.5	987.42	951.57	919.81	892.84	864.57	838.77	817.99	797.9	774.61	752.531
292.2	1141.4	1140.6	1118.8	1093.7	1064	1031.8	997.45	961.61	928.7	900.66	872.82	845.64	823.67	804.05	779.475	756.647
292.3	1140.5	1143.8	1124	1100.3	1072.4	1041	1007.5	971.85	937.66	908.24	880.98	852.96	830.18	810.33	784.93	761.457
292.4	1138.4	1146.6	1128.8	1106.1	1080	1049.8	1017.3	982	946.84	916.14	889.08	860.67	837.39	816.66	790.815	766.761
292.5	1136.4	1149.1	1133.1	1111.5	1086.9	1058	1026.5	992	956.69	924.85	897.33	868.84	844.21	822.8	796.24	771.418
292.6	1133.9	1151.2	1136.7	1116.7	1093.4	1066.1	1035.7	1002	966.82	933.99	905.41	877.24	850.8	828.55	801.245	775.543
292.7	1131.3	1153.1	1139.7	1121.6	1099.2	1073.8	1044.4	1011.8	976.93	943.2	913.34	885.52	857.78	834.9	807.12	780.814
292.8	1128.6	1154.4	1142.4	1126	1104.6	1080.8	1052.6	1021	986.92	952.33	921.38	893.52	865.13	842.44	814.315	787.794
292.9	1124.1	1153.9	1144.7	1129.9	1109.7	1087.1	1060.4	1030.1	996.88	961.6	929.84	901.67	873.09	849.77	821.395	794.516
293	1118.7	1152	1146.8	1133.1	1114.6	1092.9	1067.8	1038.9	1006.8	971.37	938.58	909.88	881.6	856.21	827.72	800.181
293.1	1113.9	1149.7	1148.3	1136	1119.2	1098.3	1074.6	1046.9	1016	981.24	947.42	918.05	890.1	862.92	834.26	806.115
293.2	1110	1147	1148	1138.5	1123.3	1103.3	1080.8	1054.5	1025	991.24	956.42	926.36	898.16	869.92	840.79	812.02
293.3	1107.8	1144.2	1146.5	1140.6	1126.6	1108.2	1086.5	1061.7	1033.8	1001	965.43	934.84	906.13	877.46	847.81	818.548
293.4	1106	1142.6	1144.6	1142.2	1129.7	1113	1091.8	1068.4	1041.7	1009.8	974.7	943.34	914.33	885.91	855.725	826.187
293.5	1103.3	1140.9	1142.3	1142.2	1132.3	1117.1	1096.8	1074.4	1049	1018.3	983.9	951.74	922.63	894.66	864.025	834.342
293.6	1101.2	1136.8	1140.2	1141	1134.5	1120.6	1101.8	1080.1	1056.1	1026.7	992.9	960.44	931.19	902.98	872.125	842.224
293.7	1099.8	1132.2	1138	1139.2	1136.1	1123.8	1106.6	1085.6	1062.7	1035	1001.9	969.29	939.9	910.78	879.78	849.505
293.8	1096.8	1128.4	1134.5	1137.1	1136.3	1126.5	1110.9	1090.5	1068.5	1042.7	1010.6	978.22	948.42	918.86	887.77	857.268
293.9	1092.6	1125.8	1130.2	1135.3	1135.3	1128.8	1114.5	1095.5	1074	1049.8	1018.7	986.98	956.51	927.2	896.105	865.608
294	1088.3	1123.1	1126.2	1133.3	1133.6	1130.5	1117.8	1100.4	1079.3	1056.5	1026.6	995.14	964.7	935.86	904.91	874.644
294.1	1083.5	1119.7	1123	1130.3	1131.7	1130.8	1120.7	1104.9	1084.1	1062.4	1034.3	1003.2	973.36	944.88	914.41	884.6
294.2	1078.8	1116.5	1120.6	1126.7	1130.1	1129.9	1123	1108.5	1089.1	1068.1	1041.7	1011.3	982.09	953.72	923.915	894.6
294.3	1074.5	1113.6	1118	1123.2	1128.3	1128.4	1124.7	1111.9	1094.2	1073.6	1048.9	1019.2	990.59	961.72	932.565	903.55
294.4	1069	1109.6	1115	1120.3	1125.8	1126.7	1125.2	1115	1098.7	1078.8	1055.7	1026.8	998.23	969.32	940.585	911.814
294.5	1063	1104.9	1112.7	1118	1122.7	1125.2	1124.4	1117.3	1102.5	1083.9	1061.7	1033.9	1005.3	977.65	949.45	921.375
294.6	1058.3	1100.1	1110.4	1115.3	1119.7	1123.6	1123	1119.1	1106	1088.9	1066.9	1040.8	1012.5	986.21	959.01	931.973
294.7	1054.1	1094.8	1106.7	1111.9	1117.2	1121.5	1121.4	1119.7	1109.2	1093.3	1071.8	1047.7	1020.1	994.56	968.71	942.778
294.8	1048.7	1089.4	1102.3	1109	1115	1119	1120.2	1119.1	1111.6	1096.8	1076.6	1054.7	1027.4	1002	977.4	952.29
294.9	1042.6	1084.5	1097.8	1106.4	1112.2	1116.4	1118.8	1117.7	1113.4	1100.1	1081.3	1060.8	1034.1	1008.2	984.6	960
295	1035.9	1078.9	1092.8	1102.9	1108.7	1114.2	1117	1116.2	1114.1	1103.4	1085.6	1065.9	1040.4	1014.4	991.8	967.89
295.1	1028.7	1072.6	1087.9	1098.7	1105.7	1112.1	1114.9	1115.2	1113.6	1106.2	1089.3	1070.3	1046.9	1021.2	1000	977.23
295.2	1022.5	1067.1	1083.2	1094.6	1103	1109.2	1112.9	1113.9	1112.3	1108.1	1092.1	1074.5	1053.8	1028.4	1009.25	988.07
295.3	1016.2	1061.5	1077.6	1090.2	1099.6	1105.6	1111	1112.5	1111	1108.8	1094.7	1078.8	1060.2	1034.9	1017.65	997.85
295.4	1008.9	1055.2	1071.5	1085.5	1095.5	1102.6	1109	1111	1110.1	1108.6	1097.5	1082.8	1065.3	1040.6	1024.5	1005.68
295.5	1003.1	1048.9	1066.2	1081.1	1091.3	1099.8	1106.1	1109.3	1109	1107.6	1100.3	1085.9	1069.4	1046.4	1030.95	1013.13
295.6	1000.3	1042.2	1061.1	1075.5	1086.9	1096.4	1102.5	1107.8	1107.9	1106.8	1102.2	1088	1073.1	1052.9	1038.35	1022.07
295.7	998.4	1035	1055.2	1069.5	1082.5	1092.4	1099.3	1106	1106.8	1106.5	1102.7	1089.7	1076.8	1059.7	1046.75	1032.56
295.8	995.71	1028.7	1049.3	1064.4	1078.3	1088.4	1096.4	1103	1105.6	1105.7	1102.3	1091.8	1080.5	1065.1	1054.2	1041.91
295.9	992.14	1023.3	1043	1059.5	1073.1	1084.1	1092.9	1099.3	1104.5	1104.9	1101.7	1094.4	1083.2	1069	1059.75	1048.82
296	987.98	1018	1036.3	1053.9	1067.2	1080	1089.1	1096.1	1102.8	1103.9	1101.1	1096.4	1084.6	1072.2	1063.95	1054.1
296.1	982.9	1013.2	1030.3	1048.3	1062.2	1075.9	1085.2	1093	1099.8	1103	1100.6	1097	1085.3	1075.3	1067.65	1058.89
296.2	976.89	1009.4	1024.8	1042.4	1057.4	1070.5	1081.2	1089.5	1096.1	1102.1	1099.7	1096.1	1086.5	1078.6	1072	1064.71
296.3	969.92	1005.8	1019.2	1036.2	1052.1	1064.6	1077.3	1085.7	1092.8	1100.6	1098.3	1095.4	1088.6	1081.2	1076.35	1070.54
296.4	962.08	1001.3	1014.2	1030.5	1046.9	1059.7	1073.2	1082	1089.5	1097.5	1097	1095.1	1090.7	1082.1	1078.95	1074.04
296.5	954.49	996.07	1010.4	1025	1041.4	1055	1067.9	1078.2	1086	1093.8	1096	1094.8	1091.5	1081.9	1079.65	1075.09
296.6	948.61	990.11	1006.6	1019.3	1035.5	1049.9	1062.1	1074.5	1082.3	1090.6	1095.1	1093.9	1090.4	1082	1079.65	1075.37
296.7	943.58	983.4	1002.2	1014.3	1030.2	1045.1	1057.3	1070.8	1078.6	1087.4	1093.4	1092.1	1089.1	1083.3	1081.15	1077.82
296.8	938.39	976.43	997.13	1010.4	1024.8	1040	1052.7	1065.6	1075	1083.9	1090.4	1090.2	1088.8	1085.2	1084.4	1082.7
296.9	934.32	969.77	991.43	1006.5	1019.1	1034.6	1047.7	1059.8	1071.5	1080.2	1086.7	1088.9	1088.9	1086.5	1087.6	1087.54
297	931.15	963.14	985.11	1002	1014.2	1029.5	1043.3	1055	1067.9	1076.6	1083.3	1088	1088.3	1085.4	1087.9	1088.56
297.1	927.58	956.64	978.53	996.94	1010.1	1024.2	1038.7	1050.4	1062.9	1073.1	1080	1086.3	1086.3	1083.3	1086.45	1087.44
297.2	923.43	951.33	972.05	991.35	1006.1	1018.7	1033.7	1045.6	1057.4	1069.8	1076.5	1083.3	1083.8	1082.6	1086.25	1088.13
297.3	918.34	946.83	965.42	985.3	1001.5	1013.9	1028.9	1041.4	1052.6	1066.3	1072.9	1079.6	1081.9	1083	1087.5	1090.76
297.4	912.3	942.1	958.9	979.07	996.32	1009.7	1023.8	1037.1	1047.9	1061.5	1069.5	1075.9	1081	1082.9	1088.65	1093.18
297.5	906.88	938.88	953.48	972.83	990.77	1005.5	1018.5	1032.6	1043.2	1056	1066.2	1072.6	1079.5	1081.1	1087.75	1092.91
297.6	902.25	935.4	948.78	966.34	984.93	1000.7	1013.7	1028.1	1039.3	1051.4	1062.9	1069	1076.5	1078.1	1084.9	1090.21
297.7	897.05	929.88	944.13	959.91	979	995.44	1009.5	1023.2	1035.4	1046.8	1059.6	1065.4	1072.5	1075.5	1081.95	1087.43
297.8	891.27	924.59	939.83	954.45	973.03	989.89	1005	1018.1	1031.3	1042.1	1055.3	1062.1	1068.7	1074.1	1080.8	1087.1
297.9	885.23	919.37	935.51	949.66	966.74	984.21	1000	1013.5	1027.2	1037.8	1050.3	1059	1065.2	1073	1080.45	1087.88
298	879.96	913.5	930.59	945.01	960.43	978.59	994.65	1009.2	1022.5	1033.8	1045.6	1055.9	1061.6	1070.2	1078.2	1086.15
298.1	876.1	907.48	925.66	940.79	954.96	972.91	989.05	1004.4	1017.7	1030.1	1041.2	1052.6	1057.8	1065.9	1074.2	1082.13
298.2	871.69	901.52	920.7	936.59	950.1	966.85	983.51	999.23	1013.3	1026.3	1036.5	1048.8	1054.5	1061.8	1070.8	1078.96
298.3	866.28	895.71	915.04	931.81	945.5	960.7	978.17	993.73	1008.9	1021.9	1032.3	1044.1	1051.6	1058.2	1067.85	1076.37
298.4	861.53	890.51	909.26	927.03	941.37	955.23	972.79	988.06	1003.9	1017.2	1028.7	1039.6	1048.8	1054.6	1064.65	1073.34
298.5	857.08	885.16	903.53	922.24	937.24	950.34	966.98	982.64	998.48	1013	1025.1	1035.5	1045.6	1050.6	1060.85	1069.51
298.6	853.26	879.59	897.72	916.73	932.55	945.81	960.97	977.58	992.8	1008.4	1021.3	1030.8	1042	1047.1	1057.45	1066.31
298.7	850.13	874.75	892.35	911.07	927.91	941.77	955.5	972.51	987.05	1003.2	1017.1	1026.2	1037.7	1044.3	1054.6	1063.91
298.8	845.7	870	887.01	905.38	923.32	937.68	950.59	966.97	981.72	997.53	1012.3	1022.4	1033.4	1041.8	1052.35	1062.3
298.9	840.35	865.36	881.67	899.43	918.01	933.04	946.15	961.13	976.92	991.69	1007.8	1018.9	1029.5	1038.9	1049.75	1060.14
299	835.66	861.29	877.15	893.9	912.48	928.52	942.19	955.67	972.18	985.81	1003.5	1015.2	1025.1	1035.5	1046.3	1056.89
299.1	831.51	856.71	872.59	888.59	906.81	924.17	938.11	950.74	966.92	980.56	998.59	1011.1	1020.3	1031.4	1042.255	1053.018
299.2	826.92	851.7	867.84	883.32	900.72	919.09	933.48	946.41	961.25	976.05	993.28	1006.5	1016.1	1027.2	1038.61	1049.746
299.3	822.34	847.18	863.67	878.64	895.06	913.72	929.07	942.54	955.79	971.65	987.83	1001.7	1012.5	1023.6	1035.935	1047.746
299.4	817.71	842.73	859.23	873.98	889.82	908.04	924.96	938.44	950.85	966.71	982.17	997.46	1008.8	1019.7	1033.015	1045.408
299.5	812.94	837.86	854.47	869.22	884.67	901.79	920.14	933.8	946.63	961.21	976.66	993	1004.9	1014.8	1028.92	1041.552
299.6	809.12	833.07	850.07	865.04	879.99	896.02	914.91	929.49	942.85	955.78	971.79	987.85	1000.5	1010.1	1024.455	1037.213
299.7	805.6	828.42	845.68	860.76	875.32	890.88	909.19	925.65	938.72	950.82	967.35	982.61	995.6	1006.3	1020.425	1033.409
299.8	802.18	823.62	840.94	856.18	870.54	885.86	902.77	921.12	934.03	946.76	962.86	977.37	991.12	1002.6	1016.73	1030.027
299.9	799.09	819.23	836.25	851.83	866.36	881.16	896.9	916.05	929.81	943.08	957.98	972.01	986.98	998.7	1013.2	1026.913
300	795.6	815.08	831.76	847.54	862.24	876.46	891.87	910.28	926.25	938.91	952.78	966.96	982.15	994.5	1009.185	1023.22
300.1	791.48	811.07	827.1	843	857.79	871.67	886.97	903.67	922.03	934.14	947.69	962.32	977.06	989.7	1004.385	1018.462
300.2	787.08	807.37	822.6	838.45	853.45	867.53	882.23	897.71	917.11	929.98	943.48	957.81	972.2	984.9	999.26	1013.125
300.3	782.77	803.49	818.29	834.12	849.18	863.58	877.49	892.83	911.27	926.76	940.1	953.27	967.17	980.79	994.325	1007.922
300.4	778.54	799.38	814.16	829.61	844.74	859.24	872.7	888.06	904.46	922.86	936.32	948.59	962.13	976.42	989.325	1002.709
300.5	775.16	795.15	810.25	825.04	840.3	854.87	868.61	883.27	898.43	918.12	931.52	943.83	957.32	971.39	984.01	997.79
300.6	772.49	790.87	806.2	820.64	836.15	850.64	864.83	878.46	893.7	912.22	926.33	939.35	952.65	966.63	978.9	992.54
300.7	769.27	786.63	802.13	816.46	831.79	846.35	860.59	873.68	889.07	905.13	921.82	935.59	948.18	962.04	974.55	987.775
300.8	766	782.89	797.99	812.37	827.16	842.06	856.17	869.67	884.21	899.03	918.03	931.91	943.92	957.22	970.64	983.295
300.9	762.87	779.56	793.77	808.18	822.69	838.07	851.97	866.09	879.34	894.53	914.16	927.51	939.65	952.36	965.8	978.225
301	759.34	776.05	789.65	804.13	818.5	833.86	847.84	861.94	874.56	890.05	909.22	922.38	935.27	947.51	961.01	973.575
301.1	755.91	772.67	785.88	800.04	814.27	829.19	843.69	857.45	870.65	885.09	902.77	917.39	931.2	942.88	956.83	969.575
301.2	752.79	769.4	782.38	795.84	809.94	824.65	839.87	853.26	867.27	880.14	896.43	913.15	927.4	938.8	952.4	965.225
301.3	749.19	765.88	778.86	791.84	805.9	820.41	835.81	849.3	863.21	875.35	891.73	909.14	923.27	935.05	947.65	960.605
301.4	745.11	762.41	775.48	788.09	801.83	816.04	831.1	845.3	858.63	871.57	888.08	904.83	918.42	931.11	942.73	955.87
301.5	741.21	759.06	772.16	784.5	797.64	811.57	826.51	841.67	854.46	868.45	884.06	899.61	913.2	926.97	937.81	951.49
301.6	736.99	755.42	768.7	781.01	793.75	807.54	822.27	837.76	850.66	864.44	879.04	893.85	908.44	922.95	933.6	948.15
301.7	732.42	751.49	765.27	777.66	790.04	803.45	817.76	833.01	846.82	859.75	873.67	888.99	904.07	918.89	930.23	945.18
301.8	728.83	747.57	761.85	774.28	786.41	799.26	813.16	828.39	843.38	855.58	869.24	885.15	899.87	914.37	926.89	941.5
301.9	726.08	743.36	758.27	770.87	782.96	795.5	809.13	824.15	839.63	851.96	866	881.38	895.51	909.22	923.01	936.93
302	723.27	738.89	754.46	767.49	779.63	791.86	805.02	819.52	834.85	848.28	862.59	876.97	890.69	904.02	918.85	932.375
302.1	720.69	735.11	750.56	764.03	776.18	788.21	800.78	814.79	830.19	845.04	858.52	871.95	886.13	899.19	914.64	928.26
302.2	718.09	731.95	746.4	760.52	772.82	784.83	797.11	810.75	825.96	841.49	854.06	867.08	882.17	894.71	910.36	924.175
302.3	715.43	728.82	742.04	756.82	769.5	781.51	793.54	806.59	821.21	836.63	849.5	863.11	878.42	890.67	905.48	919.26
302.4	713.63	725.98	738.23	752.91	766	777.98	789.89	802.31	816.36	831.95	845.57	859.48	874.46	886.8	900.06	913.72
302.5	712.56	723.25	734.97	748.81	762.56	774.68	786.59	798.74	812.3	827.77	842.26	855.48	869.98	882.93	894.79	908.515
302.6	710.66	720.55	731.78	744.56	758.95	771.42	783.28	795.26	808.07	822.89	838.71	851.2	865.14	879.17	889.79	903.775
302.7	707.82	718.52	728.88	740.74	755.04	767.89	779.67	791.62	803.73	817.9	834.42	846.67	860.61	875.4	885.56	899.925
302.8	705.28	716.94	726.13	737.43	751	764.52	776.4	788.4	800.25	813.86	830.02	842.48	856.47	871.62	882.26	896.83
302.9	702.85	714.73	723.45	734.23	746.86	761.01	773.22	785.11	796.86	809.56	825.55	838.91	852.33	867.67	879.31	893.69
303	700.42	711.98	721.34	731.3	743.04	757.07	769.66	781.4	793.26	805.09	820.84	835.53	848.17	863.24	876.19	890.045
303.1	698.47	709.49	719.54	728.56	739.69	753.09	766.35	778.18	790.13	801.74	816.65	831.78	843.79	858.49	872.53	885.885
303.2	696.47	706.95	717.17	725.92	736.5	749.08	762.93	775.06	786.84	798.46	812.99	827.73	839.41	853.81	868.7	881.74
303.3	693.72	704.34	714.42	723.76	733.56	745.26	758.97	771.48	783.03	794.88	809.17	823.67	835.57	849.26	865.12	877.915
303.4	691.07	702.14	711.91	721.79	730.82	741.87	755.05	768.24	779.85	791.88	804.98	819.43	832.11	845.04	861.28	874.085
303.5	688.91	699.94	709.28	719.3	728.23	738.7	751.16	764.9	776.8	788.59	800.88	815.3	828.65	840.86	856.73	869.51
303.6	685.78	697.27	706.56	716.53	726.04	735.75	747.34	760.93	773.2	784.64	797.05	811.61	825.03	836.45	851.73	864.15
303.7	682.01	694.76	704.23	713.99	723.93	733.02	743.94	757.07	770.04	781.51	793.85	808.03	821.38	832.35	846.58	858.74
303.8	678.87	692.53	701.95	711.25	721.32	730.48	740.79	753.29	766.76	778.57	790.99	804.07	817.57	828.7	841.97	854.285
303.9	675.95	689.49	699.34	708.44	718.54	728.26	737.84	749.48	762.75	774.91	787.56	799.88	813.7	825.25	837.98	850.665
304	673.3	686.03	696.91	706.02	715.94	726.02	735.12	746.06	758.95	771.84	783.76	795.9	810.08	821.96	833.67	846.7
304.1	671.53	683.08	694.69	703.67	713.1	723.32	732.64	742.92	755.3	768.66	780.07	792.28	806.62	818.74	829.35	842.58
304.2	669.86	680.16	691.73	701.1	710.21	720.52	730.4	739.97	751.5	764.56	776.62	789.09	802.94	815.36	825.52	838.655
304.3	667.86	677.33	688.48	698.74	707.7	717.85	728.04	737.27	748.05	760.85	773.62	785.82	798.89	811.84	821.88	834.89
304.4	666.9	675.2	685.7	696.53	705.28	714.91	725.26	734.84	744.94	757.35	770.71	782.08	794.79	808.45	818.67	831.855
304.5	666.37	673.18	682.82	693.65	702.75	711.94	722.43	732.59	741.99	753.53	767.24	778.27	790.86	805.1	815.87	829.285
304.6	665.49	671.02	679.95	690.59	700.44	709.34	719.7	730.12	739.3	750.07	763.26	774.81	787.3	801.64	812.93	826.345
304.7	665.14	669.75	677.66	687.96	698.25	706.85	716.64	727.26	736.94	746.99	759.55	771.82	783.96	797.89	809.77	822.805
304.8	664.43	668.87	675.46	685.14	695.45	704.35	713.6	724.41	734.68	744.03	756.49	769.1	780.29	793.79	806.72	819.065
304.9	662.43	667.8	673.17	682.25	692.56	702.09	710.92	721.6	732.12	741.37	753.64	766.17	776.43	789.68	803.58	815.335
305	660.3	667.25	671.72	679.85	690.08	699.91	708.36	718.43	729.19	739.08	750.61	762.64	772.86	785.77	800.27	811.835
305.1	658.92	666.49	670.64	677.52	687.32	697.2	705.89	715.31	726.32	736.81	747.29	758.91	769.79	782.17	796.84	808.47
305.2	657.18	664.75	669.43	675.12	684.44	694.48	703.66	712.54	723.42	734.15	743.92	755.75	767.18	778.52	792.93	804.315
305.3	654.92	662.94	668.77	673.51	681.95	692.13	701.49	709.91	720.13	731.17	741.09	753.05	764.64	774.65	788.75	799.55
305.4	652.43	661.59	667.98	672.25	679.51	689.43	698.87	707.46	716.95	728.28	738.84	750.2	761.61	770.94	784.59	794.96
305.5	649.27	659.81	666.38	670.92	677.02	686.57	696.32	705.26	714.09	725.3	736.38	746.95	758.12	767.72	780.62	791.005
305.6	646.43	657.53	664.76	670.17	675.25	684.02	694.09	703.1	711.39	721.87	733.21	743.41	754.86	765.1	776.87	787.715
305.7	644.87	655.08	663.45	669.35	673.81	681.48	691.45	700.56	708.95	718.62	730.01	740.16	752.2	762.8	772.98	784.3
305.8	644.14	652.11	661.66	667.87	672.37	678.9	688.62	698.17	706.78	715.7	727.17	737.61	749.61	760.25	769.14	780.46
305.9	643.5	649.36	659.38	666.4	671.53	676.97	686.03	696.07	704.62	712.91	724.26	735.35	746.55	757.18	765.73	776.645
306	642.99	647.61	656.94	665.12	670.67	675.37	683.41	693.48	702.17	710.48	721.21	732.6	743	753.95	762.98	773.655
306.1	642.67	646.51	654.08	663.34	669.3	673.82	680.74	690.7	699.94	708.31	718.2	729.41	739.41	751.21	760.82	771.72
306.2	641.7	645.61	651.38	661.07	667.96	672.89	678.66	688.08	697.95	706.15	715.46	726.44	736.43	748.87	758.63	769.845
306.3	640.04	644.94	649.53	658.64	666.71	671.99	676.89	685.38	695.43	703.8	712.97	723.68	734.1	746.14	756.03	767.26
306.4	638.43	644.44	648.26	655.85	664.95	670.7	675.24	682.63	692.69	701.73	710.57	720.81	731.72	742.7	753.06	764.005
306.5	636.94	643.42	647.23	653.2	662.69	669.48	674.22	680.39	690.05	699.85	708.15	717.87	728.73	738.91	750.2	760.72
306.6	635.5	641.84	646.48	651.27	660.27	668.26	673.27	678.45	687.3	697.37	705.54	715.12	725.63	735.49	747.97	758.155
306.7	633.84	640.31	645.87	649.88	657.55	666.53	672.06	676.69	684.47	694.69	703.46	712.63	722.89	732.84	745.67	755.775
306.8	632.27	638.89	644.78	648.77	654.94	664.29	670.94	675.58	682.07	692.07	701.83	710.16	720.2	730.62	742.48	752.71
306.9	631.37	637.39	643.2	647.95	652.94	661.88	669.76	674.58	679.97	689.26	699.74	707.65	717.39	728	738.64	748.815
307	630.96	635.68	641.7	647.23	651.44	659.22	668.06	673.45	678.11	686.36	696.91	705.06	714.67	724.89	734.86	744.775
307.1	630.75	634.12	640.32	646.08	650.26	656.64	665.85	672.42	676.91	683.79	693.88	702.83	712.19	722.02	731.75	741.345
307.2	630.06	633.14	638.8	644.49	649.37	654.58	663.45	671.26	675.85	681.53	691.3	701.24	709.74	719.44	729.41	738.51
307.3	628.82	632.57	637.05	643	648.56	652.98	660.85	669.61	674.78	679.56	688.91	699.55	707.16	716.82	727.18	735.815
307.4	627.36	632.16	635.49	641.64	647.34	651.74	658.29	667.44	673.84	678.27	686.62	697.07	704.51	714.17	724.24	732.79
307.5	625.9	631.4	634.49	640.11	645.75	650.8	656.16	665.05	672.71	677.15	684.25	694.08	702.11	711.72	721.17	729.99
307.6	624.96	630.21	633.84	638.32	644.25	649.88	654.49	662.49	671.1	676.13	682.03	691.5	700.45	709.34	718.59	727.51
307.7	624.21	628.87	633.32	636.77	642.92	648.61	653.2	659.95	668.98	675.27	680.37	689.38	699.06	706.76	716.15	724.84
307.8	622.92	627.55	632.51	635.75	641.36	647	652.2	657.76	666.6	674.16	679.04	687.29	697.01	704.01	713.65	722.01
307.9	621.45	626.6	631.33	635.03	639.54	645.5	651.19	656.02	664.08	672.61	677.95	684.96	694.16	701.44	711.22	719.46
308	620.65	625.78	630.05	634.42	638.01	644.18	649.86	654.69	661.56	670.55	676.8	682.51	691.49	699.62	708.95	717.505
308.1	620.35	624.5	628.81	633.57	636.98	642.6	648.23	653.63	659.31	668.17	675.47	680.49	689.5	698.38	706.46	715.405
308.2	620.09	623.12	627.88	632.39	636.18	640.75	646.73	652.52	657.5	665.7	673.79	678.97	687.71	696.76	703.63	712.525
308.3	619.67	622.27	627.04	631.16	635.5	639.23	645.41	651.13	656.14	663.18	671.67	677.74	685.62	694.21	700.87	709.105
308.4	618.39	621.77	625.79	629.99	634.61	638.19	643.81	649.5	655.03	660.87	669.51	676.47	683.09	691.44	698.82	706.305
308.5	616.63	621.33	624.46	629.08	633.43	637.33	641.92	647.97	653.82	659.01	667.45	675.02	680.71	689.41	697.55	704.745
308.6	615.52	620.78	623.58	628.24	632.24	636.58	640.42	646.66	652.38	657.61	665.33	673.34	678.95	687.92	696.34	703.63
308.7	614.87	619.58	622.95	627.01	631.14	635.65	639.38	645.03	650.73	656.45	663.11	671.31	677.59	686.2	694.21	701.655
308.8	613.72	618.01	622.39	625.73	630.24	634.46	638.46	643.12	649.18	655.15	661.04	669.19	676.23	683.78	691.4	698.695
308.9	612.2	616.87	621.76	624.82	629.4	633.31	637.64	641.64	647.87	653.65	659.47	667.19	674.65	681.16	689.2	696.185
309	611.08	616.05	620.59	624.08	628.2	632.26	636.67	640.58	646.22	651.99	658.24	665.27	672.89	679.05	687.87	694.76
309.1	610.41	614.86	619.1	623.43	626.97	631.39	635.48	639.6	644.27	650.41	656.79	663.26	670.87	677.54	686.6	693.74
309.2	610.45	613.43	617.94	622.71	626.03	630.55	634.36	638.72	642.82	649.1	655.04	661.2	668.76	676.14	684.51	691.98
309.3	611.33	612.35	617.01	621.56	625.19	629.38	633.36	637.72	641.75	647.41	653.2	659.44	666.79	674.47	681.8	689.315
309.4	611.81	611.67	615.78	620.13	624.45	628.2	632.5	636.52	640.71	645.44	651.79	658.2	664.98	672.57	679.32	686.505
309.5	611.19	611.51	614.4	618.94	623.66	627.24	631.66	635.42	639.77	644.02	650.85	657.11	663.18	670.49	677.58	684.27
309.6	610.36	612.03	613.38	617.92	622.52	626.3	630.53	634.47	638.74	642.95	649.41	655.68	661.25	668.35	676.19	682.525
309.7	609.59	612.31	612.7	616.67	621.14	625.48	629.4	633.62	637.54	641.83	647.29	653.92	659.38	666.35	674.48	680.695
309.8	608.84	611.83	612.4	615.34	619.91	624.62	628.42	632.79	636.46	640.84	645.51	652.26	657.99	664.57	672.43	678.585
309.9	608.23	611.21	612.67	614.35	618.81	623.48	627.4	631.7	635.55	639.78	644.4	651.04	657.11	662.94	670.22	676.17
310	607.12	610.55	612.84	613.67	617.55	622.14	626.49	630.62	634.7	638.57	643.49	649.78	656.08	661.22	667.98	673.7
310.1	605.02	609.78	612.43	613.26	616.25	620.87	625.57	629.61	633.88	637.51	642.35	647.96	654.56	659.36	665.92	671.62
310.2	603.29	609.09	611.95	613.32	615.29	619.69	624.42	628.51	632.83	636.63	640.95	646.04	652.81	657.77	664.12	669.985
310.3	602.96	608.01	611.35	613.37	614.62	618.42	623.12	627.54	631.8	635.79	639.6	644.65	651.3	656.88	662.58	668.695
310.4	603.11	606.2	610.54	613.02	614.1	617.16	621.81	626.54	630.78	634.98	638.63	643.66	650.01	656.23	661.05	667.335
310.5	603.2	604.68	609.8	612.66	613.97	616.22	620.56	625.38	629.6	633.98	637.97	642.6	648.46	655.1	659.36	665.61
310.6	602.73	604.17	608.77	612.11	613.93	615.55	619.28	624.12	628.56	632.99	637.31	641.34	646.6	653.45	657.64	663.695
310.7	601.64	604.04	607.17	611.27	613.62	614.94	618.05	622.76	627.5	631.96	636.48	640.1	644.97	651.74	656.53	662.35
310.8	600.97	603.9	605.79	610.49	613.35	614.63	617.13	621.44	626.33	630.7	635.28	639.09	643.82	650.27	656.13	661.72
310.9	601.14	603.41	605.18	609.51	612.84	614.5	616.46	620.16	625.08	629.61	634.18	638.23	642.76	648.84	655.48	660.785
311	601.2	602.45	604.85	608.08	611.97	614.23	615.76	618.95	623.69	628.49	633.08	637.39	641.58	647.16	654.1	658.985
311.1	601.04	601.79	604.57	606.83	611.17	614.04	615.29	618.04	622.3	627.28	631.81	636.46	640.45	645.44	652.32	656.81
311.2	601.01	601.79	604.06	606.13	610.23	613.56	615.07	617.38	621.02	626.06	630.68	635.31	639.5	644.07	650.65	655.03
311.3	600.39	601.79	603.15	605.64	608.97	612.67	614.84	616.6	619.84	624.62	629.51	634.14	638.59	642.92	649.16	653.55
311.4	599.71	601.66	602.47	605.24	607.83	611.85	614.71	615.98	618.93	623.17	628.44	633.08	637.59	641.77	647.66	652.005
311.5	599.44	601.57	602.36	604.71	607.06	610.96	614.25	615.68	618.27	621.9	627.24	631.87	636.5	640.68	646.02	650.425
311.6	598.73	600.98	602.33	603.83	606.42	609.85	613.35	615.47	617.42	620.73	625.77	630.68	635.33	639.83	644.46	649.035
311.7	598.22	600.32	602.22	603.12	605.91	608.81	612.51	615.39	616.66	619.82	624.3	629.62	634.1	639.02	643.14	647.84
311.8	598.23	599.98	602.1	602.92	605.36	607.96	611.67	614.94	616.29	619.17	623.09	628.67	633.03	637.95	641.96	646.6
311.9	597.57	599.35	601.52	602.86	604.51	607.2	610.7	614.03	616.09	618.25	622.1	627.64	631.89	636.69	640.87	645.395
312	596.3	598.82	600.83	602.78	603.77	606.61	609.75	613.2	616.05	617.35	621.29	626.37	630.63	635.4	640.06	644.575
312.1	595.51	598.66	600.46	602.62	603.47	606.03	608.84	612.4	615.61	616.92	620.59	625.04	629.58	634.13	639.44	643.985
312.2	595.1	597.97	599.87	602.04	603.39	605.19	607.98	611.56	614.69	616.73	619.43	623.81	628.73	633	638.44	643.035
312.3	594.85	596.84	599.32	601.33	603.33	604.4	607.3	610.7	613.86	616.71	618.21	622.73	627.89	631.91	637.04	641.63
312.4	595.2	596.1	599.04	600.93	603.14	604.02	606.69	609.73	613.11	616.28	617.6	621.81	626.79	630.64	635.59	640.005
312.5	595.18	595.67	598.33	600.38	602.55	603.93	605.86	608.77	612.39	615.35	617.6	621.08	625.61	629.48	634.24	638.44
312.6	594.34	595.39	597.28	599.81	601.82	603.88	605.03	608.02	611.61	614.55	617.83	620.18	624.49	628.67	633.03	637.275
312.7	593.47	595.6	596.58	599.42	601.39	603.65	604.56	607.38	610.58	613.84	617.28	619.02	623.37	628.01	631.94	636.435
312.8	592.69	595.58	596.15	598.69	600.88	603.06	604.46	606.54	609.55	613.23	616.02	618.13	622.34	627.1	630.71	635.195
312.9	592.28	594.9	595.83	597.7	600.29	602.32	604.43	605.66	608.74	612.51	614.95	617.75	621.52	626.04	629.41	633.555
313	592.06	594.14	595.98	597.03	599.78	601.86	604.16	605.12	608.06	611.43	614.45	617.77	620.77	625.08	628.52	632.175
313.1	591.47	593.49	595.99	596.6	599.04	601.39	603.56	605.01	607.21	610.33	614.33	617.46	619.77	624.03	628	631.285
313.2	590.68	593.06	595.4	596.26	598.12	600.76	602.81	605	606.28	609.48	613.78	616.43	618.77	622.94	627.34	630.595
313.3	590.19	592.72	594.74	596.35	597.47	600.15	602.32	604.68	605.66	608.76	612.46	615.24	618.09	622	626.38	629.76
313.4	590.33	592.09	594.18	596.38	597.04	599.4	601.88	604.07	605.55	607.88	610.98	614.41	617.79	621.26	625.54	628.965
313.5	590.69	591.28	593.74	595.89	596.68	598.54	601.23	603.31	605.55	606.9	610.02	614.04	617.55	620.45	624.69	627.895
313.6	590.86	590.75	593.33	595.32	596.72	597.9	600.52	602.79	605.18	606.21	609.59	613.7	616.76	619.49	623.61	626.505
313.7	590.75	590.78	592.66	594.84	596.78	597.47	599.75	602.38	604.57	606.1	608.99	612.83	615.57	618.63	622.54	625.44
313.8	590.14	590.99	591.83	594.41	596.38	597.1	598.95	601.7	603.81	606.11	607.94	611.56	614.54	618.01	621.73	624.955
313.9	589.82	591.11	591.24	593.92	595.88	597.09	598.32	600.9	603.25	605.69	606.98	610.48	613.85	617.63	621.05	624.625
314	589.84	591.05	591.18	593.23	595.48	597.17	597.89	600.12	602.87	605.08	606.85	609.93	613.45	617.02	620.21	623.755
314.1	589.33	590.61	591.29	592.36	595.06	596.86	597.51	599.37	602.16	604.31	607	609.47	612.92	615.96	619.3	622.545
314.2	588.55	590.31	591.36	591.72	594.52	596.43	597.46	598.75	601.26	603.72	606.55	608.68	611.98	614.83	618.47	621.545
314.3	587.96	590.22	591.36	591.58	593.8	596.1	597.56	598.31	600.48	603.38	605.71	607.75	610.92	613.86	617.8	620.855
314.4	587.74	589.68	591.02	591.59	592.9	595.7	597.33	597.92	599.79	602.63	604.68	607.19	610.23	613.21	617.23	620.24
314.5	587.74	588.92	590.74	591.62	592.2	595.11	596.97	597.84	599.16	601.63	604.15	607.06	609.82	612.79	616.35	619.215
314.6	588.23	588.34	590.59	591.68	591.98	594.37	596.72	597.97	598.71	600.86	604.02	606.71	609.23	612.2	615.22	617.965
314.7	588.59	588.03	590	591.43	591.9	593.44	596.33	597.8	598.32	600.21	603.39	606.04	608.47	611.32	614.1	616.74
314.8	588.34	587.97	589.25	591.16	591.89	592.68	595.69	597.51	598.2	599.57	602.23	605.14	607.75	610.55	613.14	615.845
314.9	588.16	588.32	588.66	590.95	591.99	592.38	594.93	597.33	598.36	599.12	601.26	604.4	607.29	610.11	612.57	615.425
315	587.49	588.63	588.28	590.33	591.83	592.22	593.98	596.96	598.27	598.73	600.75	604.06	606.85	609.64	612.2	614.99
315.1	586.42	588.5	588.16	589.57	591.56	592.16	593.16	596.28	598.03	598.57	600.33	603.66	606.25	609.08	611.65	614.36
315.2	585.65	588.36	588.43	588.98	591.3	592.31	592.79	595.51	597.92	598.76	599.94	602.88	605.53	608.44	610.9	613.68
315.3	584.88	587.82	588.71	588.53	590.65	592.23	592.53	594.53	597.57	598.73	599.46	602.05	604.73	607.75	610.37	613.22
315.4	584.24	586.94	588.64	588.34	589.9	591.96	592.43	593.64	596.86	598.55	599.21	601.48	604.17	607.09	609.98	612.785
315.5	583.85	586.21	588.55	588.54	589.29	591.65	592.62	593.2	596.08	598.52	599.36	601	603.76	606.43	609.54	612.255
315.6	583.47	585.46	588.11	588.79	588.77	590.98	592.61	592.86	595.07	598.19	599.39	600.56	603.25	605.84	609.1	611.74
315.7	583.3	584.81	587.37	588.79	588.53	590.23	592.35	592.72	594.13	597.44	599.2	600.18	602.66	605.12	608.43	610.9
315.8	584.11	584.3	586.69	588.73	588.65	589.6	591.99	592.94	593.61	596.66	599.09	599.84	602.17	604.41	607.54	609.825
315.9	585.13	583.78	585.96	588.39	588.88	589.02	591.3	593	593.19	595.63	598.73	599.68	601.69	603.85	606.65	608.735
316	585.61	583.53	585.31	587.79	588.93	588.72	590.55	592.73	593	594.61	597.93	599.49	601.14	603.41	606.06	608.02
316.1	585.93	584.11	584.71	587.16	588.91	588.77	589.9	592.35	593.26	594.04	597.1	599.15	600.81	603.07	605.53	607.49
316.2	585.59	584.96	584.07	586.45	588.66	588.97	589.26	591.64	593.37	593.53	596.09	598.93	600.53	602.79	604.79	606.72
316.3	585.04	585.47	583.71	585.79	588.19	589.07	588.91	590.89	593.11	593.29	595.22	598.73	600.21	602.4	604.04	605.875
316.4	584.8	585.83	584.13	585.12	587.61	589.09	588.89	590.22	592.69	593.58	594.69	598.19	599.8	601.77	603.49	605.28
316.5	584.06	585.65	584.85	584.36	586.92	588.93	589.07	589.51	591.97	593.75	594.18	597.37	599.24	601.36	603.27	605.265
316.6	582.71	585.27	585.36	583.9	586.27	588.58	589.22	589.11	591.22	593.48	593.89	596.41	598.8	601.19	603.26	605.65
316.7	581.63	585.14	585.79	584.16	585.52	588.05	589.25	589.03	590.52	593.03	594.09	595.56	598.63	600.89	603.1	605.765
316.8	581.43	584.57	585.71	584.76	584.66	587.38	589.18	589.17	589.76	592.32	594.28	595.05	598.33	600.33	602.5	605.14
316.9	581.55	583.36	585.45	585.28	584.1	586.74	588.96	589.37	589.31	591.56	593.94	594.65	597.62	599.52	601.9	604.335
317	581.53	582.25	585.46	585.75	584.2	585.92	588.48	589.43	589.16	590.84	593.28	594.24	596.69	598.81	601.76	604.045
317.1	581.41	581.81	585.04	585.76	584.68	584.96	587.83	589.43	589.27	590.01	592.46	594.05	595.79	598.51	601.63	603.86
317.2	581.21	581.74	583.95	585.63	585.2	584.31	587.21	589.34	589.51	589.51	591.84	594.08	595.29	598.35	601.07	603.205
317.3	581.05	581.68	582.78	585.75	585.71	584.25	586.32	588.9	589.59	589.3	591.28	593.97	595.04	597.86	600.04	601.985
317.4	581.13	581.58	582.14	585.5	585.81	584.61	585.26	588.28	589.67	589.38	590.53	593.62	594.67	596.97	599.01	600.685
317.5	581.28	581.46	581.92	584.5	585.79	585.13	584.52	587.68	589.69	589.65	590.05	593.06	594.23	596	598.46	599.93
317.6	580.96	581.33	581.83	583.29	586.04	585.67	584.31	586.74	589.31	589.75	589.76	592.44	593.97	595.44	598.3	599.8
317.7	580.7	581.35	581.76	582.46	585.93	585.86	584.55	585.58	588.72	589.91	589.85	591.92	593.85	595.29	598.03	599.715
317.8	580.9	581.44	581.7	582.11	585.05	585.94	585.07	584.75	588.14	590.06	590.1	591.27	593.71	595.1	597.28	599.195
317.9	581.13	581.18	581.6	581.99	583.78	586.31	585.64	584.39	587.14	589.72	590.09	590.71	593.49	594.62	596.24	598.195
318	581.45	580.89	581.56	581.94	582.78	586.36	585.89	584.51	585.89	589.15	590.19	590.35	593.01	594.06	595.54	597.395
318.1	581.89	580.85	581.61	581.93	582.32	585.57	586.08	585.02	584.98	588.61	590.34	590.22	592.47	593.72	595.42	597.17
318.2	581.71	580.79	581.4	581.85	582.16	584.27	586.57	585.61	584.47	587.55	590.06	590.3	591.94	593.64	595.44	597.11
318.3	580.72	580.84	581.06	581.77	582.12	583.11	586.77	585.93	584.48	586.21	589.49	590.24	591.34	593.7	595.11	596.84
318.4	579.66	581.15	580.8	581.79	582.16	582.53	586.09	586.23	584.97	585.22	588.94	590.12	590.96	593.51	594.39	596.085
318.5	578.8	581.26	580.48	581.62	582.1	582.34	584.75	586.83	585.57	584.57	587.9	590.06	590.71	593	593.72	595.19
318.6	578.1	580.8	580.27	581.23	581.97	582.3	583.44	587.17	585.95	584.45	586.57	589.88	590.6	592.52	593.5	594.82
318.7	577.95	580.1	580.47	580.77	581.97	582.38	582.76	586.59	586.35	584.93	585.57	589.56	590.47	591.97	593.71	594.915
318.8	578.11	579.46	580.83	580.18	581.84	582.34	582.53	585.23	587.07	585.54	584.98	589.24	590.21	591.56	593.89	595.05
318.9	578.03	578.94	580.84	579.73	581.4	582.18	582.48	583.78	587.55	585.97	584.93	588.57	589.94	591.29	593.54	594.9
319	578.18	578.84	580.46	579.82	580.74	582.15	582.6	583	587.08	586.48	585.37	587.42	589.65	591.03	593.03	594.835
319.1	578.48	578.99	580.04	580.41	579.91	582.06	582.58	582.73	585.69	587.31	585.89	586.4	589.42	590.8	592.57	594.77
319.2	578.52	578.82	579.68	580.85	579.21	581.57	582.37	582.67	584.12	587.94	586.22	585.85	589.32	590.44	592.15	594.445
319.3	578.75	578.58	579.67	580.77	579.19	580.72	582.33	582.82	583.25	587.56	586.59	585.73	589.03	590.01	591.89	594.03
319.4	578.87	578.45	579.86	580.58	579.99	579.65	582.28	582.82	582.94	586.16	587.43	585.9	588.14	589.52	591.6	593.41
319.5	578.59	578.31	579.58	580.4	580.83	578.72	581.74	582.58	582.85	584.47	588.19	586.06	587.12	589.19	591.25	592.815
319.6	578.41	578.48	578.98	580.48	581.05	578.57	580.7	582.52	583.02	583.51	587.85	586.07	586.58	589.22	590.8	592.375
319.7	578.12	578.71	578.46	580.72	581.08	579.58	579.4	582.51	583.04	583.16	586.23	586.1	586.5	589.28	590.25	591.84
319.8	577.93	578.61	578.13	580.34	581.09	580.8	578.25	581.91	582.77	583.04	584.32	586.54	586.6	588.73	589.59	590.685
319.9	578.42	578.49	578.24	579.39	581.28	581.29	577.98	580.69	582.7	583.23	583.55	587.25	586.54	587.77	589	589.26
320	578.66	578.25	578.57	578.51	581.57	581.54	579.16	579.18	582.73	583.27	583.63	587.38	586.22	587.19	588.98	588.885
320.1	578.21	578.07	578.62	577.98	581.1	581.76	580.74	577.8	582.08	582.97	583.77	586.41	585.87	587.16	589.31	589.685
320.2	577.78	578.42	578.57	578.03	579.82	582.06	581.5	577.4	580.69	582.89	583.86	584.89	585.89	587.35	589.18	590.41
320.3	577.52	578.66	578.38	578.43	578.58	582.41	581.98	578.75	578.96	582.96	583.65	583.94	586.36	587.26	588.37	590.03
320.4	577.53	578.32	578.17	578.62	577.86	581.86	582.41	580.67	577.37	582.26	583.15	583.85	586.7	586.67	587.71	589.12
320.5	578.13	577.92	578.43	578.63	577.83	580.26	582.82	581.68	576.84	580.69	582.99	584.04	586.23	585.93	587.71	588.655
320.6	578.48	577.64	578.68	578.49	578.3	578.68	583.24	582.39	578.34	578.77	583.22	584.21	585.14	585.54	588.06	588.725
320.7	577.93	577.59	578.42	578.26	578.6	577.78	582.62	583.04	580.57	576.96	582.63	584.19	584.26	585.64	588.11	588.835
320.8	577.25	578.03	578.05	578.45	578.68	577.65	580.71	583.58	581.82	576.3	580.87	583.82	584.06	585.96	587.43	588.5