0	0	0.1	0.2	0.3	0.4	0.5	0.6	0.7	0.8	0.9	1	1.1	1.2	1.3	1.4	1.5
264.1	580.36	583.92	583.57	581.16	581.48	581.08	581.26	579.07	579.71	579.85	579.7	578.67	579.51	578.8157143	578.5992857	578.3828571
264.2	581.65	584.28	583.86	582.04	581.45	581.08	581.81	579.46	579.92	579.39	580.21	579.12	580.29	579.3214286	579.1446429	578.9678571
264.3	583.79	583.81	583.88	583.08	581.43	581.74	581.84	580.87	579.71	579.12	580.91	579.78	580.63	579.75	579.5853571	579.4207143
264.4	585.91	582.7	584.37	583.95	581.92	582.32	581.6	582.07	579.38	579.67	581.35	580.24	580.52	579.9857143	579.8096429	579.6335714
264.5	587.7	581.71	584.79	584.12	582.65	582.25	581.78	582.49	580.13	580.61	581.47	580.45	580.28	579.9957143	579.7371429	579.4785714
264.6	588.55	581.16	584.34	584.17	583.6	582.24	582.65	582.41	581.88	581.1	581.33	580.85	580.28	579.96	579.575	579.19
264.7	587.37	581.43	583.44	584.77	584.32	582.62	583.16	582.15	583.06	581.13	581.03	581.59	580.66	580.3042857	579.9239286	579.5435714
264.8	585.53	582.45	582.7	585.15	584.38	583.25	583.03	582.55	583.16	580.93	581.1	582.32	581.09	580.8342857	580.5364286	580.2385714
264.9	584.73	583.26	582.35	584.76	584.51	584.13	583.02	583.58	582.66	581.05	581.68	582.76	581.26	581.1585714	580.8764286	580.5942857
265	584.69	584.01	582.76	584.17	585.19	584.68	583.26	583.98	582.42	582.1	582.21	582.95	581.49	581.5471429	581.2764286	581.0057143
265.1	585.1	585.34	583.68	583.76	585.53	584.64	583.82	583.8	583.33	583.46	582.38	582.9	582.17	582.0228571	581.7478571	581.4728571
265.2	585.33	586.77	584.27	583.63	585.27	584.89	584.64	583.74	584.69	584.15	582.39	582.84	583.05	582.3757143	582.0589286	581.7421429
265.3	585.36	587.9	584.96	584.12	584.98	585.62	585.02	583.86	584.99	584.2	582.39	583.07	583.78	582.7728571	582.4907143	582.2085714
265.4	585.76	588.63	586.21	584.91	584.84	585.96	584.91	584.38	584.55	584.09	582.82	583.41	584.28	583.2685714	583.07	582.8714286
265.5	586.48	588.29	587.41	585.35	584.9	585.87	585.3	585.13	584.23	584.4	583.86	583.56	584.54	583.6042857	583.3975	583.1907143
265.6	587.46	587.24	588.37	586.03	585.43	585.88	586.08	585.33	584.35	585.38	584.79	583.64	584.64	583.85	583.5907143	583.3314286
265.7	588.44	586.66	588.89	587.12	586.08	585.96	586.43	585.19	585.05	586.21	585.25	583.76	584.76	584.14	583.8660714	583.5921429
265.8	588.5	586.72	588.37	588	586.44	586.16	586.57	585.74	585.81	586.25	585.56	584	584.89	584.2928571	583.9796429	583.6664286
265.9	587.85	587.17	587.51	588.69	587.08	586.71	586.86	586.56	585.78	585.91	585.85	584.55	584.87	584.3514286	583.9971429	583.6428571
266	587.72	587.58	587.25	588.94	587.95	587.22	587.12	586.96	585.49	585.77	586.38	585.33	584.83	584.6628571	584.3328571	584.0028571
266.1	587.96	587.68	587.49	588.4	588.53	587.51	587.41	587.37	586.16	586.05	587.17	585.95	584.98	585.1385714	584.8128571	584.4871429
266.2	588.29	587.87	588.05	587.89	588.97	588.09	587.96	587.92	587.14	586.68	587.63	586.52	585.31	585.5571429	585.1907143	584.8242857
266.3	589.12	588.28	588.41	587.94	588.99	588.69	588.33	588.31	587.73	587.16	587.58	587.23	585.67	585.96	585.5925	585.225
266.4	589.5	588.79	588.44	588.31	588.53	589.01	588.56	588.65	588.3	587.13	587.38	587.76	586.1	586.2571429	585.8971429	585.5371429
266.5	589.19	589.5	588.63	588.9	588.37	589.21	589.04	589.16	588.98	587.28	587.37	588.2	586.58	586.5285714	586.1389286	585.7492857
266.6	589.53	589.89	588.98	589.19	588.63	589.05	589.34	589.41	589.46	588	587.67	588.71	587.15	587.14	586.7914286	586.4428571
266.7	590.12	589.59	589.46	589.22	589.12	588.77	589.41	589.57	589.77	588.69	588.19	589.02	588.13	588.0371429	587.8042857	587.5714286
266.8	590.23	589.52	590.16	589.44	589.73	588.92	589.4	589.9	590.19	589.12	588.57	589.01	589.15	588.7414286	588.5932143	588.445
266.9	590.17	589.98	590.37	589.72	589.96	589.34	589.15	589.9	590.3	589.53	588.71	588.9	589.62	589.1328571	589.055	588.9771429
267	589.79	590.43	590.03	590.12	590.01	589.96	589.12	589.74	590.39	589.85	589.1	588.94	589.82	589.4528571	589.4246429	589.3964286
267.1	589.57	590.95	590.16	590.71	590.23	590.56	589.53	589.54	590.53	590.04	589.69	589.17	590.17	589.8585714	589.8707143	589.8828571
267.2	590.56	591.36	590.77	590.78	590.41	590.73	590.08	589.3	590.24	590.33	590.13	589.64	590.48	590.2814286	590.3446429	590.4078571
267.3	592.01	591.18	591.28	590.52	590.76	590.81	590.81	589.56	589.93	590.67	590.4	590.1	590.52	590.3814286	590.4057143	590.43
267.4	592.66	591.11	591.82	590.92	591.23	590.99	591.38	590.18	589.63	590.86	590.53	590.44	590.46	590.3057143	590.2578571	590.21
267.5	593.08	591.56	592.04	591.61	591.19	591.08	591.5	590.85	589.59	591.08	590.51	590.81	590.42	590.3371429	590.2514286	590.1657143
267.6	593.54	591.89	591.72	592.12	591.1	591.38	591.61	591.68	590.27	591.23	590.56	591.2	590.61	590.4985714	590.3675	590.2364286
267.7	593.95	591.89	591.75	592.6	591.71	591.73	591.71	592.19	591.09	591.26	590.88	591.45	591.17	590.92	590.8017857	590.6835714
267.8	594.6	591.73	592.27	592.64	592.44	591.62	591.71	592.27	591.82	591.25	591.23	591.49	591.8	591.3842857	591.3171429	591.25
267.9	594.72	591.67	592.56	592.3	592.95	591.74	591.99	592.4	592.58	591.15	591.51	591.26	592.18	591.47	591.3707143	591.2714286
268	593.99	592.28	592.46	592.43	593.31	592.53	592.21	592.4	592.92	591.36	591.84	590.99	592.39	591.5357143	591.4157143	591.2957143
268.1	593.56	593.46	592.21	592.95	593.21	593.28	592.09	592.31	592.94	592.01	592.17	591.05	592.59	591.91	591.8460714	591.7821429
268.2	593.95	594.34	592.27	593.15	592.92	593.76	592.45	592.56	593.07	592.72	592.55	591.44	592.65	592.1828571	592.1057143	592.0285714
268.3	594.59	594.78	593.08	592.98	593.12	594	593.38	592.67	593	593.45	592.75	591.85	592.34	592.0614286	591.8825	591.7035714
268.4	595.14	595.15	594.26	592.79	593.6	593.78	594.12	592.6	592.91	594.02	592.77	592.22	591.76	591.7742857	591.4892857	591.2042857
268.5	595.47	595.56	595.02	593.04	593.71	593.54	594.55	593.22	593.17	594.16	593.11	592.71	591.42	591.6957143	591.3217857	590.9478571
268.6	595.97	596.11	595.41	593.97	593.5	593.81	594.65	594.25	593.22	594.16	593.68	593.37	591.58	592.0571429	591.6817857	591.3064286
268.7	597.17	596.44	595.76	595.04	593.42	594.24	594.35	594.95	593.24	594.18	594.33	594.06	592.06	592.8014286	592.5314286	592.2614286
268.8	598.12	596.19	596.26	595.69	593.88	594.26	594.17	595.31	594.09	594.17	595.03	594.33	592.55	593.3957143	593.1857143	592.9757143
268.9	597.89	595.99	596.89	596.04	594.84	594.03	594.49	595.26	595.2	594.38	595.38	594.41	593.04	593.7557143	593.5460714	593.3364286
269	597.01	596.36	597.09	596.41	595.77	594.11	594.86	594.92	595.85	594.65	595.38	594.76	593.81	594.3271429	594.1864286	594.0457143
269.1	596.56	596.95	596.77	596.99	596.34	594.74	594.79	594.8	595.98	594.67	595.33	595.27	594.88	595.1828571	595.2028571	595.2228571
269.2	596.92	597.43	596.78	597.6	596.67	595.68	594.59	595.16	595.72	594.93	595.32	595.93	595.72	595.9857143	596.1475	596.3092857
269.3	597.58	597.67	597.33	597.65	597.07	596.49	594.86	595.47	595.39	595.71	595.53	596.5	595.95	596.4114286	596.6067857	596.8021429
269.4	598.1	597.8	597.93	597.41	597.72	597	595.61	595.3	595.4	596.56	595.95	596.64	596.05	596.58	596.7425	596.905
269.5	597.87	598.44	598.29	597.68	598.23	597.31	596.48	595.18	595.91	597.11	596.15	596.54	596.34	596.6071429	596.6978571	596.7885714
269.6	597.56	599.3	598.33	598.34	598.19	597.76	597.22	595.65	596.21	597.17	596.2	596.44	596.87	596.6114286	596.63	596.6485714
269.7	598.84	599.39	598.44	598.88	598.12	598.45	597.67	596.47	595.9	596.91	596.55	596.56	597.52	596.8514286	596.865	596.8785714
269.8	600.71	598.72	599.22	599.11	598.64	598.84	597.95	597.25	595.82	596.7	597.17	597.04	597.87	597.2128571	597.2375	597.2621429
269.9	601.51	598.26	600.04	599.01	599.33	598.75	598.49	597.93	596.49	596.95	597.92	597.51	597.85	597.4014286	597.3539286	597.3064286
270	601.5	598.51	599.85	599.15	599.78	598.92	599.18	598.33	597.4	597.53	598.42	597.64	597.66	597.32	597.1442857	596.9685714
270.1	601.21	599.16	599.05	600.02	599.88	599.62	599.42	598.6	598.1	597.71	598.41	597.75	597.59	597.2428571	596.9971429	596.7514286
270.2	601.19	599.84	598.72	600.67	599.7	600.3	599.37	599.23	598.65	597.48	598.17	597.99	597.99	597.3971429	597.1435714	596.89
270.3	601.78	600.03	599.16	600.21	599.91	600.66	599.8	599.88	598.91	597.63	598.1	598.51	598.67	597.7942857	597.5464286	597.2985714
270.4	602.18	599.75	599.96	599.39	600.76	600.62	600.62	599.99	599.19	598.34	598.58	599.3	599.04	598.3328571	598.0925	597.8521429
270.5	601.77	600.29	600.63	599.27	601.14	600.38	601.25	600.05	599.95	599.15	599.2	599.73	599.17	598.6957143	598.4232143	598.1507143
270.6	601.57	601.81	600.55	599.89	600.49	600.69	601.5	600.74	600.57	599.78	599.27	599.65	599.21	598.6242857	598.2546429	597.885
270.7	602.33	603.04	600.2	600.78	599.82	601.46	601.32	601.62	600.57	600.09	599.14	599.45	599.28	598.5114286	598.0867857	597.6621429
270.8	603.52	603.56	601.01	601.35	599.93	601.56	601.07	602.17	600.73	600.18	599.44	599.58	599.91	599.0185714	598.6632143	598.3078571
270.9	604.51	603.61	602.63	601.05	600.67	600.79	601.45	602.31	601.67	600.62	600.15	600.26	600.73	599.9157143	599.6378571	599.36
271	604.85	603.56	603.83	600.78	601.56	600.3	602.12	602	602.64	601.41	600.89	600.86	601.04	600.5271429	600.2675	600.0078571
271.1	604.95	603.91	604.34	601.83	601.97	600.63	601.93	601.75	603.07	601.78	601.37	600.87	600.92	600.7428571	600.5110714	600.2792857
271.2	605.52	604.52	604.35	603.48	601.57	601.45	601.12	602.2	602.99	601.71	601.4	600.82	600.79	600.8128571	600.6221429	600.4314286
271.3	606.01	604.68	604.37	604.63	601.52	602.32	600.84	602.71	602.51	602.01	601.47	601.2	601.19	601.2742857	601.1667857	601.0592857
271.4	606.28	604.47	604.89	605.1	602.72	602.56	601.35	602.25	602.32	602.85	602.12	601.9	602.04	602.2857143	602.3275	602.3692857
271.5	606.71	604.54	605.53	605.1	604.27	602.12	602.25	601.47	602.92	603.62	602.83	602.58	602.54	603.03	603.1371429	603.2442857
271.6	607.29	605	605.59	605.23	605.35	602.31	603.07	601.44	603.32	603.9	602.95	602.78	602.49	602.9314286	602.9517857	602.9721429
271.7	607.79	605.66	605.32	605.88	605.81	603.6	603.12	602.09	602.61	603.68	602.84	602.6	602.51	602.6957143	602.675	602.6542857
271.8	608.21	606.24	605.31	606.52	605.85	605.06	602.7	603.04	601.84	603.43	603.2	602.82	602.94	603.0871429	603.1457143	603.2042857
271.9	608.77	606.65	605.65	606.51	606.12	606.1	603.14	603.8	602.07	603.75	603.96	603.61	603.67	603.8714286	603.9821429	604.0928571
272	608.99	607.23	606.21	606.18	606.87	606.55	604.47	603.66	602.96	604.42	604.59	604.13	604.17	604.2957143	604.3553571	604.415
272.1	609.26	607.9	606.75	606.07	607.46	606.64	605.87	603.32	604	604.5	604.7	604.04	604.02	603.8628571	603.7410714	603.6192857
272.2	609.75	608.34	607.26	606.27	607.4	607.05	606.89	603.98	604.59	604	604.49	603.92	603.8	603.1685714	602.8296429	602.4907143
272.3	608.97	608.71	607.98	606.75	607.04	607.85	607.3	605.31	604.2	603.94	604.64	604.27	604.28	603.32	602.9378571	602.5557143
272.4	607.83	609.17	608.66	607.31	606.8	608.39	607.46	606.68	603.94	604.64	605.3	605	605.08	604.1371429	603.8107143	603.4842857
272.5	607.79	609.63	609.08	607.95	606.86	608.28	608	607.69	604.83	605.59	605.84	605.5	605.34	604.4914286	604.0860714	603.6807143
272.6	608.25	610.07	609.46	608.76	607.28	607.85	608.84	608.07	606.24	606.23	605.84	605.48	605.09	604.1371429	603.5360714	602.935
272.7	609.1	610.65	609.9	609.44	607.9	607.47	609.32	608.31	607.62	606.24	605.8	605.5	604.92	603.8671429	603.13	602.3928571
272.8	610.09	610.99	610.32	609.85	608.67	607.44	609.15	608.97	608.51	605.88	606.35	606.07	605.31	604.3942857	603.6985714	603.0028571
272.9	610.59	611.07	610.81	610.23	609.54	607.85	608.61	609.83	608.76	606.05	607.31	606.81	606.04	605.4585714	604.9157143	604.3728571
273	611.04	611.48	611.42	610.64	610.2	608.56	608.09	610.26	609.06	606.94	608.01	607.22	606.36	606.2314286	605.7914286	605.3514286
273.1	612.24	611.53	611.69	611.04	610.61	609.44	607.99	609.99	609.85	608.02	608.13	607.45	606.36	606.5857143	606.1682143	605.7507143
273.2	613.7	610.99	611.88	611.6	610.98	610.32	608.45	609.29	610.79	608.98	607.88	607.98	606.79	607.0928571	606.7175	606.3421429
273.3	614.93	610.89	612.4	612.2	611.35	610.96	609.27	608.64	611.16	609.61	607.76	608.95	607.64	607.9085714	607.6346429	607.3607143
273.4	616.02	611.19	612.35	612.4	611.76	611.37	610.23	608.53	610.74	610.06	608.14	609.87	608.28	608.5828571	608.3767857	608.1707143
273.5	616.19	611.59	611.9	612.69	612.39	611.73	611.11	609.08	609.84	610.75	608.82	610.09	608.74	608.9028571	608.6846429	608.4664286
273.6	615.85	612.26	611.96	613.24	612.94	612.06	611.73	610.02	609.12	611.67	609.53	609.79	609.44	609.1971429	608.95	608.7028571
273.7	615.99	612.97	612.2	613.15	613.11	612.52	612.14	611.03	609.12	612.35	610.2	609.63	610.49	609.7557143	609.5175	609.2792857
273.8	616.71	613.58	612.54	612.87	613.51	613.19	612.47	611.91	609.85	612.37	610.85	609.74	611.65	610.4342857	610.2271429	610.02
273.9	617.62	614.5	613.15	613.05	614.04	613.65	612.78	612.51	610.91	611.79	611.63	610.05	612.21	610.8528571	610.6417857	610.4307143
274	617.97	615.66	613.78	613.22	613.97	613.83	613.3	612.9	611.89	611.06	612.57	610.39	611.84	610.7471429	610.4357143	610.1242857
274.1	617.76	616.55	614.41	613.48	613.9	614.32	614	613.2	612.7	610.72	613.41	610.78	611.48	610.6571429	610.2396429	609.8221429
274.2	617.39	617.27	615.4	614.03	614.13	614.82	614.36	613.5	613.24	611.04	613.76	611.4	611.55	610.9628571	610.5303571	610.0978571
274.3	617.61	617.68	616.52	614.64	614.2	614.84	614.56	614.1	613.59	611.81	613.51	612.3	611.69	611.3242857	610.8853571	610.4464286
274.4	618.77	617.76	617.3	615.34	614.39	614.98	615.14	614.79	613.86	612.68	612.96	613.39	611.71	611.5057143	611.0060714	610.5064286
274.5	619.64	618.03	617.93	616.38	614.89	615.2	615.62	615.06	614.19	613.49	612.49	614.37	611.67	611.7085714	611.1753571	610.6421429
274.6	619.74	618.56	618.2	617.4	615.51	615.16	615.78	615.32	614.89	614.17	612.49	614.97	611.93	612.1285714	611.6053571	611.0821429
274.7	619.55	619.14	618.31	618.04	616.31	615.29	616.09	615.97	615.57	614.65	612.98	615.02	612.75	612.6457143	612.1275	611.6092857
274.8	619.35	619.5	618.75	618.54	617.36	615.76	616.23	616.46	615.75	615	613.64	614.66	614.02	613.3457143	612.905	612.4642857
274.9	619.8	619.51	619.34	618.72	618.24	616.43	616.08	616.78	616.05	615.26	614.32	614.26	615.26	614.1114286	613.7817857	613.4521429
275	620.6	619.5	619.89	618.94	618.74	617.31	616.18	617.2	616.78	615.66	615.02	614.09	616.09	614.6814286	614.3867857	614.0921429
275.1	621.11	619.85	620.14	619.54	619.09	618.33	616.67	617.21	617.34	616.39	615.63	614.34	616.38	615.0914286	614.7942857	614.4971429
275.2	621.68	620.68	620.03	620.13	619.23	619.04	617.41	616.97	617.82	616.99	616.1	614.82	616.21	615.2428571	614.8992857	614.5557143
275.3	622.39	621.47	620.08	620.6	619.63	619.38	618.33	617.06	618.28	617.37	616.44	615.3	615.93	615.1642857	614.7157143	614.2671429
275.4	622.76	621.86	620.66	620.71	620.35	619.6	619.26	617.6	618.13	618.01	616.66	615.86	615.75	615.1128571	614.56	614.0071429
275.5	623.33	622	621.61	620.54	620.91	619.79	619.77	618.4	617.8	618.74	617.14	616.51	615.85	615.43	614.8514286	614.2728571
275.6	624.46	622	622.33	620.76	621.26	620.4	619.98	619.34	617.91	619.17	617.91	617.09	616.2	615.9657143	615.4	614.8342857
275.7	625.11	622.32	622.7	621.57	621.22	621.17	620.1	620.15	618.55	619.55	618.56	617.56	616.52	616.44	615.8717857	615.3035714
275.8	625.69	623.03	622.81	622.54	621.06	621.65	620.42	620.45	619.44	619.76	619.21	617.83	616.85	616.8257143	616.2478571	615.67
275.9	626.4	623.58	622.81	623.16	621.51	621.86	621.24	620.53	620.33	619.55	620.05	618.04	617.37	617.1771429	616.5746429	615.9721429
276	626.47	624.08	623.28	623.52	622.51	621.69	621.98	620.63	620.97	619.44	620.65	618.62	618	617.7157143	617.1342857	616.5528571
276.1	626.41	624.78	623.98	623.62	623.42	621.64	622.36	621.12	621.04	619.8	620.91	619.48	618.59	618.3685714	617.8428571	617.3171429
276.2	626.48	625.34	624.47	623.69	623.97	622.37	622.43	622.1	621.02	620.48	621.19	620.3	619.02	618.9828571	618.495	618.0071429
276.3	626.35	625.81	625.02	624.29	624.33	623.48	622.17	622.75	621.15	621.29	621.25	621.19	619.19	619.5757143	619.1485714	618.7214286
276.4	626.53	626.72	625.7	624.94	624.41	624.28	622.3	623	621.87	622.12	621.08	622.06	619.44	620.0885714	619.6867857	619.285
276.5	627.55	627.47	626.17	625.39	624.61	624.78	623.3	622.95	623	622.54	621.23	622.43	620.18	620.4942857	620.0596429	619.625
276.6	628.85	627.71	626.72	625.99	625.29	625.14	624.43	622.66	623.49	622.59	621.72	622.54	621.19	620.9842857	620.5653571	620.1464286
276.7	630.17	627.92	627.72	626.63	625.86	625.23	625.1	623.06	623.6	622.76	622.33	622.74	622.23	621.6142857	621.2385714	620.8628571
276.8	631.77	627.98	628.35	627.05	626.31	625.57	625.6	624.29	623.44	623.16	623.13	622.74	623.28	622.1814286	621.8110714	621.4407143
276.9	633.22	627.98	628.46	627.71	626.94	626.29	625.95	625.35	623.16	623.89	623.87	622.73	623.99	622.6471429	622.2753571	621.9035714
277	634.13	628.28	628.55	628.74	627.52	626.78	626.07	625.89	623.89	624.55	624.1	623.09	624.09	622.9071429	622.5025	622.0978571
277.1	634.96	628.67	628.49	629.21	627.94	627.25	626.58	626.44	625.32	624.8	624.27	623.56	624.13	622.9914286	622.4857143	621.98
277.2	635.24	629.09	628.56	629.17	628.73	627.9	627.27	626.78	626.22	624.9	624.69	624.12	624.28	623.2057143	622.6407143	622.0757143
277.3	634.76	630.01	628.97	629.11	629.74	628.41	627.69	626.96	626.65	624.93	625.15	624.94	624.3	623.5585714	622.9975	622.4364286
277.4	634.48	631.36	629.37	628.99	630.03	628.87	628.21	627.61	627.26	625.23	625.65	625.53	624.53	623.8871429	623.2867857	622.6864286
277.5	634.05	632.8	629.85	629.17	629.83	629.8	628.85	628.23	627.6	626.23	625.95	625.68	624.97	624.16	623.5032143	622.8464286
277.6	633.26	634.35	630.87	629.68	629.61	630.71	629.29	628.6	627.85	627.35	626.11	626.1	625.32	624.5671429	623.9010714	623.235
277.7	633.22	635.65	632.26	630.12	629.48	630.79	629.84	629.19	628.65	628.12	626.38	626.68	625.92	625.1042857	624.4239286	623.7435714
277.8	634.17	636.27	633.81	630.72	629.81	630.42	630.88	629.78	629.15	628.8	626.77	626.97	626.75	625.53	624.8017857	624.0735714
277.9	635.04	636.64	635.48	631.84	630.4	630.07	631.65	630.19	629.5	629.4	627.46	627.14	627.11	625.8128571	625.0357143	624.2585714
278	635.69	637	636.63	633.3	630.89	630	631.49	630.85	630.15	629.61	628.41	627.25	627.41	626.2842857	625.5278571	624.7714286
278.1	636.32	637.03	637.06	634.98	631.6	630.48	630.95	631.96	630.68	629.97	629.32	627.51	628.13	627.1142857	626.4457143	625.7771429
278.2	636.79	636.9	637.4	636.68	632.82	631.15	630.51	632.53	631.09	630.61	630.19	628.09	628.6	628.0157143	627.4617857	626.9078571
278.3	638.06	636.64	637.78	637.6	634.37	631.71	630.56	632.12	631.87	631.01	631.06	628.87	628.55	628.6714286	628.195	627.7185714
278.4	640.18	636.11	637.94	637.84	636.21	632.55	631.2	631.42	633.03	631.44	631.51	629.63	628.46	629.0528571	628.5771429	628.1014286
278.5	641.53	635.86	637.91	638.15	637.84	633.85	631.92	630.96	633.37	631.95	631.61	630.4	628.57	629.4071429	628.9453571	628.4835714
278.6	641.69	636.44	637.49	638.56	638.49	635.52	632.57	631.17	632.67	632.25	632.03	631.34	629.11	630.0657143	629.6842857	629.3028571
278.7	641.43	637.44	636.79	638.86	638.58	637.49	633.52	631.96	631.84	632.73	632.53	632.43	630.13	630.9428571	630.6378571	630.3328571
278.8	641.53	638.25	636.62	638.84	638.86	638.96	634.9	632.74	631.41	633.74	632.9	633.28	631.09	631.6	631.2835714	630.9671429
278.9	642.33	639.01	637.35	638.24	639.38	639.32	636.74	633.47	631.82	634.7	633.34	633.51	631.67	631.6628571	631.1767857	630.6907143
279	643.3	639.94	638.41	637.49	639.82	639.28	638.81	634.53	632.75	634.78	633.6	633.57	632.36	631.4257143	630.6964286	629.9671429
279.1	643.92	641.03	639.16	637.46	639.72	639.59	640.02	636.02	633.58	634.26	633.79	633.98	633.54	631.6971429	630.8646429	630.0321429
279.2	644.4	642.48	639.87	638.33	638.93	640.25	640.08	638.03	634.39	633.77	634.49	634.41	634.78	632.4157143	631.5928571	630.77
279.3	645.35	643.87	640.84	639.42	638.19	640.78	639.95	640.11	635.55	633.84	635.62	634.78	635.42	633.0128571	632.1492857	631.2857143
279.4	646.58	644.56	642.07	640.1	638.33	640.52	640.34	640.98	637.16	634.63	636.34	635.08	635.44	633.2357143	632.26	631.2842857
279.5	647.74	644.7	643.65	640.81	639.33	639.58	641.19	640.78	639.36	635.55	636.37	635.09	635.52	633.2114286	632.0907143	630.97
279.6	648.67	644.8	645.05	641.91	640.41	638.92	641.74	640.62	641.39	636.26	636.11	635.38	635.9	633.4457143	632.2571429	631.0685714
279.7	648.73	645.07	645.65	643.26	641	639.25	641.26	641.14	641.86	637	635.97	636.33	636.3	634.21	633.1246429	632.0392857
279.8	648.45	645.53	645.74	644.88	641.76	640.37	640.21	642.2	641.41	637.98	636.53	637.4	636.63	635.3057143	634.405	633.5042857
279.9	648.47	646.21	645.84	646.21	643.01	641.39	639.69	642.67	641.27	639.47	637.5	637.99	636.64	636.1357143	635.34	634.5442857
280	648.61	646.94	645.99	646.72	644.46	641.91	640.2	641.94	641.99	641.47	638.26	638.15	636.55	636.6142857	635.8192857	635.0242857
280.1	649.15	647.74	646.33	646.81	646.09	642.8	641.44	640.85	643.25	642.86	638.84	638.17	637.11	637.1085714	636.2957143	635.4828571
280.2	650.05	648.62	646.99	646.89	647.35	644.19	642.34	640.5	643.57	642.96	639.42	638.46	638.21	637.8342857	637.0978571	636.3614286
280.3	650.97	649.35	647.73	646.89	647.79	645.69	642.82	641.2	642.56	642.69	640.2	639.4	639.16	638.7271429	638.1221429	637.5171429
280.4	651.92	649.98	648.53	647.14	647.89	647.3	643.91	642.52	641.49	642.93	641.61	640.33	639.79	639.4228571	638.8292857	638.2357143
280.5	652.8	650.5	649.35	647.83	647.89	648.46	645.4	643.27	641.34	643.9	643.31	640.89	640.18	639.9771429	639.3182143	638.6592857
280.6	653.55	650.88	650.01	648.61	647.72	648.86	646.92	643.77	642.22	644.95	644.15	641.32	640.46	640.2057143	639.4075	638.6092857
280.7	654.38	651.29	650.61	649.39	647.93	648.98	648.52	645.1	643.61	645	644.16	641.65	641.2	640.1328571	639.1217857	638.1107143
280.8	654.85	651.79	651.21	650.13	648.69	648.83	649.58	646.64	644.18	644.16	644.22	642.26	642.29	640.3914286	639.2989286	638.2064286
280.9	655.09	652.43	651.77	650.68	649.49	648.5	649.95	648.14	644.73	643.59	644.76	643.58	643.02	641.1271429	640.06	638.9928571
281	655.6	653.24	652.28	651.25	650.22	648.74	650.06	649.73	646.36	643.86	645.8	644.9	643.42	641.9985714	640.9221429	639.8457143
281.1	656.17	654.2	652.84	651.99	650.85	649.58	649.71	650.69	647.88	644.8	646.67	645.42	643.59	642.6642857	641.5889286	640.5135714
281.2	656.96	655.25	653.52	652.71	651.29	650.39	649.24	651.06	649.34	645.67	646.58	645.58	643.61	642.9242857	641.8310714	640.7378571
281.3	658.48	656.07	654.35	653.31	651.89	651.06	649.58	651.11	650.95	646.1	646.03	645.93	644.15	643.1828571	642.0553571	640.9278571
281.4	660.4	656.53	655.41	653.96	652.81	651.54	650.5	650.5	651.81	647.08	645.91	646.64	645.33	645.59	645.042	644.686
281.5	662.25	656.99	656.52	654.67	653.68	651.89	651.28	649.96	652.16	648.62	646.32	647.66	646.3	645.84	645.274	644.716
281.6	664.32	657.54	657.23	655.53	654.37	652.58	651.86	650.47	652.13	650.06	647.07	648.43	646.76	645.64	644.847	643.932
281.7	665.7	658.05	657.57	656.7	655.08	653.71	652.19	651.45	651.22	651.6	647.53	648.39	647.17	645.37	644.166	642.884
281.8	665.79	658.68	657.99	657.82	655.81	654.69	652.46	652.16	650.65	652.97	648.11	648.2	647.7	645.89	644.203	642.746
281.9	665.71	659.53	658.52	658.37	656.74	655.46	653.33	652.62	651.39	653.78	649.37	648.32	648.45	646.92	644.976	643.512
282	665.99	660.52	659.07	658.6	658.03	656.23	654.67	652.8	652.4	654.22	650.82	648.66	649.54	647.71	645.9	644.47
282.1	665.99	661.89	659.73	658.98	659.09	656.97	655.74	653.05	653	654	652.32	649.07	650.28	648.29	646.754	645.408
282.2	665.93	663.63	660.54	659.52	659.47	658.01	656.59	654.18	653.34	653.29	653.9	649.43	650.42	648.93	647.534	646.314
282.3	666.3	665.12	661.53	660.14	659.6	659.39	657.39	655.71	653.36	653.25	655.11	650.3	650.53	649.48	648.098	646.886
282.4	666.48	666.22	662.96	660.81	659.94	660.33	658.14	656.82	653.64	654.03	655.89	651.63	650.64	650.26	648.653	647.374
282.5	667.42	667.15	664.7	661.63	660.54	660.53	659.33	657.75	655.11	654.85	656.32	653.07	650.74	651.56	649.66	648.444
282.6	670.02	667.63	666.08	662.68	661.2	660.57	660.77	658.56	656.82	655.4	656.02	654.66	650.88	652.33	650.474	649.346
282.7	672.89	667.7	667.06	664.18	661.88	660.92	661.53	659.34	657.92	655.62	655.63	656.16	651.43	652.69	651.288	650.282
282.8	674.9	667.85	667.87	665.89	662.72	661.58	661.54	660.7	658.94	655.72	655.95	657.3	652.51	652.92	652.168	651.264
282.9	676.14	668.09	668.28	667.09	663.85	662.29	661.51	662.15	659.74	656.48	656.63	658.1	653.81	652.77	652.486	651.462
283	676.89	668.44	668.38	667.88	665.42	662.98	661.91	662.67	660.54	658.04	657.28	658.46	655.35	652.6	652.503	651.222
283.1	677.25	669.43	668.54	668.56	667.06	663.86	662.66	662.51	662.11	659.48	657.73	658.25	656.96	652.72	652.741	651.312
283.2	677.95	670.89	668.78	668.93	668.05	665.08	663.38	662.45	663.51	660.52	657.9	658.19	658.39	653.6	653.715	652.38
283.3	679.01	672.41	669.3	669.06	668.63	666.71	664.08	662.93	663.75	661.3	658.25	658.59	659.52	654.7	654.893	653.7
283.4	679.37	674.25	670.53	669.2	669.22	668.21	665.03	663.77	663.43	661.91	659.36	659.12	660.35	656.03	656.123	655.046
283.5	679.23	676.25	672.12	669.5	669.6	668.94	666.33	664.47	663.37	662.99	660.83	659.68	660.66	657.71	657.155	656.082
283.6	679.26	677.86	673.76	670.26	669.72	669.34	668.01	665.21	663.97	664.57	662	660.05	660.64	659.26	657.71	656.512
283.7	679.44	678.87	675.65	671.76	669.84	669.88	669.32	666.24	664.9	665.53	662.89	660.31	660.78	660.68	658.495	657.314
283.8	680.21	679.45	677.54	673.56	670.25	670.28	669.75	667.62	665.56	665.57	663.52	660.98	661.06	661.82	659.602	658.606
283.9	681.88	679.82	679.04	675.32	671.27	670.37	670.01	669.3	666.35	665.54	664.24	662.22	661.53	662.68	660.713	659.87
284	683.66	680.14	679.89	677.17	673.06	670.49	670.57	670.36	667.47	665.98	665.58	663.49	662.05	663.04	661.205	660.264
284.1	685.22	680.67	680.26	678.9	675.07	671.07	670.96	670.48	668.9	666.85	666.93	664.47	662.38	663.19	661.203	660.016
284.2	687.11	681.33	680.53	680.23	676.92	672.4	671	670.67	670.57	667.71	667.46	665.19	662.85	663.31	661.281	659.94
284.3	689.25	681.89	680.83	680.86	678.66	674.49	671.17	671.28	671.33	668.31	667.57	665.77	663.76	663.43	661.697	660.34
284.4	691.23	682.6	681.39	681.06	680.21	676.69	671.96	671.65	671.11	669.12	667.98	666.73	664.93	663.95	662.525	661.186
284.5	693.19	683.6	682.12	681.26	681.37	678.55	673.63	671.61	671.3	670.41	668.75	668.11	666.01	664.43	663.132	661.662
284.6	694.97	684.79	682.83	681.54	681.77	680.12	676.03	671.89	672.02	671.93	669.66	669.1	666.83	664.82	663.353	661.648
284.7	696.01	686.25	683.72	682.12	681.82	681.51	678.38	672.95	672.32	673.04	670.35	669.44	667.39	665.55	663.772	661.978
284.8	696.98	687.86	684.86	682.96	681.99	682.45	680.15	674.97	672.21	673.28	670.98	669.88	668.08	666.52	664.822	663.18
284.9	698.54	689.39	686.19	683.85	682.24	682.61	681.52	677.7	672.66	673.38	672.1	670.7	669.25	667.55	666.243	664.792
285	699.67	691	687.67	684.92	682.85	682.56	682.77	680.11	674.02	674.16	673.56	671.6	670.46	668.48	667.314	665.868
285.1	699.91	692.83	689.14	686.26	683.84	682.69	683.47	681.71	676.41	675.14	674.78	672.4	671.11	669.12	667.797	666.226
285.2	700.38	694.61	690.55	687.73	684.91	682.91	683.39	682.88	679.45	675.49	675.39	673	671.56	669.62	668.341	666.784
285.3	701.79	696.16	692.11	689.17	686.19	683.62	683.31	683.99	681.84	675.52	675.61	673.82	672.46	670.51	669.633	668.316
285.4	704	697.65	693.88	690.49	687.74	684.77	683.38	684.43	683.19	676.2	676.18	675.25	673.51	671.74	671.099	669.94
285.5	706.99	698.99	695.62	691.82	689.29	686.04	683.57	684.13	684.17	677.81	677.35	676.61	674.38	672.66	671.781	670.454
285.6	709.33	699.97	697.12	693.34	690.63	687.56	684.43	684.05	685.17	680.22	678.25	677.35	675.05	673.15	671.602	669.868
285.7	709.99	701.01	698.56	695.07	691.82	689.3	685.78	684.05	685.31	682.62	678.33	677.72	675.66	673.97	671.669	669.672
285.8	711.14	702.28	699.81	696.75	693.09	690.87	687.25	684.25	684.81	684.2	678.52	678.23	676.83	675.32	672.785	670.84
285.9	713.51	703.41	700.81	698.16	694.56	692.06	689.01	685.33	684.79	685.22	679.57	679.27	678.41	676.36	674.102	672.214
286	715.65	704.55	701.96	699.51	696.26	693.14	690.92	686.87	684.69	686.3	681.38	680.64	679.35	677.11	674.833	672.792
286.1	717.48	706.22	703.28	700.72	697.87	694.37	692.42	688.55	684.92	687.24	683.56	681.28	679.68	677.71	675.012	672.718
286.2	718.6	708	704.38	701.75	699.18	695.8	693.45	690.56	686.29	687.54	685.4	681.21	680.16	678.44	675.518	673.174
286.3	719.13	709.9	705.54	702.96	700.46	697.46	694.46	692.58	688.03	687.73	686.57	681.7	681.1	680.03	677.165	675.078
286.4	721.38	712.26	707.23	704.32	701.64	698.97	695.63	693.94	689.91	688.14	687.59	683.06	682.56	681.49	679.069	677.236
286.5	725.23	714.16	708.97	705.43	702.71	700.18	697.04	694.82	692.19	688.54	688.89	684.82	683.88	681.78	680.023	678.17
286.6	728.66	715.63	710.98	706.68	703.98	701.41	698.67	695.77	694.25	689.45	689.88	686.58	684.15	682	680.223	678.16
286.7	731.76	717.54	713.38	708.42	705.36	702.59	700.05	696.89	695.41	690.92	690.41	687.95	684.14	682.92	680.587	678.36
286.8	734.45	719.45	715.16	710.12	706.52	703.69	701.16	698.28	696.13	692.38	691.08	688.93	685.01	684.24	681.623	679.388
286.9	737.09	721.26	716.73	712.17	707.87	705.02	702.38	699.88	697.06	694.06	691.79	690.13	686.47	685.98	683.242	681.094
287	743.98	723.36	718.77	714.58	709.62	706.43	703.57	701.1	698.13	696.05	692.55	691.62	687.94	687.08	684.283	682.028
287.1	753.06	725.19	720.71	716.32	711.27	707.64	704.69	702.13	699.5	697.61	693.85	692.74	689.28	686.96	684.327	681.74
287.2	757.44	727.09	722.67	718.02	713.38	709.12	706.08	703.37	701.07	698.43	695.27	693.65	690.3	687.22	684.757	682.018
287.3	756.75	729.77	724.75	720.13	715.77	710.84	707.54	704.56	702.1	699.07	696.48	694.72	691.3	688.44	686.07	683.426
287.4	747.26	732.49	726.41	722.1	717.54	712.44	708.81	705.7	703.07	700.01	697.99	695.71	692.83	689.73	687.538	684.966
287.5	734.25	735.57	728.28	724.16	719.37	714.63	710.41	707.17	704.38	701.33	699.64	696.84	694.49	690.75	688.717	686.086
287.6	732.27	739.75	730.84	726.23	721.51	717	712.05	708.68	705.55	703.02	700.69	698.29	695.85	691.78	689.73	686.998
287.7	741.21	743.63	733.34	727.81	723.53	718.83	713.61	710.03	706.7	704.57	701.28	699.46	697.19	692.63	690.635	687.838
287.8	750.2	747.59	736.35	729.66	725.68	720.77	715.91	711.73	708.29	705.75	702.04	700.41	698.57	693.84	691.935	689.206
287.9	754.51	751.48	740.08	732.05	727.72	722.92	718.27	713.24	709.87	707.04	703.19	701.72	699.83	695.75	693.724	691.13
288	760.25	752.07	743.46	734.36	729.26	725	720.18	714.8	711.26	708.54	704.87	702.96	701.24	697.61	695.397	692.848
288.1	774	750.95	747.65	737.28	731.06	727.23	722.21	717.22	713.05	709.98	706.84	703.63	702.59	699.3	696.785	694.224
288.2	799.77	749.91	751.69	740.66	733.21	729.23	724.35	719.6	714.41	711.32	708.41	704.17	703.37	701.02	697.966	695.402
288.3	825.48	747.86	752.78	743.87	735.38	730.73	726.51	721.57	715.95	712.75	709.68	705.13	704.11	702.69	699.165	696.596
288.4	836.73	747.75	752.69	748.21	738.18	732.43	728.83	723.67	718.58	714.18	711.2	706.61	705.18	704.15	700.44	697.832
288.5	834.81	752.54	751.63	752.05	741.23	734.33	730.78	725.81	720.98	715.67	712.96	708.68	706	705.68	701.716	699.022
288.6	829.79	760.58	749.54	753.34	744.46	736.39	732.2	728.06	722.98	717.22	714.53	710.79	706.44	706.74	702.429	699.524
288.7	833.29	770.11	750.45	753.81	748.84	739.04	733.74	730.46	725.12	718.69	715.9	712.35	707.12	707.04	702.596	699.388
288.8	841.18	781.5	756.05	752.99	752.39	741.85	735.41	732.34	727.3	720.81	717.11	713.76	708.33	707.6	702.962	699.442
288.9	843.99	793.39	763.82	751.73	753.98	745.21	737.38	733.64	729.64	723.49	718.27	715.58	710.24	708.44	703.765	699.952
289	844.4	805.75	772.38	753.92	754.86	749.46	739.85	734.98	732.11	725.85	719.74	717.59	712.66	708.9	704.654	700.556
289.1	850.27	817.66	782.18	759.95	754.48	752.73	742.52	736.44	733.9	727.9	721.34	719.19	714.78	709.28	705.358	700.978
289.2	861.26	825.93	792.72	767.25	754.43	754.65	745.99	738.32	735	730.02	723.17	720.37	716.33	710.22	706.09	701.446
289.3	873.31	830.17	804.83	775.12	757.72	755.91	750.03	740.63	736.14	732.36	725.67	721.27	717.98	711.77	707.149	702.262
289.4	884.8	831.36	816.36	783.93	763.79	756.28	753.13	743.25	737.41	734.98	728.31	722.32	720.17	714.16	709.054	704.076
289.5	895.7	833.2	823.84	793.62	770.56	757.61	755.44	746.78	739.21	737.41	730.62	723.86	722.29	716.83	711.355	706.406
289.6	906.88	838.72	827.28	804.96	777.82	761.68	757.19	750.53	741.36	738.99	732.86	725.7	723.75	718.86	713.221	708.284
289.7	917.46	845.72	828.41	815.18	785.78	767.52	758.57	753.62	743.98	740.24	735.27	727.92	724.57	720.42	714.582	709.548
289.8	928.03	852.13	831.43	821.51	794.71	773.8	761.19	756.34	747.49	741.88	737.96	730.57	725.21	722.42	716.107	710.94
289.9	939.11	859.7	837.83	824.52	804.96	780.51	765.66	758.76	750.97	743.81	740.87	733.18	726.33	725.01	718.198	712.984
290	948.87	869.65	844.73	826.22	813.66	787.69	771.11	761.37	754.23	745.93	743.17	735.56	728.09	727.05	720.108	714.824
290.1	957.57	880.76	851.05	830.37	819.02	795.78	776.93	765.03	757.43	748.22	744.62	738.05	730.27	728.16	721.523	716.076
290.2	968.26	891.68	858.92	837.26	821.94	804.61	783.09	769.55	760.71	751.07	746.08	740.8	732.75	728.57	722.355	716.522
290.3	981.32	902.04	869	844.16	824.52	811.77	789.46	774.53	764.64	754.69	748	743.86	735.46	729.1	723.106	716.734
290.4	995.56	912.56	879.89	850.8	829.61	816.45	796.53	779.96	769.02	758.58	750.27	746.87	738.07	730.44	724.302	717.454
290.5	1010	923.01	890.36	859.11	836.77	819.64	803.78	785.53	773.25	762.32	752.71	748.95	740.63	732.57	725.962	718.804
290.6	1022.9	932.79	900.37	869.26	843.82	823.21	809.6	791.02	777.78	765.82	755.34	750.37	743.43	735.06	727.975	720.632
290.7	1036	942.75	910.64	879.83	850.93	829.01	813.97	796.81	782.85	769.49	758.44	752.1	746.54	737.64	730.162	722.602
290.8	1050.5	953.36	920.72	889.84	859.62	836.36	817.73	802.42	787.73	773.62	762.09	754.39	749.93	740.44	732.538	724.686
290.9	1063.6	964.2	930.31	899.53	869.72	843.71	822.21	807.22	792.21	777.94	766.04	757.02	752.83	743.1	734.519	726.23
291	1072.7	975.78	940.18	909.53	879.92	851.35	828.54	811.67	796.5	782.36	769.88	759.77	754.67	745.94	736.109	727.304
291.1	1079.3	988.32	950.41	919.28	889.48	860.3	836.13	816.19	800.58	787.08	773.61	762.63	756.2	749.1	737.713	728.376
291.2	1086	1001.2	960.79	928.67	898.9	870.25	843.9	821.44	804.74	791.86	777.66	765.8	758.3	752.54	739.832	730.032
291.3	1093.5	1014.6	972.03	938.34	908.62	880	851.99	828.15	809.62	796.65	782.06	769.56	760.99	756.16	742.469	732.264
291.4	1101	1027.7	984.25	948.21	918.08	889.13	861.09	836.08	815.01	801.64	786.62	773.65	763.97	758.81	744.445	733.614
291.5	1108.3	1039.8	996.79	958.31	927.28	898.3	870.8	844.34	820.79	806.71	791.54	777.65	766.98	760.46	745.55	733.844
291.6	1115	1050.8	1009.5	969.35	936.68	907.73	880.07	852.76	827.81	811.87	796.73	781.7	769.87	762.23	746.638	734.024
291.7	1120.3	1061.1	1021.9	981.27	946.24	916.92	888.82	861.89	836.24	817.25	801.93	786.05	773.12	764.8	748.517	735.146
291.8	1123.4	1070.1	1033.4	993.34	956.15	925.91	897.76	871.29	845.01	822.97	807.43	790.71	777.11	767.9	751.086	737.04
291.9	1125.5	1077.9	1044.3	1005.3	967.02	935	906.92	880.07	853.59	829.07	813.17	795.69	781.37	771.19	753.83	739.074
292	1128.2	1085.4	1054.4	1017	978.62	944.28	915.86	888.48	862.65	835.98	818.91	801.16	785.6	774.31	756.197	740.532
292.1	1131.4	1093.1	1063.1	1028.1	990.14	954.04	924.59	897.19	871.69	843.79	824.58	806.77	789.95	777.08	758.019	741.214
292.2	1134.7	1100.5	1070.6	1038.7	1001.4	964.74	933.38	906.1	879.97	851.85	830.31	812.55	794.58	780.53	760.453	742.616
292.3	1137.4	1107.1	1077.9	1048.5	1012.6	975.95	942.44	914.79	888.07	859.94	836.38	818.86	799.57	784.86	763.831	745.134
292.4	1138.1	1112.4	1085.5	1056.7	1023.3	986.81	952.07	923.21	896.56	868.52	843.03	825.31	805.12	789.32	767.367	747.736
292.5	1138.4	1117.2	1092.8	1063.9	1033.6	997.44	962.59	931.72	905.26	877.56	850.4	831.61	811.08	793.81	770.846	750.164
292.6	1140.1	1121.5	1099.2	1071.2	1042.8	1008.1	973.34	940.61	913.68	886.07	858.24	837.63	817.14	798.44	774.596	752.96
292.7	1142.2	1125.4	1104.7	1078.6	1050.6	1018.5	983.48	950.09	921.75	893.81	866.07	843.64	823.73	803.37	779.158	756.836
292.8	1142.2	1129.1	1109.6	1085.7	1057.7	1028.3	993.53	960.4	930.02	901.61	874.02	850.18	830.84	808.82	784.466	761.59
292.9	1140.7	1132.3	1113.9	1092	1064.8	1037	1003.8	970.58	938.77	910.22	882.49	857.35	837.93	815.02	790.114	766.618
293	1137.5	1134.7	1117.8	1097.4	1072.1	1044.5	1013.8	979.95	948.08	919.35	891.09	864.93	844.63	821.43	795.596	771.366
293.1	1133.4	1137	1121.4	1102.3	1079.1	1051.4	1023.2	989.52	958.15	928.14	899.19	872.61	850.83	828.06	801.21	776.358
293.2	1130.4	1139.5	1124.6	1106.6	1085.2	1058.4	1031.4	999.42	967.67	936.05	906.86	880.19	857.21	835.62	808.033	782.982
293.3	1127.4	1142.5	1127.1	1110.5	1090.6	1065.6	1038.5	1009	976.25	943.8	914.91	888.02	864.29	843.46	815.506	790.376
293.4	1123.7	1144.4	1129.6	1114.1	1095.5	1072.4	1045.3	1017.9	985.45	952.48	923.69	896.24	871.78	851.05	822.617	797.14
293.5	1120.1	1144.3	1131.7	1117.2	1099.8	1078.4	1052.3	1025.7	995.03	962.18	932.55	904.47	879.33	857.96	828.8	802.634
293.6	1116.7	1143.1	1133.1	1119.8	1103.7	1083.7	1059.3	1032.5	1004.2	971.96	940.7	912.34	886.74	864.25	834.384	807.446
293.7	1113.8	1141.2	1133.9	1122.3	1107.3	1088.5	1065.9	1039.2	1012.6	980.41	948.41	920.09	894.12	871.16	841.001	813.722
293.8	1112.3	1139.3	1134.2	1124.1	1110.4	1092.8	1071.8	1046.2	1019.9	987.95	956.48	928.37	901.76	878.74	848.718	821.404
293.9	1109.8	1137	1133.1	1125.4	1113	1096.8	1077	1053	1026.6	996.08	965.12	937.1	909.69	886.28	856.345	828.842
294	1104.8	1134.4	1131.7	1126.3	1115.3	1100.3	1081.9	1059.4	1033.2	1004.7	974.31	945.48	917.71	893.63	863.544	835.67
294.1	1099.5	1132	1130.3	1126.5	1117	1103.4	1086.2	1065.2	1040.1	1013.3	983.01	953.19	925.48	900.73	870.341	842.074
294.2	1094.5	1129.4	1128.8	1125.6	1118.2	1105.9	1090.1	1070.4	1046.8	1021	990.37	960.99	933.36	907.94	877.793	849.48
294.3	1089.1	1127.1	1127.1	1124.5	1119.1	1108	1093.7	1075.2	1053.1	1027.6	997.57	969.16	941.79	915.33	886.194	858.162
294.4	1083.2	1125.3	1125.1	1123.2	1119.3	1109.6	1096.7	1079.5	1058.7	1033.6	1005.4	977.44	950.24	923.03	895.052	867.422
294.5	1074.9	1122.1	1122.9	1121.5	1118.5	1110.8	1099.1	1083.5	1063.8	1039.5	1013.5	985.85	958.03	930.99	903.827	876.578
294.6	1065.8	1117.8	1120.9	1119.9	1117.6	1111.7	1101	1087	1068.7	1045.5	1021	993.44	965.63	938.75	912.203	885.316
294.7	1059.4	1113.4	1119	1118.2	1116.5	1111.9	1102.5	1089.9	1073	1051.2	1027.6	1000	973.62	946.75	920.97	894.682
294.8	1056.3	1108.5	1115.9	1116.7	1115.3	1111.2	1103.7	1092.3	1076.9	1056.8	1033.1	1007	981.46	955.16	930.228	904.736
294.9	1054	1103	1111.9	1115.3	1114.1	1110.5	1104.6	1094	1080.4	1061.8	1038.3	1014.4	989.15	963.17	939.441	914.8
295	1050.1	1096.8	1107.9	1113.3	1112.7	1109.8	1104.7	1095.4	1083.3	1066	1043.7	1021.6	996.65	970.44	948.227	924.41
295.1	1044.9	1089.1	1103.2	1110.1	1111	1108.9	1104.3	1096.7	1085.4	1069.4	1049.1	1028.1	1003.2	978.22	957.126	934.3
295.2	1039.7	1081.8	1098	1106.4	1109.4	1108	1103.8	1097.5	1086.9	1072.4	1054	1033.5	1009.3	986.25	965.99	944.29
295.3	1035.5	1076.8	1092.1	1102.5	1107.4	1106.9	1103.4	1097.6	1088.4	1075.7	1058.4	1038.1	1015.9	993.33	974.114	953.39
295.4	1032	1073.6	1085.2	1097.9	1104.3	1105.5	1102.9	1097.3	1089.7	1079	1062.2	1042.7	1022.7	1000.3	982.31	962.62
295.5	1027.8	1070	1079.1	1092.9	1100.7	1103.9	1102.4	1097.2	1090.5	1081.2	1065.5	1047.5	1029	1006.9	990.49	971.98
295.6	1022.1	1065.4	1074.8	1087.2	1096.9	1101.8	1101.5	1097.1	1090.6	1082.2	1068.4	1052.1	1034.3	1012.5	997.85	980.5
295.7	1016.1	1060.2	1071.4	1081	1092.3	1098.6	1100.2	1097	1090.5	1083	1071.1	1055.9	1038.5	1018.3	1004.76	988.56
295.8	1011.8	1055	1067.6	1075.8	1087.5	1095.4	1098.7	1096.7	1090.7	1084.1	1073.9	1059.2	1042.4	1024.5	1011.61	996.54
295.9	1007.6	1050.4	1063.2	1072.1	1082.2	1091.8	1096.5	1096.1	1091	1085.3	1076.3	1062	1046.5	1030.5	1018.3	1004.36
296	1002.6	1046.1	1058.3	1068.7	1076.7	1087.3	1093.4	1094.9	1091.3	1086	1077.7	1064.7	1050.7	1035.6	1024.6	1011.82
296.1	997.48	1040.5	1053.4	1064.8	1072.3	1082.7	1090.1	1093.5	1091.3	1086.2	1078.4	1067.3	1054.3	1039.8	1030.13	1018.44
296.2	991.98	1034.2	1048.9	1060.6	1069	1077.8	1086.3	1091.2	1090.8	1086.2	1079.2	1069.6	1056.9	1043	1034.37	1023.5
296.3	985.98	1028.8	1044.3	1056	1065.6	1073	1082	1088.1	1089.7	1086.2	1080.1	1071.6	1059	1046.2	1038.29	1028.18
296.4	979.88	1024.3	1038.8	1051.1	1061.8	1069.2	1077.6	1084.8	1088.4	1086	1080.8	1073.2	1061.2	1049.9	1042.68	1033.5
296.5	973.53	1019.4	1033	1046.7	1057.8	1066.2	1073.1	1081	1086	1085.2	1080.8	1074	1063.5	1053.3	1047.03	1038.92
296.6	967.12	1014.9	1027.9	1041.8	1053.2	1062.9	1069	1076.9	1082.9	1084.2	1080.2	1074.6	1065.7	1055.7	1050.63	1043.48
296.7	962.25	1011.2	1023.5	1036.2	1048.5	1059.2	1065.8	1072.9	1079.7	1082.9	1079.8	1075.3	1067.4	1057.1	1053.3	1046.9
296.8	958.5	1006	1018.9	1030.8	1044	1055.4	1063.1	1069	1075.9	1080.9	1079.4	1075.9	1068.7	1058.2	1055.79	1050.18
296.9	954.46	999.26	1014.1	1026.1	1038.9	1050.8	1059.8	1065.5	1072	1078.4	1078.7	1076	1069.5	1060	1058.72	1054.12
297	950.36	992.81	1008.9	1021.7	1033.4	1046	1056.3	1062.9	1068.3	1075.3	1077.3	1075.1	1070.1	1062.1	1061.9	1058.54
297.1	946.51	986.37	1002.9	1017.3	1028.3	1041.5	1052.6	1060.4	1064.9	1071.9	1075.6	1073.9	1070.6	1063.7	1064.72	1062.58
297.2	942.3	980.32	996.71	1012.7	1023.8	1036.2	1048	1057.1	1062	1068.8	1073.7	1073.1	1071.1	1064.6	1066.96	1065.86
297.3	937.76	975.37	990.65	1007.7	1019.4	1030.8	1043.3	1053.9	1059.9	1065.8	1071.7	1072.4	1071.3	1065.3	1068.88	1068.74
297.4	933.05	970.94	984.47	1002.2	1015.2	1026.1	1038.6	1050.1	1057.5	1063	1069.1	1071	1070.4	1065.7	1069.85	1070.52
297.5	927.54	966.3	978.78	996.51	1010.8	1021.6	1033.2	1045.4	1054.3	1060.5	1066	1068.9	1068.6	1066.1	1070.16	1071.54
297.6	922.26	961.71	974.24	990.68	1006	1017.4	1028	1040.8	1051.3	1058.1	1062.5	1066.6	1067.1	1066.5	1070.58	1072.72
297.7	918.04	957.12	970.42	984.64	1000.7	1013.5	1023.5	1035.9	1047.5	1054.9	1059.3	1064.6	1066	1066.6	1071.31	1074.32
297.8	913.68	952.06	966.25	978.82	995.27	1009.2	1019.1	1030.4	1042.6	1051.3	1056.5	1062.6	1064.8	1066.1	1071.63	1075.42
297.9	908.98	946.96	961.9	974.05	989.68	1004.5	1015.1	1025.6	1038.1	1048.4	1053.9	1060.1	1062.7	1064.2	1069.98	1074.02
298	904.67	941.77	957.52	969.83	983.95	999.46	1011.4	1021.2	1033	1044.8	1051	1056.7	1059.9	1061.8	1067.71	1072
298.1	900.41	936	952.73	965.48	978.6	994.22	1007.3	1016.9	1027.6	1040.3	1047.7	1053.1	1057.3	1060	1066.38	1071.28
298.2	896.48	930.47	947.96	961.36	974.06	988.88	1002.7	1013.2	1023	1035.7	1044.1	1050.1	1055.4	1058.7	1065.99	1071.72
298.3	892.77	925.53	942.79	957.07	969.78	983.39	997.96	1009.7	1018.7	1030.8	1041	1047.6	1053.6	1056.8	1065.34	1071.8
298.4	888.48	920.6	936.93	952.61	965.28	978.19	992.96	1005.6	1014.5	1026.1	1038.2	1044.7	1050.8	1053.9	1063.2	1070.02
298.5	884.23	916	931.41	948.27	961.1	973.7	987.87	1001.2	1011.1	1022	1034.3	1041.1	1047.2	1050.6	1060.07	1067.08
298.6	880.23	911.66	926.39	943.08	956.92	969.39	982.57	996.66	1007.7	1017.8	1029.7	1037.2	1043.7	1048	1057.6	1065.04
298.7	875.86	907.19	921.52	937.09	952.49	965.15	977.52	991.9	1003.7	1013.6	1025.2	1033.7	1040.9	1046.6	1056.51	1064.68
298.8	871.21	902.97	917.16	931.53	948.18	961.22	973.1	987.05	999.66	1010.2	1020.8	1031.2	1038.4	1044.8	1055.12	1063.8
298.9	866.56	898.76	912.94	926.43	942.9	957.01	968.81	981.86	995.26	1006.7	1016.8	1028.2	1034.9	1041.6	1052.01	1060.8
299	861.89	894.21	908.64	921.68	936.81	952.62	964.66	976.94	990.75	1002.7	1012.8	1023.9	1030.4	1037.7	1047.78	1056.54
299.1	857.84	889.64	904.64	917.59	931.29	948.34	960.77	972.61	986.11	998.56	1008.4	1019.4	1026.4	1034.5	1044.416	1053.404
299.2	854.25	884.89	900.53	913.48	926.23	942.92	956.67	968.32	980.98	994.19	1004.2	1015.2	1023.5	1032	1042.294	1051.786
299.3	850.09	879.88	896.2	909.32	921.67	936.61	952.76	964.29	976.2	990.09	1000.6	1011.5	1021.2	1029.1	1040.084	1049.946
299.4	845.54	875.09	891.81	905.48	917.83	930.85	948.76	960.44	971.97	985.72	997.01	1008	1017.9	1024.6	1036.241	1046.106
299.5	840.81	870.47	887.03	901.49	913.78	925.73	942.92	956.41	967.69	980.65	993.05	1003.8	1013.4	1019.6	1031.575	1041.4
299.6	835.94	865.76	881.98	897.38	909.76	921.46	936.17	952.76	963.77	976.01	988.84	999.05	1009.1	1015.9	1027.792	1037.796
299.7	831.72	861.3	877.17	893.07	906.07	917.8	930.31	948.69	959.97	971.92	984.73	994.84	1005.5	1013.8	1025.517	1035.97
299.8	827.9	856.74	872.46	888.19	902.26	913.81	925.31	942.85	956.05	967.77	980.79	991.26	1002.5	1011.5	1023.515	1034.432
299.9	823.6	851.91	867.81	883.09	898.35	909.93	921.37	936.3	952.65	963.96	976.47	987.62	998.92	1007.7	1019.913	1030.906
300	819.11	847.28	863.48	878.3	894.05	906.39	917.84	930.14	948.47	960.09	971.91	983.63	994.3	1003.2	1015.209	1026.07
300.1	815.07	842.68	858.95	873.54	889.04	902.78	913.87	925.03	942.34	956.24	967.67	979.5	989.35	999.38	1010.816	1021.612
300.2	811.56	838	854.21	868.99	883.93	899.04	910.2	921.44	935.72	953.02	963.49	975.66	985.21	996.6	1007.46	1018.348
300.3	808.35	833.59	849.64	864.75	879.17	894.66	906.9	917.97	929.82	948.61	959.29	971.89	981.7	993.89	1004.967	1016.264
300.4	805.15	829.43	845.03	860.19	874.43	889.53	903.53	914.05	925.16	942.1	955.13	967.82	978.03	989.93	1002.17	1014.026
300.5	801.78	825.33	840.48	855.53	869.99	884.44	899.89	910.49	921.72	935.42	950.85	963.72	974.03	984.78	998.33	1010.52
300.6	798.8	821.41	836.26	851.03	865.78	879.71	895.34	907.31	918.04	929.73	947.05	959.56	970.13	979.75	994.18	1006.492
300.7	796.39	817.68	832.15	846.48	861.19	875.01	890.08	904.18	914.14	925.46	943.44	955.21	966.57	975.82	990.455	1002.84
300.8	793.14	814	828.07	842.11	856.63	870.69	885.04	900.54	910.81	922.37	938.5	950.82	963.02	972.41	986.804	999.264
300.9	788.76	811.37	824.17	838.02	852.2	866.47	880.32	895.78	907.86	918.69	932.48	946.19	959.35	968.68	983.133	995.818
301	784.16	809.1	820.47	833.96	847.74	861.88	875.69	890.42	904.96	914.54	926.77	941.68	955.45	964.77	979.384	992.298
301.1	779.62	805.49	816.93	829.94	843.54	857.43	871.47	885.45	901.24	911.11	922.07	937.9	951.14	961.16	975.427	988.344
301.2	775.87	801.34	813.55	826.11	839.54	853.08	867.18	880.75	896.24	908.42	918.7	933.94	946.6	957.88	971.154	983.836
301.3	772.54	797.15	810.06	822.47	835.53	848.77	862.62	876.21	890.86	905.72	915.67	928.96	941.8	954.7	966.597	979.006
301.4	768.18	792.67	806.28	818.98	831.6	844.72	858.27	872.06	886.01	901.82	911.9	923.73	936.74	951.34	962.27	974.658
301.5	763.42	788.34	802.46	815.49	827.87	840.79	854.01	867.69	881.31	896.55	908.06	918.92	932.21	947.33	958.327	970.898
301.6	759.59	784.08	798.51	811.81	824.3	836.85	849.86	863.2	876.86	891.12	904.58	915.1	928.38	942.79	954.536	967.25
301.7	756.59	779.43	794.23	807.99	820.81	833.03	845.93	858.96	872.74	886.39	901.49	912.37	924.28	937.93	950.253	962.84
301.8	754.3	775.02	790	804.24	817.17	829.41	842.05	854.81	868.28	881.72	898.19	909.2	919.79	932.58	945.292	957.624
301.9	752.43	771.1	785.71	800.32	813.34	825.93	838.2	850.83	863.89	877.37	893.73	905.32	915.41	927.29	940.28	952.432
302	750.04	767.38	781.3	796.07	809.51	822.4	834.5	846.99	859.76	873.28	888.47	901.18	911.39	922.85	936.052	948.258
302.1	747.05	764.17	777.26	791.83	805.8	818.59	830.99	843.17	855.75	868.72	883.41	897.25	908.39	918.97	932.992	945.54
302.2	743.88	761.4	773.49	787.51	801.89	814.66	827.59	839.43	851.92	864.47	878.81	893.88	905.91	915.15	930.182	943.028
302.3	740.38	758.57	769.83	783.25	797.66	810.85	823.96	835.86	848.14	860.47	874.58	890.07	902.54	911.46	926.806	939.8
302.4	736.89	755.6	766.72	779.42	793.41	807.16	819.97	832.48	844.38	856.6	870.74	885.34	898.47	907.78	922.813	935.822
302.5	733.48	752.5	763.95	775.72	789.11	803.26	815.98	829.13	840.75	852.91	866.69	880.29	893.96	904.51	918.813	931.86
302.6	729.08	749.05	761.08	772.12	785.02	799.04	812.19	825.35	837.32	849.17	862.4	875.56	889.78	902.19	915.846	929.188
302.7	724.36	745.49	758.2	768.92	781.34	794.78	808.53	821.2	834.06	845.5	858.41	871.26	886.14	899.6	912.961	926.554
302.8	720.86	741.76	755.14	766.01	777.71	790.55	804.63	817.19	830.71	842	854.58	867.55	881.96	896	909.032	922.57
302.9	718.87	737.37	751.75	763.15	774.2	786.64	800.41	813.42	826.72	838.72	850.97	864	877.22	891.34	903.897	917.046
303	717.93	732.99	748.23	760.27	771.01	783.07	796.15	809.79	822.44	835.58	847.37	859.96	872.44	886.24	898.235	910.874
303.1	716.5	729.37	744.43	757.2	768.07	779.53	792.02	805.89	818.42	832.18	843.52	855.97	867.98	881.99	893.552	905.96
303.2	714.27	726.58	740.15	753.81	765.2	776.11	788.27	801.67	814.68	827.94	839.61	852.17	864.18	878.08	889.851	902.336
303.3	712.11	724.41	736.01	750.28	762.3	772.91	784.8	797.44	811.09	823.56	835.92	848.49	861	873.74	886.174	898.718
303.4	710.41	722.22	732.45	746.45	759.21	769.97	781.37	793.43	807.18	819.57	832.7	845	857.53	869.17	882.003	894.406
303.5	708.35	720	729.5	742.27	755.8	767.08	778.01	789.85	802.95	815.84	829.71	841.2	853.59	864.61	877.416	889.558
303.6	704.79	718.02	727	738.29	752.23	764.15	774.82	786.48	798.76	812.32	826.19	837.18	849.87	860.53	874.18	885.8366667
303.7	700.25	716.12	724.65	734.77	748.35	761.03	771.87	783.17	794.89	808.38	821.91	833.33	846.2	857.39	870.07	881.7566667
303.8	695.72	713.72	722.51	731.74	744.24	757.6	768.95	779.85	791.44	804.13	817.65	829.8	842.68	854.49	865.78	877.4166667
303.9	693.05	710.37	720.58	729.09	740.36	753.98	765.99	776.67	788.2	800.03	813.82	826.76	839.13	850.96	861.43	872.8066667
304	692.22	706.41	718.59	726.69	736.86	750.1	762.83	773.72	785.01	796.29	810.39	823.72	835.07	847.28	857.06	868.46
304.1	691.06	702.52	716.08	724.59	733.79	746.08	759.35	770.76	781.69	792.98	807	819.98	831.01	843.72	853.55	865.3
304.2	689.39	699.71	712.85	722.63	731.04	742.27	755.7	767.78	778.53	789.89	803.05	815.87	827.27	840.17	851.09	863.33
304.3	687.91	697.8	709.18	720.55	728.64	738.8	751.84	764.58	775.58	786.81	798.83	812	823.92	836.78	848.24	860.6333333
304.4	686.71	695.81	705.6	717.97	726.57	735.68	747.88	761.05	772.57	783.46	794.8	808.48	821.01	832.95	844.68	856.55
304.5	685.78	693.98	702.83	714.82	724.54	732.88	744.12	757.38	769.59	780.33	791.3	805.21	817.83	828.7	841.3	852.7466667
304.6	684.61	692.55	700.57	711.33	722.39	730.5	740.67	753.56	766.34	777.36	788.28	801.6	814.04	824.73	837.81	849.2966667
304.7	682.02	691.23	698.36	707.96	719.78	728.39	737.5	749.66	762.76	774.29	785.29	797.39	810.23	821.1	834.39	846.0666667
304.8	678.71	690.01	696.58	705.21	716.71	726.31	734.68	745.94	759.1	771.34	782.13	793.22	806.71	817.98	831.02	842.88
304.9	676.57	688.45	695.16	702.78	713.36	724.11	732.32	742.51	755.31	768.01	778.85	789.52	803.41	815.11	826.76	838.4433333
305	674.74	685.93	693.78	700.53	710.15	721.5	730.17	739.29	751.44	764.38	775.79	786.35	800.11	811.77	822.47	833.81
305.1	672.42	683.15	692.41	698.8	707.4	718.5	728.03	736.47	747.76	760.76	772.83	783.42	796.19	808.14	818.68	830.16
305.2	670.09	681	690.66	697.37	704.87	715.3	725.79	734.12	744.33	757	769.82	780.32	791.84	804.68	815.13	827.1733333
305.3	667.1	678.7	688.16	695.91	702.63	712.21	723.2	731.89	741.06	753.14	766.63	777.1	787.9	801.41	812.26	824.8833333
305.4	664.13	676.11	685.59	694.43	700.93	709.44	720.27	729.72	738.28	749.53	763.11	774.16	784.57	798.25	809.33	822.1433333
305.5	662.1	673.59	683.35	692.54	699.46	706.87	717.18	727.48	735.9	746.09	759.52	771.43	781.61	794.73	805.93	818.41
305.6	660.18	670.67	680.81	690.03	697.93	704.65	714.17	724.9	733.6	742.78	755.96	768.54	778.63	790.48	802.61	814.5533333
305.7	657.9	667.95	678.13	687.54	696.34	702.97	711.38	722.05	731.42	740.04	752.42	765.49	775.41	786.22	799.46	811.08
305.8	656.06	665.84	675.5	685.19	694.35	701.46	708.81	719.08	729.18	737.62	748.97	762.15	772.38	782.64	796.35	807.76
305.9	655.37	663.71	672.63	682.47	691.83	699.85	706.62	716.12	726.62	735.24	745.66	758.72	769.85	779.61	793.17	804.1966667
306	655.01	661.46	670.07	679.72	689.35	698.16	704.94	713.33	723.86	733.09	742.51	755.43	767.29	776.75	789.34	799.8433333
306.1	654.52	659.78	667.97	677.02	686.88	696.08	703.37	710.75	720.98	730.86	739.66	752.01	764.38	773.59	784.82	794.7033333
306.2	653.53	658.87	665.83	674.2	684.03	693.55	701.7	708.58	718.05	728.31	737.15	748.42	761.18	770.39	780.89	790.53
306.3	651.68	658.14	663.72	671.77	681.22	691.03	699.93	706.9	715.27	725.64	734.7	745	757.82	767.81	777.72	787.6833333
306.4	649.68	657.35	662.18	669.7	678.47	688.43	697.77	705.28	712.69	722.85	732.26	741.87	754.67	765.6	774.86	785.2333333
306.5	647.69	656.21	661.22	667.62	675.71	685.48	695.21	703.54	710.53	719.93	729.8	739.05	751.6	763.06	771.97	782.58
306.6	645.98	654.51	660.32	665.66	673.37	682.6	692.63	701.7	708.85	717.18	727.22	736.58	748.13	760.02	768.61	779.4
306.7	644.13	652.64	659.4	664.26	671.36	679.83	689.92	699.47	707.15	714.59	724.62	734.11	744.48	756.69	765.67	776.8033333
306.8	642.22	650.81	658.17	663.25	669.38	677.14	686.88	696.85	705.36	712.42	722.22	731.51	741.21	753.51	763.66	775.2433333
306.9	641.26	649.04	656.49	662.25	667.55	674.88	683.94	694.21	703.47	710.75	719.9	729.04	738.39	750.73	761.6	773.45
307	640.8	647.07	654.69	661.25	666.25	672.96	681.16	691.4	701.15	708.98	717.41	726.71	735.97	747.68	758.9	770.4466667
307.1	640.42	645.24	652.94	659.92	665.22	671.09	678.54	688.26	698.43	707.13	715.06	724.38	733.67	744.03	755.69	766.4833333
307.2	640.01	644.14	651.13	658.23	664.13	669.38	676.36	685.29	695.74	705.21	712.79	722.02	731.05	740.45	752.37	762.61
307.3	639.27	643.34	649.12	656.49	663.04	668.16	674.54	682.52	692.82	702.77	710.44	719.6	728.35	737.45	749.53	759.6233333
307.4	637.92	642.61	647.38	654.78	661.64	667.09	672.78	679.95	689.59	699.95	708.21	716.99	725.98	735.04	747.05	757.0933333
307.5	636.35	641.86	646.19	652.92	659.94	665.93	671.19	677.87	686.6	697.25	706.13	714.52	723.9	732.97	743.8	753.4566667
307.6	634.69	640.84	645.19	650.91	658.24	664.77	670.04	676.18	683.85	694.22	703.93	712.4	721.83	730.59	739.94	748.8966667
307.7	632.87	639.51	644.23	649.25	656.57	663.3	668.92	674.5	681.33	690.86	701.41	710.17	719.5	727.75	736.61	745.0633333
307.8	631.49	638.12	643.21	647.96	654.65	661.59	667.7	673.03	679.38	687.91	698.75	707.72	716.84	725.09	734.03	742.51
307.9	629.99	636.62	642	646.81	652.67	659.95	666.46	671.93	677.82	685.17	695.89	705.3	714.09	722.98	732.05	741
308	628.25	635.01	640.68	645.65	651.04	658.26	664.93	670.74	676.22	682.69	693.02	703.05	711.87	721.21	730.14	739.3433333
308.1	627.62	633.61	639.4	644.37	649.66	656.3	663.23	669.46	674.86	680.92	690.39	700.91	709.96	719.27	727.47	736.41
308.2	627.92	632.02	637.99	643.03	648.35	654.37	661.63	668.16	673.79	679.47	688.01	698.74	707.61	716.75	724.44	733.0966667
308.3	627.99	630.54	636.53	641.74	646.97	652.74	659.92	666.56	672.53	677.93	685.84	696.29	704.9	713.79	722	730.6633333
308.4	627.72	630.02	635.14	640.54	645.47	651.25	657.93	664.89	671.2	676.69	683.82	693.52	702.29	711.18	720.31	729.28
308.5	626.74	629.98	633.57	639.22	644.04	649.8	656.05	663.34	669.83	675.66	681.82	690.81	700.06	709.36	718.79	728.1333333
308.6	624.78	629.72	632.34	637.86	642.79	648.17	654.38	661.56	668.17	674.29	679.77	688.4	698.21	707.45	716.72	725.97
308.7	623.21	629.22	631.89	636.48	641.66	646.49	652.78	659.57	666.55	672.91	678.01	686.34	696.37	704.8	713.88	722.5266667
308.8	622.47	628.1	631.62	635.01	640.43	645.03	651.16	657.74	665.02	671.49	676.7	684.38	693.98	701.81	710.75	718.95
308.9	620.88	626.4	631.17	634.01	639.16	643.83	649.29	656	663.16	669.77	675.57	682.3	691.24	699.11	708.54	716.93
309	618.48	625.15	630.5	633.56	637.8	642.76	647.49	654.3	661.21	668.21	674.28	680.08	688.74	697.15	707.12	716.05
309.1	616.73	624.17	629.25	633.11	636.48	641.61	646.03	652.46	659.4	666.69	672.64	677.97	686.69	695.74	704.92	714.0133333
309.2	615.65	622.35	627.72	632.52	635.65	640.4	644.86	650.37	657.56	664.74	670.92	676.34	684.92	694.04	701.81	710.48
309.3	615.51	620.17	626.61	631.69	635.14	639.1	643.85	648.49	655.76	662.85	669.6	675.14	683	691.57	698.62	706.6833333
309.4	616.19	618.53	625.43	630.34	634.54	637.96	642.79	647.04	653.69	661.03	668.32	673.98	680.73	688.93	696.05	703.89
309.5	616.25	617.44	623.51	628.95	633.84	637.23	641.62	645.91	651.39	659.08	666.58	672.51	678.31	686.77	694.58	702.8233333
309.6	615.29	617.21	621.49	627.9	632.84	636.63	640.42	644.96	649.49	657.16	664.55	670.86	676.25	685.12	693.59	702.3266667
309.7	614.39	617.49	619.9	626.53	631.46	635.91	639.46	643.98	648.05	654.82	662.46	669.42	674.8	683.53	691.8	700.3766667
309.8	614	617.25	618.83	624.58	630.2	635.09	638.77	642.87	646.95	652.37	660.68	668.22	673.65	681.47	689.2	696.99
309.9	613.4	616.47	618.57	622.68	629.1	633.95	638.05	641.81	646.09	650.49	658.89	666.77	672.35	678.92	686.81	693.82
310	613.1	615.87	618.59	621.1	627.58	632.58	637.25	641	645.18	649.06	656.45	664.98	670.8	676.41	685.1	691.7366667
310.1	612.81	615.47	618.21	620.09	625.66	631.41	636.3	640.26	644.14	647.99	653.92	663.05	669.28	674.51	683.82	690.41
310.2	611.65	614.91	617.58	619.79	623.83	630.22	635.04	639.45	643.25	647.22	652.16	661.24	668.08	673.22	682.23	688.66
310.3	610.58	614.54	617.14	619.61	622.26	628.6	633.72	638.58	642.54	646.37	651.28	659.57	666.85	672.03	679.84	685.8966667
310.4	610.02	613.95	616.75	619.19	621.33	626.74	632.58	637.48	641.71	645.44	650.56	657.56	665.24	670.59	677.02	682.73
310.5	609.64	612.8	616.22	618.7	620.94	624.93	631.27	636.14	640.82	644.74	649.23	655.18	663.5	669.05	674.57	680.11
310.6	609.36	611.83	615.75	618.35	620.6	623.39	629.62	634.9	639.88	644.04	647.4	653.07	661.77	667.77	672.91	678.6233333
310.7	608.83	611.13	614.95	617.96	620.23	622.51	627.82	633.72	638.64	643.1	645.95	651.7	660.15	666.7	671.7	677.7333333
310.8	607.43	610.56	613.82	617.45	619.84	622.01	625.99	632.3	637.26	642.18	645.52	650.81	658.41	665.32	670.38	676.6733333
310.9	605.61	610.13	612.86	616.85	619.55	621.58	624.51	630.68	636.07	641.16	645.43	649.71	656.29	663.68	668.86	675.5133333
311	604.22	609.45	612.01	615.9	619.18	621.29	623.65	628.9	634.82	639.77	644.67	648.12	654.14	662.09	667.46	674.55
311.1	603.71	608.15	611.31	614.8	618.64	620.97	623.02	627.05	633.33	638.39	643.25	646.49	652.46	660.57	666.44	673.8033333
311.2	603.9	606.68	610.77	613.77	617.89	620.71	622.58	625.65	631.77	637.23	641.75	645.5	651.27	658.98	665.35	672.6133333
311.3	604.08	605.59	609.99	612.77	616.86	620.38	622.37	624.75	629.96	635.86	640.48	645.13	650.17	657.12	663.8	670.66
311.4	603.81	605.17	608.82	611.98	615.77	619.77	622.09	624	628.09	634.35	639.56	644.61	648.78	655.08	662.25	668.84
311.5	603.08	605.29	607.62	611.36	614.62	618.87	621.88	623.63	626.79	632.87	638.72	643.51	647.17	653.28	660.89	667.5
311.6	602.53	605.33	606.73	610.54	613.49	617.82	621.57	623.47	625.8	630.99	637.3	642.11	645.86	651.9	659.49	666.0466667
311.7	602.55	604.89	606.43	609.51	612.63	616.69	620.84	623.22	624.98	629.13	635.49	640.77	645.13	650.66	657.8	663.8666667
311.8	602.87	604.12	606.56	608.53	611.95	615.39	619.83	623.08	624.72	627.91	633.72	639.61	644.53	649.28	655.89	661.26
311.9	602.69	603.56	606.48	607.8	611.11	614.15	618.78	622.74	624.59	626.8	631.98	638.7	643.63	647.77	654.11	658.9833333
312	601.94	603.49	605.89	607.63	610.26	613.25	617.55	621.87	624.36	625.95	630.52	637.66	642.41	646.34	652.65	657.3733333
312.1	600.82	603.58	605.06	607.78	609.46	612.5	616.09	620.8	624.29	625.84	629.55	636.15	641.14	645.34	651.36	656.1666667
312.2	599.89	603.21	604.47	607.58	608.88	611.72	614.79	619.74	623.88	625.69	628.55	634.51	639.89	644.56	649.91	654.8066667
312.3	599.95	602.39	604.31	606.84	608.84	611.05	613.85	618.36	622.86	625.48	627.68	632.95	638.76	643.62	648.35	653.1666667
312.4	599.87	601.37	604.21	605.95	608.99	610.4	613.06	616.76	621.79	625.52	627.32	631.56	637.81	642.51	646.88	651.47
312.5	599.14	600.74	603.68	605.32	608.64	609.94	612.37	615.43	620.69	624.98	627.03	630.52	636.59	641.36	645.76	650.4066667
312.6	598.42	600.83	602.8	605.07	607.76	610.04	611.87	614.44	619.11	623.82	626.72	629.64	635.15	640.21	644.87	649.7966667
312.7	597.72	600.63	601.88	604.8	606.83	610.16	611.34	613.63	617.4	622.79	626.32	628.58	633.73	638.95	643.78	648.87
312.8	597.64	599.93	601.48	604.12	606.13	609.63	611.04	613.09	616.05	621.59	625.41	627.67	632.42	637.83	642.59	647.7833333
312.9	598.39	599.25	601.62	603.22	605.8	608.65	611.25	612.73	615.02	619.78	624.15	627.19	631.41	636.79	641.45	646.59
313	598.69	598.67	601.33	602.4	605.36	607.66	611.29	612.3	614.23	618.01	623.22	626.9	630.66	635.52	640.46	645.3466667
313.1	597.99	598.67	600.66	602.22	604.55	606.9	610.59	612.17	613.86	616.66	622.34	626.53	629.74	634.25	639.36	644.07
313.2	596.91	599.18	600.03	602.37	603.66	606.48	609.52	612.48	613.62	615.58	620.81	625.76	628.52	633.05	638	642.67
313.3	596.04	599.16	599.53	602.01	602.98	605.87	608.47	612.37	613.27	614.86	618.89	624.48	627.57	632.06	636.88	641.48
313.4	595.82	598.36	599.57	601.38	602.98	604.96	607.64	611.51	613.34	614.67	617.48	623.31	627.11	631.4	635.77	640.0866667
313.5	595.63	597.39	599.89	600.82	603.11	604.11	607.1	610.38	613.7	614.52	616.81	622.65	626.81	630.77	634.6	638.5166667
313.6	594.42	596.72	599.61	600.37	602.69	603.59	606.33	609.24	613.41	614.27	616.51	621.88	626.24	629.67	633.52	637.09
313.7	592.51	596.51	598.73	600.41	602.12	603.72	605.37	608.36	612.41	614.54	616.35	620.43	625.01	628.29	632.57	636.1833333
313.8	591.23	596.1	597.85	600.55	601.61	603.83	604.58	607.69	611.22	614.91	615.85	618.77	623.53	627.4	631.97	636.0733333
313.9	591.08	594.83	597.31	600.04	601.21	603.37	604.24	606.77	609.99	614.39	615.24	617.72	622.64	627.03	631.53	635.9566667
314	591.75	593.21	597.08	599.12	601.21	602.86	604.47	605.79	609.05	613.28	615.35	617.29	622.29	626.64	630.85	635.1533333
314.1	592.4	592.24	596.52	598.33	601.15	602.4	604.52	605.09	608.25	612.04	615.76	617.13	621.58	625.67	629.48	633.4766667
314.2	592.16	592.17	595.23	597.88	600.45	602.01	604.06	604.92	607.19	610.7	615.19	616.79	620.2	624.01	628.02	631.8966667
314.3	591.62	592.65	593.85	597.6	599.52	601.95	603.61	605.22	606.23	609.71	613.71	616.07	618.82	622.61	627.31	631.4033333
314.4	591.58	592.97	593.13	596.92	598.84	601.69	603.19	605.21	605.65	608.76	612.17	615.5	618.08	622.15	627.02	631.3566667
314.5	591.93	592.64	593.1	595.68	598.44	600.85	602.79	604.77	605.63	607.58	611.14	615.49	617.88	622.04	626.38	630.6
314.6	591.92	592.25	593.44	594.53	598.08	599.95	602.63	604.39	605.97	606.69	610.67	615.35	617.74	621.33	624.84	628.4033333
314.7	591.34	592.33	593.54	593.99	597.34	599.35	602.19	603.97	605.9	606.24	609.82	614.4	617.16	620.03	622.95	625.8366667
314.8	590.7	592.56	593.15	593.97	596.18	598.96	601.24	603.55	605.5	606.36	608.51	613.04	616.26	618.94	621.92	624.7
314.9	589.91	592.4	592.89	594.18	595.25	598.54	600.39	603.28	605.19	606.71	607.45	611.93	615.65	618.51	621.92	624.9633333
315	589.2	591.87	593.02	594.1	594.84	597.76	599.87	602.65	604.74	606.58	607.12	611.27	615.39	618.48	621.96	625.18
315.1	589.04	591.24	593.15	593.71	594.79	596.72	599.46	601.64	604.28	606.23	607.54	610.61	614.81	618.22	621.19	624.4533333
315.2	588.77	590.48	592.9	593.55	594.88	595.99	598.98	600.87	603.9	606	607.84	609.53	613.73	617.37	619.98	623.2766667
315.3	588.41	589.89	592.37	593.68	594.67	595.66	598.22	600.39	603.09	605.49	607.27	608.41	612.68	616.33	619.2	622.59
315.4	588.84	589.69	591.74	593.71	594.29	595.56	597.32	599.94	602.05	604.96	606.5	607.75	611.94	615.6	619.09	622.6933333
315.5	589.22	589.41	591	593.4	594.22	595.53	596.75	599.43	601.37	604.47	606.18	607.72	611.34	615.01	619.13	622.95
315.6	589	589.22	590.51	592.88	594.32	595.22	596.45	598.71	600.9	603.5	605.9	607.87	610.42	614.17	618.6	622.5766667
315.7	588.83	589.55	590.31	592.24	594.26	594.89	596.29	597.96	600.41	602.47	605.53	607.49	609.35	613.22	617.48	621.48
315.8	588.62	589.65	590.05	591.54	593.91	594.88	596.15	597.52	599.9	601.89	604.87	606.68	608.56	612.52	616.3	620.2
315.9	588.16	589.42	589.98	591.11	593.39	594.93	595.79	597.21	599.24	601.38	603.81	606.23	608.25	611.97	615.37	618.9833333
316	587.68	589.27	590.17	590.92	592.74	594.8	595.52	596.99	598.65	600.85	602.93	606.18	608.21	611.18	614.51	617.6
316.1	586.74	588.99	590.07	590.72	592.08	594.42	595.52	596.76	598.3	600.4	602.57	605.96	607.84	610.13	613.63	616.3233333
316.2	585.31	588.46	589.85	590.71	591.71	593.88	595.51	596.36	597.95	599.81	602.27	605.43	606.97	609.3	612.99	615.7733333
316.3	584.44	587.79	589.71	590.72	591.55	593.23	595.32	596.16	597.68	599.37	601.74	604.57	606.26	608.89	612.56	615.5366667
316.4	584.11	586.75	589.33	590.5	591.42	592.63	594.93	596.15	597.35	599.05	601.06	603.67	606.24	608.75	611.93	614.6633333
316.5	583.92	585.6	588.69	590.3	591.38	592.3	594.37	596.07	596.96	598.65	600.45	603.22	606.3	608.37	610.9	613.1233333
316.6	583.95	585.07	587.85	590.13	591.23	592.19	593.74	595.86	596.8	598.33	600.2	603.05	605.95	607.43	609.97	611.8033333
316.7	584.16	584.85	586.77	589.64	590.94	592.12	593.19	595.45	596.76	597.95	599.89	602.6	605.24	606.4	609.5	611.3066667
316.8	585.07	584.68	585.93	588.85	590.77	592	592.9	594.87	596.63	597.56	599.35	601.76	604.32	606.07	609.41	611.69
316.9	586.72	584.73	585.68	587.88	590.52	591.69	592.85	594.26	596.4	597.44	598.85	600.93	603.77	606.39	609.14	611.8033333
317	587.96	585.05	585.53	586.87	589.91	591.39	592.8	593.74	595.96	597.34	598.36	600.48	603.71	606.36	608.16	610.5266667
317.1	588.14	586	585.4	586.35	588.97	591.22	592.55	593.51	595.37	597.18	598.09	600.27	603.53	605.78	606.85	608.7066667
317.2	587.46	587.33	585.52	586.3	587.91	590.88	592.13	593.54	594.79	596.94	598.07	599.88	602.73	604.93	606	607.8233333
317.3	586.41	588.11	585.94	586.19	587.05	590.13	591.86	593.46	594.31	596.45	597.92	599.29	601.64	604.21	606.19	608.5633333
317.4	585.42	587.99	586.86	586.14	586.84	589.04	591.66	593.04	594.14	595.87	597.65	598.68	600.87	604.1	606.63	609.6266667
317.5	584.11	587.28	587.88	586.34	586.94	587.95	591.21	592.58	594.24	595.33	597.29	598.28	600.59	604.26	606.33	609.4666667
317.6	582.44	586.41	588.26	586.83	586.85	587.32	590.3	592.34	594.07	594.87	596.78	598.23	600.38	603.81	605.52	608.3766667
317.7	581.3	585.51	587.89	587.66	586.89	587.39	589.08	592.08	593.5	594.8	596.28	598.19	599.87	602.61	604.66	607.17
317.8	580.78	584.26	587.16	588.35	587.18	587.56	588.04	591.5	593.05	594.95	595.82	597.92	599.15	601.44	604.38	606.8866667
317.9	580.78	582.85	586.41	588.36	587.7	587.51	587.68	590.43	592.82	594.62	595.49	597.57	598.52	600.88	604.69	607.5333333
318	581.53	581.94	585.58	587.81	588.37	587.65	587.97	589.11	592.47	593.93	595.58	597.2	598.34	600.72	604.77	607.7066667
318.1	582.27	581.56	584.41	587.1	588.72	588.04	588.18	588.2	591.75	593.54	595.76	596.85	598.44	600.42	603.87	606.34
318.2	582.82	581.68	583.23	586.44	588.42	588.53	588.18	588.14	590.51	593.28	595.18	596.51	598.27	599.75	602.36	604.2166667
318.3	583.48	582.31	582.54	585.66	587.73	588.99	588.45	588.58	589.14	592.82	594.18	596.06	597.88	598.92	601.32	602.8133333
318.4	583.73	582.82	582.3	584.59	587.08	588.99	588.89	588.8	588.43	591.96	593.73	595.79	597.5	598.42	601.02	602.5
318.5	583.52	583.21	582.52	583.64	586.49	588.42	589.3	588.89	588.66	590.54	593.74	595.93	597.23	598.5	600.89	602.5333333
318.6	583.3	583.66	583.03	583.15	585.76	587.67	589.5	589.28	589.2	589.19	593.46	595.9	597.09	598.59	600.42	602.03
318.7	583.1	583.76	583.33	583.05	584.84	587.08	589.18	589.74	589.42	588.75	592.33	595.19	596.79	598.23	599.53	600.9233333
318.8	582.81	583.54	583.58	583.33	584.11	586.56	588.4	590.01	589.63	589.22	590.54	594.32	596.27	597.76	598.7	600.0066667
318.9	582.2	583.32	583.85	583.7	583.8	585.9	587.63	589.93	590.14	589.81	589.28	593.9	596.09	597.46	598.49	599.7466667
319	581.68	583.12	583.82	583.81	583.81	585.14	587.12	589.31	590.56	590.05	589.41	593.7	596.25	597.39	598.75	599.9633333
319.1	581.43	582.8	583.58	583.91	584.1	584.61	586.64	588.37	590.64	590.41	590.46	593.11	596.04	597.38	598.67	599.9933333
319.2	580.83	582.32	583.34	584.02	584.31	584.47	586.07	587.62	590.27	591.01	591.03	591.84	595.26	596.98	598.14	599.6733333
319.3	580.21	581.99	583.12	583.89	584.23	584.58	585.49	587.17	589.38	591.34	590.7	590.41	594.44	596.43	597.67	599.41
319.4	580.32	581.72	582.83	583.62	584.2	584.82	585.15	586.75	588.33	591.19	590.63	589.74	593.94	596.37	597.55	599.5633333
319.5	580.57	581.15	582.48	583.35	584.18	584.86	585.16	586.3	587.64	590.52	591.23	590.17	593.54	596.52	597.74	600.1333333
319.6	580.28	580.77	582.27	583.13	583.96	584.61	585.34	585.89	587.25	589.41	591.74	590.99	592.76	596.17	597.69	600.47
319.7	580.05	580.95	581.99	582.89	583.65	584.44	585.49	585.74	586.89	588.3	591.44	591.19	591.59	595.31	597.1	600.1766667
319.8	579.39	581	581.49	582.68	583.36	584.32	585.35	585.88	586.58	587.68	590.38	590.97	590.57	594.45	596.62	599.93
319.9	578.56	580.61	581.32	582.56	583.17	584.03	584.95	586.08	586.35	587.33	589.13	591.17	590.29	593.82	596.69	600
320	578.98	580.2	581.53	582.28	583.01	583.67	584.66	586.12	586.37	587.06	588.32	591.7	590.81	593.28	596.8	599.62
320.1	579.32	579.46	581.39	581.88	582.92	583.37	584.43	585.79	586.62	586.92	588.16	591.83	591.38	592.49	596.32	598.3366667
320.2	578.88	578.89	580.87	581.89	582.86	583.21	584.07	585.24	586.8	586.84	588.05	591.27	591.43	591.56	595.31	596.6466667
320.3	578.72	579.24	580.34	582.07	582.57	583.15	583.68	584.85	586.7	587.03	587.79	590.22	591.39	590.89	594.33	595.1433333
320.4	578.7	579.35	579.56	581.73	582.32	583.18	583.38	584.54	586.18	587.37	587.47	589.16	591.72	590.81	593.64	593.9766667
320.5	578.55	579.03	579.17	581.1	582.48	583.14	583.29	584.11	585.49	587.47	587.32	588.61	592.01	591.27	593.05	593.15
320.6	578.67	579.05	579.45	580.46	582.56	582.9	583.35	583.67	585.02	587.22	587.63	588.49	591.82	591.68	592.42	592.5733333
320.7	578.97	579.15	579.42	579.7	582.02	582.81	583.46	583.4	584.63	586.52	588	588.34	591.18	591.75	591.77	592.1566667
320.8	579.4	579.15	579.24	579.43	581.29	583.05	583.42	583.4	584.13	585.7	587.96	588.03	590.18	591.86	591.26	592.18
