0	0	0.1	0.2	0.3	0.4	0.5	0.6	0.7	0.8	0.9	1	1.1	1.2	1.3	1.4	1.5
264.1	534.3	535.63	536.85	537.31	535.53	535.62	536.16	537.01	538.83	535.6	534.05	531.67	530.36	528.3366667	526.0844444	524.068254
264.2	534.07	535.46	537.2	537.56	536.3	535.95	536.03	537.03	538.89	536.58	534.18	532.18	530.51	528.62	526.3373333	524.2927619
264.3	534.58	535.64	537.09	537.64	537.56	536.3	536.13	537.33	538.53	537.4	534.47	532.66	530.67	528.8	526.69	524.6714286
264.4	535.4	535.86	536.61	537.86	538.39	536.61	536.47	537.24	538.01	537.47	535.28	532.96	530.87	528.6266667	526.9657778	524.9933016
264.5	536.35	536.04	536.43	538.19	538.68	537.35	536.9	536.98	538.08	537.33	535.91	533.34	531.26	528.8533333	527.4375556	525.525746
264.6	537.32	536.07	536.61	538.06	538.72	538.6	537.35	536.95	538.46	537.13	536	533.99	531.73	529.6366667	528.2584444	526.4776825
264.7	537.77	536.32	536.84	537.58	538.88	539.47	537.69	537.32	538.32	537.27	536.09	534.43	532.21	530.3633333	529.1182222	527.5004127
264.8	538.19	537.05	536.99	537.38	539.18	539.8	538.41	537.86	537.92	537.59	536.17	534.52	532.69	530.98	529.8733333	528.4147619
264.9	538.71	537.61	537	537.55	539.03	539.8	539.64	538.41	537.77	537.5	536.38	534.85	532.94	531.2833333	530.3562222	528.9949841
265	538.99	537.72	537.28	537.79	538.55	539.88	540.56	538.78	538.16	537.19	536.68	535.21	533.03	531.4	530.5033333	529.1390476
265.1	538.86	537.82	538.07	537.94	538.34	540.14	540.93	539.46	538.81	537.08	536.63	535.5	533.6	531.47	530.688	529.3088571
265.2	538.37	538.25	538.69	537.94	538.5	539.99	540.88	540.68	539.48	537.38	536.41	535.76	534.25	531.52	530.816	529.392
265.3	537.7	538.81	538.87	538.24	538.75	539.5	540.88	541.64	539.87	537.83	536.33	535.76	534.61	532.36	531.3486667	529.9835238
265.4	537.02	539.46	538.98	539.07	538.9	539.28	541.11	542.05	540.5	538.35	536.54	535.64	534.85	533.3	531.79	530.4357143
265.5	536.82	540.13	539.33	539.75	538.88	539.43	540.94	541.96	541.73	538.81	536.79	535.59	534.89	533.72	531.6206667	530.1060952
265.6	537.1	540.49	539.82	540.02	539.19	539.7	540.46	541.88	542.72	539.41	537.18	535.71	534.86	533.93	531.3946667	529.7069524
265.7	537.92	540.73	540.42	540.16	540.05	539.86	540.23	542.06	543.19	540.41	537.68	535.75	534.84	534.02	531.1993333	529.3567619
265.8	539.05	540.91	541.03	540.45	540.81	539.82	540.36	541.89	543.05	541.3	538.22	536.01	534.87	534.08	531.2866667	529.3909524
265.9	540.09	541.02	541.38	540.87	541.18	540.14	540.65	541.41	542.86	541.84	538.99	536.56	534.71	534.09	531.408	529.4745714
266	540.79	541	541.6	541.4	541.35	541.03	540.81	541.17	543.03	541.92	539.78	537.04	534.85	534.06	531.5666667	529.6009524
266.1	541.4	540.93	541.75	541.95	541.58	541.85	540.77	541.29	542.84	541.94	540.41	537.58	535.44	533.66	531.822	529.8725714
266.2	542.12	540.83	541.88	542.27	541.93	542.33	541.08	541.59	542.36	542.09	540.7	538.26	535.86	533.66	532.3586667	530.5120952
266.3	542.73	540.6	541.97	542.46	542.39	542.54	542	541.77	542.11	541.9	540.89	538.98	536.16	534.34	533.2653333	531.6087619
266.4	543.23	540.5	542.05	542.56	542.88	542.72	542.89	541.71	542.22	541.57	541.05	539.48	536.73	534.69	533.916	532.3805714
266.5	543.33	540.81	542.07	542.69	543.18	543	543.48	542.03	542.53	541.47	540.88	539.84	537.55	534.74	534.3266667	532.8480952
266.6	542.93	541.5	541.84	542.87	543.33	543.38	543.74	542.96	542.73	541.63	540.69	540.01	538.25	535.2	534.9046667	533.5198095
266.7	542.71	542.36	541.62	543.1	543.37	543.8	543.87	543.93	542.66	541.94	540.74	539.85	538.79	536.12	535.7126667	534.4829524
266.8	542.98	543.15	541.85	543.26	543.49	544.08	544.07	544.62	542.96	542.13	540.94	539.81	538.97	537.02	536.274	535.1222857
266.9	543.4	543.64	542.52	543.06	543.76	544.19	544.38	544.94	543.93	542.13	541.26	540.01	538.82	537.75	536.442	535.2397143
267	543.61	543.98	543.35	542.77	544.14	544.16	544.73	545.02	544.96	542.43	541.48	540.26	538.93	537.94	536.318	534.9802857
267.1	543.34	544.49	544.08	542.95	544.46	544.26	544.98	545.14	545.78	543.23	541.54	540.58	539.28	537.77	536.0773333	534.5670476
267.2	542.84	545.08	544.48	543.59	544.3	544.62	545.06	545.37	546.15	544.16	541.8	540.84	539.57	538.04	536.232	534.6525714
267.3	542.57	545.53	544.71	544.37	543.93	545.15	544.95	545.65	546.16	544.93	542.42	540.95	539.9	538.56	536.6973333	535.1384762
267.4	542.71	545.66	545.23	545.04	544.05	545.63	545.03	545.88	546.22	545.27	543.23	541.18	540.19	538.87	537.0893333	535.5453333
267.5	543.4	545.55	545.93	545.34	544.67	545.53	545.48	545.92	546.37	545.22	543.95	541.61	540.37	539.23	537.5326667	536.0300952
267.6	543.98	545.62	546.44	545.48	545.4	545.1	546.16	545.73	546.58	545.17	544.26	542.3	540.56	539.54	537.9693333	536.5124762
267.7	544.29	545.95	546.55	545.98	546.01	545.17	546.8	545.8	546.79	545.3	544.14	542.98	540.81	539.78	538.332	536.9125714
267.8	545.06	546.27	546.45	546.76	546.22	545.76	546.75	546.32	546.79	545.57	544	543.26	541.37	539.95	538.736	537.3777143
267.9	546.15	546.39	546.59	547.31	546.24	546.44	546.27	547.16	546.51	545.84	544.1	543.07	542.01	539.99	539.0746667	537.7855238
268	547.3	546.22	547.01	547.42	546.73	546.98	546.29	547.96	546.55	545.78	544.4	542.83	542.26	540.45	539.4486667	538.2306667
268.1	548.32	546.05	547.41	547.34	547.59	547.1	546.85	547.98	547.16	545.4	544.74	542.89	542	541.03	539.6	538.38
268.2	548.65	546.05	547.55	547.56	548.18	547.02	547.48	547.44	548.15	545.37	544.66	543.23	541.65	541.27	539.356	538.0134286
268.3	548.07	546.31	547.36	548.06	548.28	547.49	547.95	547.42	549.14	546.03	544.18	543.65	541.68	540.92	538.7986667	537.236381
268.4	547.52	546.96	547.18	548.5	548.23	548.42	547.98	547.95	549.22	547.08	544.07	543.54	542.06	540.47	538.4726667	536.7772381
268.5	547.48	547.6	547.19	548.65	548.53	549.04	547.79	548.53	548.59	548.01	544.7	542.96	542.56	540.47	538.6793333	537.0024762
268.6	547.62	548.19	547.46	548.46	549.1	549.13	548.24	548.93	548.54	548.14	545.79	542.76	542.42	540.87	538.8993333	537.2267619
268.7	547.98	549	548.09	548.29	549.6	549.12	549.24	548.86	549.06	547.74	546.71	543.38	541.74	541.48	539.0953333	537.4030476
268.8	548.25	549.72	548.69	548.33	549.75	549.49	549.89	548.57	549.57	547.85	546.95	544.5	541.45	541.32	538.9833333	537.1861905
268.9	548.21	550.15	549.3	548.62	549.56	550.14	549.97	548.99	549.92	548.53	546.75	545.41	542.06	540.51	538.75	536.8128571
269	548.53	550.47	550.11	549.22	549.41	550.67	550	550.05	549.76	549.14	547.03	545.75	543.21	540.13	539.1146667	537.1940952
269.1	549.71	550.53	550.79	549.82	549.47	550.83	550.46	550.74	549.33	549.39	547.84	545.75	544.11	540.74	540.1053333	538.3659048
269.2	551.07	550.18	551.14	550.45	549.78	550.64	551.18	550.81	549.73	549.16	548.52	546.2	544.54	541.93	541.162	539.5854286
269.3	551.63	549.96	551.37	551.27	550.36	550.52	551.75	550.88	550.89	548.91	548.75	547.16	544.75	542.8	541.758	540.2002857
269.4	551.52	550.01	551.37	551.89	550.94	550.62	551.91	551.42	551.59	549.43	548.51	547.91	545.38	543.35	542.3	540.7585714
269.5	551.28	550.13	551.02	552.12	551.62	550.94	551.71	552.21	551.65	550.46	548.36	548.11	546.47	543.74	542.9546667	541.4755238
269.6	551.24	550.53	550.82	552.23	552.46	551.51	551.62	552.81	551.75	551.06	548.95	547.85	547.3	544.54	543.732	542.3482857
269.7	552.09	551.08	550.87	552.17	553.01	552.08	551.76	552.98	552.38	551.13	549.89	547.82	547.46	545.79	544.4753333	543.1601905
269.8	553.04	551.55	550.98	551.83	553.11	552.8	552.11	552.78	553.25	551.21	550.4	548.49	547.19	546.7	544.868	543.5331429
269.9	552.82	552.14	551.39	551.67	553.09	553.66	552.65	552.73	553.88	551.71	550.48	549.32	547.27	546.83	544.942	543.5211429
270	552.38	553.03	551.95	551.72	552.96	554.14	553.21	552.91	554.05	552.46	550.51	549.74	548.02	546.51	545.036	543.5562857
270.1	552.51	553.92	552.44	551.83	552.63	554.1	553.98	553.27	553.84	552.91	550.84	549.84	548.75	546.71	545.5686667	544.1649524
270.2	553.12	554.42	553.1	552.25	552.52	553.93	554.86	553.79	553.83	552.96	551.43	549.81	549.08	547.56	546.3173333	545.0427619
270.3	554.01	554.59	554.05	552.84	552.58	553.73	555.27	554.35	554.06	552.85	551.72	549.97	549.19	548.19	546.7886667	545.586381
270.4	554.55	554.59	554.97	553.39	552.68	553.43	555.08	555.16	554.43	552.88	551.65	550.41	549.12	548.41	546.888	545.6702857
270.5	554.4	554.58	555.51	554.11	553.1	553.36	554.77	556.07	554.94	553.1	551.63	550.53	549.1	548.55	546.8033333	545.5161905
270.6	554.07	555.05	555.67	555.09	553.72	553.43	554.5	556.41	555.47	553.53	551.72	550.34	549.39	548.43	546.58	545.18
270.7	554.5	555.55	555.63	555.99	554.34	553.52	554.22	556.07	556.35	554.09	551.95	550.42	549.34	548.21	546.0786667	544.4649524
270.8	555.27	555.48	555.65	556.56	555.14	553.95	554.21	555.6	557.29	554.75	552.45	550.56	549.03	548.39	545.7233333	543.907619
270.9	555.42	555.37	556.13	556.74	556.13	554.61	554.28	555.26	557.55	555.7	553.09	550.8	549.2	548.16	545.5426667	543.5786667
271	555.26	555.43	556.57	556.69	557.01	555.3	554.36	555	557.05	556.58	553.8	551.38	549.41	547.69	545.5786667	543.5578095
271.1	555.7	555.69	556.46	556.72	557.61	556.18	554.8	555.04	556.42	556.81	554.78	552.08	549.64	548	546.324	544.4294286
271.2	556.46	556.22	556.29	557.19	557.82	557.18	555.5	555.13	556.02	556.41	555.61	552.85	550.31	548.26	547.2573333	545.5470476
271.3	556.93	556.74	556.28	557.56	557.75	558.03	556.27	555.2	555.78	555.78	555.84	553.86	551.07	548.47	548.2006667	546.6960952
271.4	557.42	556.94	556.49	557.41	557.81	558.65	557.22	555.64	555.89	555.33	555.53	554.64	551.9	549.24	549.312	548.0425714
271.5	557.46	556.99	557.03	557.24	558.25	558.88	558.22	556.38	555.98	555.12	554.91	554.86	552.94	550.07	550.366	549.3334286
271.6	557.39	557.47	557.55	557.16	558.55	558.82	559.04	557.24	556.03	555.19	554.41	554.66	553.67	550.94	551.174	550.3237143
271.7	558.26	558.27	557.77	557.3	558.38	558.89	559.68	558.27	556.48	555.38	554.23	554.04	553.88	552.04	551.6526667	550.884381
271.8	559.22	558.83	557.89	557.83	558.2	559.3	559.94	559.27	557.27	555.62	554.32	553.5	553.78	552.71	551.6193333	550.7867619
271.9	559.52	559.13	558.45	558.35	558.05	559.52	559.88	560.05	558.2	556.15	554.63	553.34	553.16	552.88	551.0406667	549.9875238
272	559.62	559.56	559.32	558.6	558.12	559.33	559.98	560.71	559.32	557.03	555.07	553.45	552.59	552.92	550.3693333	549.0281905
272.1	559.88	559.87	559.98	558.81	558.62	559.16	560.35	561	560.33	558.13	555.69	553.88	552.45	552.29	549.5566667	547.8695238
272.2	560.2	559.94	560.38	559.44	559.15	558.95	560.49	560.95	561.04	559.28	556.67	554.52	552.57	551.66	549.0386667	547.0620952
272.3	560.81	560.3	560.82	560.37	559.44	558.94	560.28	561.06	561.74	560.19	557.91	555.24	553.13	551.57	549.16	547.0257143
272.4	561.34	560.54	561.05	561.13	559.72	559.41	560.12	561.4	562.07	560.75	559.07	556.31	553.96	551.67	549.792	547.6454286
272.5	561.27	560.74	561.02	561.65	560.41	559.94	559.84	561.45	562.01	561.19	559.83	557.69	554.78	552.37	551.0213333	549.033619
272.6	561.36	561.47	561.28	562.1	561.4	560.27	559.76	561.23	562.14	561.38	560.16	558.86	555.95	553.42	552.5326667	550.784381
272.7	561.79	562.19	561.47	562.22	562.28	560.63	560.19	561.08	562.45	561.35	560.38	559.47	557.46	554.31	553.9086667	552.386381
272.8	562.26	562.55	561.7	562.08	562.92	561.39	560.72	560.74	562.42	561.52	560.43	559.58	558.66	555.57	555.3286667	554.0806667
272.9	562.63	562.88	562.49	562.25	563.38	562.43	561.1	560.58	562.17	561.77	560.4	559.57	559.12	557.25	556.7086667	555.7549524
273	562.35	563.15	563.22	562.42	563.41	563.43	561.54	560.97	562.05	561.73	560.58	559.49	559	558.47	557.502	556.7254286
273.1	561.69	563.32	563.6	562.7	563.14	564.19	562.36	561.5	561.64	561.56	560.78	559.45	558.76	558.77	557.752	557.064
273.2	561.3	563.67	563.96	563.53	563.23	564.67	563.45	561.92	561.38	561.4	560.71	559.64	558.55	558.43	557.5813333	556.8850476
273.3	561.6	563.89	564.21	564.24	563.38	564.59	564.57	562.45	561.75	561.02	560.63	559.8	558.49	557.94	557.1913333	556.4064762
273.4	562.62	563.69	564.38	564.65	563.71	564.19	565.47	563.33	562.28	560.85	560.52	559.69	558.7	557.61	556.8786667	556.0035238
273.5	563.75	563.7	564.71	565.03	564.57	564.2	565.95	564.47	562.75	561.15	560.17	559.7	558.81	557.54	556.666	555.7077143
273.6	564.63	564.11	564.81	565.28	565.27	564.34	565.77	565.72	563.35	561.6	560.05	559.64	558.67	557.76	556.4633333	555.4019048
273.7	565.41	564.57	564.46	565.44	565.69	564.72	565.24	566.74	564.3	562.12	560.31	559.31	558.77	557.84	556.1066667	554.8680952
273.8	566.66	564.97	564.4	565.73	566.12	565.6	565.16	567.24	565.49	562.83	560.73	559.26	558.75	557.62	555.474	553.958
273.9	567.99	565.12	564.89	565.73	566.36	566.28	565.31	566.94	566.86	563.79	561.32	559.48	558.46	557.85	555.0053333	553.2087619
274	569.18	565.11	565.5	565.24	566.52	566.73	565.73	566.29	568.02	564.99	562.12	559.86	558.46	557.88	554.6333333	552.5604762
274.1	569.55	565.25	566.02	565.11	566.77	567.2	566.64	566.13	568.53	566.32	563.06	560.51	558.64	557.58	554.406	552.1105714
274.2	568.73	565.84	566.26	565.67	566.65	567.43	567.3	566.27	568.13	567.42	564.17	561.42	558.98	557.68	554.9346667	552.6398095
274.3	568.29	566.76	566.27	566.39	566.02	567.58	567.76	566.75	567.32	567.94	565.38	562.34	559.71	557.81	555.8886667	553.7378095
274.4	568.72	567.56	566.42	567.02	565.82	567.8	568.28	567.68	567.1	567.55	566.39	563.37	560.72	558.09	557.014	555.0551429
274.5	569.62	568.26	567.06	567.35	566.44	567.56	568.51	568.31	567.23	566.8	566.99	564.45	561.62	558.89	558.352	556.644
274.6	570.15	569.08	567.96	567.42	567.28	566.8	568.65	568.8	567.75	566.62	566.67	565.37	562.56	560.04	559.632	558.1454286
274.7	569.81	569.98	568.61	567.62	568	566.54	568.83	569.35	568.73	566.87	565.99	566.04	563.52	560.9	560.4266667	559.022381
274.8	569.35	570.68	569.17	568.31	568.43	567.22	568.48	569.59	569.33	567.49	565.94	565.79	564.34	561.76	561.03	559.6742857
274.9	569.6	571.39	569.95	569.21	568.58	568.15	567.58	569.71	569.82	568.4	566.26	565.18	565.08	562.6	561.5093333	560.1624762
275	570.59	571.74	570.84	569.72	568.83	568.97	567.25	569.85	570.45	568.88	566.93	565.25	564.9	563.28	561.668	560.2545714
275.1	571.33	571.47	571.59	570.15	569.59	569.5	567.98	569.39	570.66	569.26	567.79	565.65	564.37	564.16	562.0506667	560.6418095
275.2	571.48	571.36	572.34	570.9	570.47	569.73	569.02	568.36	570.77	569.87	568.09	566.37	564.56	564.02	562.14	560.6714286
275.3	571.31	571.57	572.69	571.75	570.83	570.04	569.92	567.96	570.89	570.15	568.34	567.18	565.04	563.53	562.1926667	560.6700952
275.4	571.42	571.87	572.39	572.5	571.14	570.87	570.56	568.75	570.31	570.22	568.95	567.31	565.81	563.89	563.0513333	561.7093333
275.5	572.28	572.16	572.29	573.26	571.86	571.74	570.87	569.88	569.13	570.2	569.17	567.43	566.57	564.43	564.2086667	563.176381
275.6	573.02	572.28	572.51	573.6	572.68	571.96	571.26	570.87	568.65	569.64	569.15	568.02	566.53	565.25	565.1273333	564.3427619
275.7	573.39	572.35	572.76	573.31	573.41	572.15	572.15	571.61	569.52	568.9	569.15	568.2	566.51	566.01	565.4813333	564.7479048
275.8	573.61	572.77	573	573.24	574.16	572.84	573.01	572.01	570.75	568.88	568.83	568.07	567.1	565.74	565.1133333	564.2233333
275.9	573.81	573.49	573.09	573.45	574.5	573.61	573.09	572.48	571.82	569.66	568.54	568.1	567.22	565.56	564.5773333	563.4613333
276	574.17	574.02	573.19	573.63	574.24	574.32	573.16	573.44	572.67	570.67	568.89	568	566.99	566.2	564.4753333	563.2101905
276.1	574.67	574.38	573.7	573.8	574.2	575.05	573.82	574.29	573.16	571.6	569.55	568.18	567.04	566.25	564.3366667	562.9195238
276.2	575.17	574.61	574.49	573.91	574.41	575.39	574.55	574.22	573.68	572.25	570.26	568.91	567.16	565.89	564.1346667	562.5469524
276.3	575.66	574.85	575.02	574.07	574.49	575.16	575.22	574.18	574.73	572.7	571.04	569.45	567.81	566	564.2973333	562.585619
276.4	575.87	575.37	575.38	574.66	574.6	575.16	575.94	574.81	575.59	573.3	571.55	569.86	568.93	566.3	564.7966667	563.0466667
276.5	576.05	575.83	575.63	575.49	574.73	575.36	576.27	575.5	575.35	574.12	571.89	570.49	569.35	567.41	565.894	564.3108571
276.6	576.77	576.05	575.88	576	574.96	575.34	576.08	576.13	575.17	574.78	572.39	570.85	569.46	568.99	567.1	565.7171429
276.7	577.54	576.31	576.37	576.36	575.63	575.38	576.12	576.82	575.81	574.8	573.05	571.09	569.94	569.26	567.396	565.9877143
276.8	578.45	576.75	576.79	576.67	576.48	575.54	576.31	577.14	576.44	574.87	573.67	571.5	570.15	569.04	567.2786667	565.7549524
276.9	579.31	577.16	576.94	576.93	576.98	575.85	576.19	577	577.02	575.53	573.94	571.99	570.28	569.41	567.4533333	565.8604762
277	579.57	577.45	577.19	577.38	577.36	576.59	576.16	577.09	577.7	576.23	574.26	572.56	570.61	569.45	567.4873333	565.7784762
277.1	579.73	577.83	577.68	577.75	577.72	577.47	576.35	577.26	578.03	576.8	574.98	573.08	570.92	569.46	567.6393333	565.8567619
277.2	579.91	578.47	578.08	577.83	578	577.95	576.74	577.03	577.9	577.26	575.65	573.65	571.44	569.74	568.2473333	566.525619
277.3	580.26	579.05	578.32	578.07	578.39	578.34	577.56	576.93	578.05	577.4	576.11	574.43	572.22	569.85	568.8546667	567.1912381
277.4	581	579.57	578.69	578.62	578.71	578.77	578.46	577.16	578.23	577.3	576.4	575.07	573.04	570.31	569.6873333	568.1527619
277.5	581.53	580.22	579.36	579.02	578.72	579.07	578.92	577.63	577.87	577.43	576.35	575.43	573.87	571.37	570.9766667	569.7166667
277.6	581.5	580.75	580.01	579.2	578.96	579.41	579.32	578.53	577.7	577.66	576.18	575.53	574.5	572.43	572.0186667	570.976381
277.7	581.67	581.27	580.55	579.56	579.57	579.66	579.82	579.44	577.98	577.56	576.38	575.29	574.75	573.32	572.598	571.6602857
277.8	582.28	581.79	581.17	580.27	579.97	579.61	580.14	579.88	578.51	577.55	576.77	575.06	574.67	573.93	572.7566667	571.8066667
277.9	582.74	582.1	581.67	580.99	580.09	579.85	580.42	580.3	579.5	577.89	576.93	575.32	574.23	574.08	572.356	571.222
278	583.63	582.41	582.16	581.58	580.42	580.52	580.61	580.87	580.44	578.48	577.15	575.87	573.94	573.81	571.81	570.4371429
278.1	584.76	582.77	582.66	582.16	581.18	580.92	580.5	581.21	580.84	579.41	577.54	576.31	574.26	573.17	571.4186667	569.846381
278.2	584.98	583.18	582.96	582.62	581.98	580.97	580.73	581.43	581.28	580.3	578.1	576.75	574.96	572.81	571.3946667	569.688381
278.3	585.37	583.81	583.23	583.06	582.61	581.28	581.47	581.56	581.93	580.81	578.99	577.19	575.68	573.19	571.876	570.1362857
278.4	586.35	584.46	583.6	583.52	583.17	582.08	581.87	581.38	582.28	581.25	579.86	577.72	576.34	574.06	572.788	571.1317143
278.5	587.19	584.82	584.08	583.81	583.59	582.97	581.85	581.61	582.44	581.8	580.4	578.56	576.83	575.05	573.81	572.2757143
278.6	587.88	585.24	584.77	584.07	583.97	583.65	582.14	582.42	582.53	582.19	580.79	579.42	577.34	575.94	574.8146667	573.418381
278.7	587.72	585.82	585.47	584.46	584.38	584.18	582.99	582.82	582.26	582.33	581.25	579.99	578.14	576.49	575.8086667	574.5892381
278.8	586.86	586.18	585.9	585	584.67	584.56	583.96	582.74	582.48	582.39	581.65	580.34	578.97	576.95	576.5413333	575.4207619
278.9	586.3	586.71	586.31	585.73	584.92	584.88	584.7	583	583.39	582.34	581.86	580.69	579.57	577.72	577.1453333	576.0644762
279	586.47	587.52	586.82	586.48	585.33	585.24	585.2	583.89	583.78	582.58	582	581.11	579.88	578.52	577.7826667	576.774381
279.1	586.88	588.04	587.15	586.99	585.91	585.52	585.53	584.95	583.61	583.2	581.99	581.39	580.14	579.17	578.3853333	577.471619
279.2	587.45	588.47	587.61	587.41	586.68	585.76	585.79	585.74	583.85	583.49	582.17	581.6	580.56	579.42	578.6973333	577.7970476
279.3	588.09	588.93	588.35	587.86	587.48	586.19	586.1	586.22	584.79	583.52	582.64	581.65	580.91	579.57	578.688	577.6902857
279.4	589.09	589.28	588.86	588.15	588.09	586.83	586.37	586.5	585.95	583.9	582.96	581.76	581.2	580.02	578.7366667	577.6238095
279.5	591.13	589.58	589.27	588.53	588.52	587.63	586.6	586.69	586.79	584.84	583.17	582.08	581.31	580.43	578.7553333	577.5130476
279.6	592.9	589.58	589.7	589.19	588.91	588.48	587.06	586.95	587.24	585.94	583.61	582.42	581.35	580.8	578.844	577.4965714
279.7	594.02	589.3	590.12	589.73	589.17	589.18	587.75	587.22	587.47	586.75	584.49	582.82	581.51	580.97	579.0126667	577.5872381
279.8	595.13	589.12	590.48	590.1	589.47	589.63	588.57	587.44	587.59	587.23	585.51	583.33	581.88	580.95	579.272	577.8025714
279.9	595.79	589.29	590.5	590.49	590.05	589.96	589.48	587.92	587.8	587.52	586.29	584.14	582.47	580.94	579.7	578.2257143
280	596.4	589.87	590.24	590.94	590.6	590.18	590.27	588.66	588.07	587.68	586.81	585.08	583.05	581.33	580.4046667	578.9955238
280.1	596.82	590.89	590.02	591.32	590.96	590.4	590.74	589.51	588.28	587.88	587.16	585.83	583.79	582.13	581.41	580.1428571
280.2	596.12	591.89	590.11	591.37	591.29	590.9	591.02	590.47	588.78	588.15	587.36	586.39	584.65	582.77	582.198	581.0117143
280.3	595.1	593.01	590.65	591.16	591.75	591.48	591.21	591.35	589.58	588.4	587.59	586.8	585.36	583.44	582.8006667	581.640381
280.4	594.91	594.54	591.61	590.93	592.16	591.82	591.34	591.85	590.45	588.92	587.93	587.03	585.96	584.22	583.3253333	582.1559048
280.5	594.93	595.78	592.57	590.95	592.23	592.09	591.76	592.07	591.46	589.72	588.23	587.31	586.44	584.89	583.6473333	582.4013333
280.6	595.19	596.81	593.7	591.47	592.09	592.55	592.36	592.23	592.45	590.58	588.78	587.71	586.71	585.54	583.9053333	582.5559048
280.7	596.04	597.68	595.19	592.41	591.85	592.97	592.68	592.27	592.97	591.49	589.53	588.07	587.02	586.09	584.268	582.8602857
280.8	597	597.84	596.4	593.36	591.8	593.07	592.88	592.61	593.13	592.31	590.24	588.64	587.49	586.37	584.7106667	583.2860952
280.9	598.64	597.85	597.49	594.5	592.3	593	593.35	593.24	593.26	592.75	590.97	589.35	587.9	586.73	585.278	583.8831429
281	600.62	597.97	598.39	595.93	593.23	592.76	593.77	593.54	593.2	592.95	591.64	589.91	588.5	587.27	586.1053333	584.8273333
281.1	601.7	597.63	598.58	597.08	594.17	592.65	593.91	593.68	593.45	593.24	592.01	590.45	589.17	587.73	586.7713333	585.5607619
281.2	602	597.21	598.61	598.21	595.32	593.13	593.9	594.14	594.15	593.42	592.35	590.96	589.58	588.36	587.284	586.088
281.3	602.18	597.38	598.72	599.13	596.68	594.06	593.67	594.57	594.41	593.65	592.87	591.27	589.93	589	587.874	586.7365714
281.4	602.59	597.69	598.4	599.3	597.78	595	593.5	594.74	594.46	594.16	593.16	591.74	590.28	589.25	588.264	587.1465714
281.5	603.13	598.33	598	599.32	598.94	596.16	593.97	594.81	594.93	594.51	593.38	592.49	590.53	589.42	588.5053333	587.351619
281.6	603.63	599.41	598.14	599.42	599.88	597.46	594.9	594.58	595.37	594.78	593.85	592.91	591.13	589.62	588.8793333	587.7181905
281.7	603.9	600.25	598.41	599.13	600.04	598.49	595.85	594.35	595.56	595.27	594.28	593.11	592.11	589.78	589.3966667	588.2666667
281.8	604.36	601.15	598.96	598.77	600.02	599.68	597.01	594.8	595.72	595.66	594.66	593.54	592.66	590.5	590.168	589.1331429
281.9	605.29	602.33	599.95	598.92	600.1	600.63	598.24	595.75	595.5	595.84	595.12	594.05	592.84	591.75	591.3013333	590.4779048
282	606.87	603.27	600.7	599.16	599.85	600.76	599.2	596.7	595.18	596.04	595.41	594.55	593.22	592.42	592.158	591.4974286
282.1	608.5	603.78	601.53	599.66	599.54	600.7	600.42	597.87	595.63	596.08	595.61	594.98	593.81	592.55	592.4926667	591.8400952
282.2	608.82	604.13	602.71	600.59	599.7	600.76	601.39	599.02	596.6	596	596.07	595.15	594.44	592.9	592.7833333	592.0947619
282.3	608.59	604.57	603.71	601.26	599.93	600.55	601.48	599.92	597.54	596.34	596.46	595.38	594.84	593.57	593.1453333	592.4187619
282.4	608.43	605.19	604.26	601.98	600.39	600.3	601.38	601.17	598.74	597.13	596.56	596.1	594.89	594.33	593.3686667	592.5335238
282.5	608.41	605.95	604.61	603.12	601.26	600.48	601.42	602.14	599.83	598.01	596.82	596.85	595.15	594.71	593.48	592.5042857
282.6	609.03	606.76	605.07	604.17	601.84	600.7	601.24	602.19	600.61	599.03	597.44	597.13	596.11	594.63	593.5946667	592.4812381
282.7	609.68	607.52	605.75	604.75	602.45	601.13	601.06	602.05	601.92	600.13	598.22	597.31	597.22	594.88	593.796	592.5148571
282.8	609.96	608.04	606.55	605.11	603.54	601.95	601.26	602.06	602.92	601.06	599.17	597.75	597.69	596.12	594.5653333	593.2644762
282.9	610.61	608.8	607.34	605.6	604.63	602.45	601.47	601.93	602.9	602.07	600.15	598.44	597.79	597.62	595.7333333	594.5633333
283	612.23	609.76	608.03	606.33	605.25	602.93	601.87	601.81	602.72	602.96	600.95	599.31	598.05	598.27	596.5146667	595.4112381
283.1	614.03	610.15	608.46	607.18	605.62	603.96	602.65	602.03	602.71	603.23	601.74	600.19	598.66	598.27	597.054	595.9837143
283.2	615.51	610.29	609.21	607.99	606.14	605.08	603.07	602.24	602.62	603.19	602.57	600.86	599.45	598.36	597.752	596.774
283.3	616.99	610.38	610.24	608.62	606.91	605.75	603.42	602.62	602.56	603.11	603.08	601.41	600.22	598.88	598.6693333	597.8481905
283.4	618.04	610.49	610.71	608.96	607.82	606.14	604.38	603.35	602.82	603.03	603.14	602.17	600.77	599.59	599.53	598.8471429
283.5	618.88	611.07	610.85	609.65	608.66	606.67	605.54	603.69	603.02	602.87	603.06	602.92	601.07	600.25	600.2593333	599.7053333
283.6	619.62	612.04	610.89	610.71	609.24	607.49	606.25	603.91	603.36	603.08	602.98	603.1	601.77	600.7	600.7873333	600.2984762
283.7	619.79	612.9	610.99	611.26	609.48	608.46	606.65	604.8	604.08	603.65	602.81	603	602.76	600.71	600.902	600.3497143
283.8	619.53	613.76	611.55	611.41	610.1	609.33	607.2	606	604.32	604.2	603.07	602.92	603.06	601.34	601.3046667	600.7769524
283.9	619.24	615.03	612.48	611.43	611.18	609.87	608.07	606.75	604.39	604.74	603.9	602.74	602.94	602.63	602.0206667	601.5818095
284	619.21	616.39	613.3	611.51	611.8	610.01	609.11	607.16	605.22	605.03	604.72	603.06	602.87	603.02	602.0726667	601.5258095
284.1	619.7	617.6	614.07	612.05	611.98	610.56	610.01	607.73	606.47	605.27	605.34	604.16	602.66	602.87	601.7606667	600.9889524
284.2	621.14	618.74	615.23	612.97	611.97	611.64	610.51	608.65	607.26	606.06	605.7	605.23	603.03	602.84	601.854	600.9494286
284.3	622.93	619.58	616.54	613.79	612.05	612.33	610.55	609.75	607.66	607.16	605.93	605.93	604.41	602.59	602.2533333	601.2933333
284.4	624.83	620.22	617.75	614.49	612.57	612.54	611.02	610.69	608.26	607.81	606.58	606.38	605.74	602.98	603.0106667	602.0732381
284.5	626.95	620.75	618.89	615.54	613.49	612.52	612.1	611.16	609.23	608.09	607.6	606.6	606.52	604.68	604.274	603.4608571
284.6	628.51	621.1	619.81	616.79	614.31	612.58	612.86	611.09	610.4	608.66	608.2	607.11	607.06	606.26	605.2893333	604.529619
284.7	629.52	621.48	620.57	617.98	614.95	613.09	613.1	611.47	611.38	609.7	608.37	608.04	607.26	607.09	605.73	604.8985714
284.8	630.49	622.2	621.2	619.1	615.89	614.01	613.06	612.56	611.83	610.96	608.79	608.58	607.63	607.76	606.2033333	605.3304762
284.9	630.96	623.17	621.65	620.08	617.06	614.84	613.11	613.38	611.63	611.92	609.75	608.65	608.47	607.93	606.73	605.8742857
285	630.91	624.35	622.14	620.93	618.23	615.43	613.61	613.65	611.91	612.35	611.05	608.93	608.97	608.12	607.1006667	606.2089524
285.1	631.3	625.93	622.95	621.63	619.34	616.25	614.53	613.6	613.03	612.48	612.26	609.79	608.92	608.92	607.53	606.5671429
285.2	632.45	627.46	623.99	622.18	620.36	617.35	615.39	613.65	613.91	613.06	612.96	611.14	609.06	609.37	607.9313333	606.8879048
285.3	634.14	628.93	625.18	622.79	621.3	618.49	615.92	614.13	614.21	614.15	613.28	612.59	609.83	609.2	608.34	607.2342857
285.4	636.1	630.55	626.67	623.73	622.06	619.58	616.62	615.05	614.14	614.93	613.91	613.56	611.22	609.2	609.2086667	608.1749524
285.5	637.94	631.82	628.14	624.88	622.71	620.64	617.65	615.93	614.18	615.13	614.9	614.08	612.9	609.87	610.604	609.7737143
285.6	639.66	632.54	629.59	626.1	623.44	621.66	618.76	616.42	614.64	615.02	615.62	614.76	614.15	611.29	612.2246667	611.6469524
285.7	641.21	633.28	631.25	627.54	624.52	622.48	619.82	617.01	615.58	615.16	615.9	615.64	614.87	613.24	613.782	613.4154286
285.8	642.6	634.13	632.6	628.93	625.8	623.21	620.93	617.95	616.5	615.82	615.87	616.31	615.62	614.76	614.9273333	614.6741905
285.9	643.92	635.01	633.39	630.35	627.06	624.08	622.02	619.04	616.92	616.71	616.06	616.66	616.38	615.66	615.7293333	615.5381905
286	644.73	636.21	634.15	632.01	628.44	625.31	622.89	620.07	617.39	617.5	616.77	616.71	617	616.48	616.364	616.1894286
286.1	645.32	637.63	635.03	633.43	629.76	626.72	623.71	621.21	618.26	617.99	617.68	616.96	617.41	617.13	616.7606667	616.5289524
286.2	646.68	639.15	635.94	634.26	631.13	628.04	624.72	622.38	619.32	618.51	618.52	617.72	617.55	617.67	617.022	616.6811429
286.3	648.29	640.83	637.17	635.02	632.8	629.37	626.1	623.3	620.32	619.32	619.13	618.66	617.86	618.18	617.3566667	616.912381
286.4	649.55	642.54	638.56	635.93	634.27	630.61	627.65	624.21	621.5	620.36	619.74	619.54	618.66	618.39	617.6133333	617.017619
286.5	651.51	644.2	639.98	636.93	635.14	631.93	629.02	625.35	622.74	621.43	620.52	620.27	619.63	618.74	617.99	617.2571429
286.6	653.98	645.61	641.61	638.22	635.89	633.6	630.3	626.89	623.7	622.48	621.48	620.97	620.55	619.62	618.7966667	618.0338095
286.7	656.07	646.77	643.36	639.58	636.85	635.11	631.47	628.58	624.7	623.46	622.44	621.72	621.41	620.61	619.658	618.8774286
286.8	658.54	648	645.08	640.92	637.94	636	632.74	630.01	625.97	624.21	623.32	622.61	622.19	621.56	620.428	619.6045714
286.9	661.58	649.21	646.58	642.5	639.3	636.75	634.4	631.25	627.68	625.2	624.12	623.46	622.92	622.54	621	620.0514286
287	663.73	650.3	647.79	644.26	640.65	637.76	635.96	632.33	629.53	626.64	624.78	624.16	623.74	623.42	621.3913333	620.2521905
287.1	665.61	651.83	648.98	646.04	641.9	638.94	636.87	633.56	631.01	628.41	625.74	624.79	624.47	624.11	621.6946667	620.3440952
287.2	668.6	653.66	650.2	647.61	643.42	640.39	637.61	635.2	632.2	630.16	627.14	625.34	625	624.87	622.0586667	620.5178095
287.3	671.27	655.4	651.34	648.85	645.2	641.73	638.67	636.8	633.2	631.46	628.83	626.28	625.45	625.5	622.5453333	620.8573333
287.4	673.86	657.7	652.81	650	647.03	642.89	639.96	637.74	634.37	632.54	630.48	627.64	625.91	625.84	622.9253333	621.0573333
287.5	677.26	660.53	654.54	651.25	648.67	644.36	641.49	638.47	636.01	633.7	631.8	629.25	626.81	626.13	623.3546667	621.2798095
287.6	680.12	663.1	656.27	652.45	649.93	646.15	642.82	639.58	637.67	635.19	632.96	630.81	628.14	626.46	623.9366667	621.6695238
287.7	682.57	665.75	658.59	653.88	651.04	648.02	643.89	640.98	638.61	636.73	634.17	632.12	629.67	627.35	625.1553333	622.8830476
287.8	685.84	668.85	661.46	655.54	652.33	649.72	645.3	642.6	639.31	637.9	635.6	633.38	631.14	628.65	626.75	624.5842857
287.9	689.48	671.59	664.19	657.28	653.6	651	647.11	643.92	640.49	638.66	636.95	634.63	632.45	630.09	628.25	626.1657143
288	692.61	674.17	667	659.63	654.98	652.08	649.03	644.9	641.99	639.49	637.88	636.02	633.8	631.47	629.622	627.5782857
288.1	695.79	677.2	670.17	662.55	656.58	653.4	650.78	646.25	643.72	640.91	638.56	637.18	635.1	632.77	630.684	628.5822857
288.2	699.37	679.93	673.02	665.42	658.33	654.74	652.08	648.07	645.04	642.5	639.46	637.85	636.45	634.22	631.8673333	629.7570476
288.3	703.61	682.57	675.73	668.39	660.71	656.09	653.13	650.03	645.9	643.84	640.85	638.46	637.41	635.55	632.992	630.894
288.4	709.15	685.75	678.71	671.61	663.68	657.63	654.49	651.84	647.2	644.8	642.34	639.43	637.82	636.88	633.8666667	631.7109524
288.5	714.99	689.01	681.4	674.6	666.71	659.39	655.9	653.16	649.04	645.68	643.54	640.81	638.36	637.66	634.356	632.0248571
288.6	720.57	692.11	684.05	677.43	669.82	661.81	657.21	654.17	651.05	647.15	644.4	642.19	639.4	637.78	634.4806667	631.8575238
288.7	726.66	695.56	687.17	680.37	673.1	664.83	658.7	655.57	652.92	649.1	645.31	643.24	640.77	638.25	634.8906667	632.0218095
288.8	732.96	699.4	690.4	683.03	676.22	668.01	660.48	657.06	654.25	651.02	646.79	644.01	642.04	639.37	635.8346667	632.8598095
288.9	739.04	703.4	693.59	685.69	679.19	671.26	662.93	658.34	655.2	652.65	648.64	644.95	642.94	640.73	637.0013333	633.9964762
289	744.97	707.92	697.11	688.74	682.1	674.6	666.01	659.76	656.66	654.05	650.43	646.45	643.61	641.9	637.94	634.8228571
289.1	750.59	712.82	701.03	691.97	684.72	677.86	669.34	661.56	658.24	655.37	652.04	648.19	644.58	642.65	638.7613333	635.4993333
289.2	756.48	717.96	705.12	695.27	687.39	680.97	672.72	664.05	659.46	656.91	653.51	649.84	646.1	643.2	639.7633333	636.4090476
289.3	763.48	723.82	709.65	698.86	690.38	683.84	676.11	667.19	660.84	658.43	654.97	651.42	647.73	644.21	641.0533333	637.6590476
289.4	770.99	730.03	714.58	702.85	693.61	686.43	679.52	670.67	662.65	659.52	656.64	652.96	649.25	645.77	642.576	639.1791429
289.5	777.54	736.04	719.74	707.05	697.01	689.11	682.76	674.19	665.18	660.72	658.26	654.58	650.79	647.29	643.8446667	640.3326667
289.6	783.17	742.13	725.59	711.65	700.67	692.03	685.6	677.64	668.38	662.46	659.45	656.37	652.41	648.66	644.772	641.0054286
289.7	789.61	748.26	731.83	716.64	704.74	695.26	688.16	681.18	672.01	664.8	660.65	658.09	654.18	650.17	645.6213333	641.5179048
289.8	797.87	754.41	737.86	721.86	709.06	698.77	690.85	684.56	675.67	667.7	662.3	659.38	656.1	651.86	646.4913333	642.0121905
289.9	806.47	760.85	743.95	727.71	713.74	702.5	693.71	687.37	679.16	671.07	664.4	660.59	657.91	653.78	647.466	642.6034286
290	813.93	767.5	750.13	733.98	718.82	706.64	696.94	689.91	682.85	674.69	666.97	662.15	659.31	655.83	648.3606667	643.0446667
290.1	821.17	774.07	756.3	740.04	724.1	711.08	700.56	692.6	686.39	678.35	670.1	664	660.51	657.74	649.228	643.4317143
290.2	829.48	780.65	762.68	746.13	729.96	715.86	704.35	695.39	689.15	681.98	673.48	666.24	662	659.24	650.342	644.1497143
290.3	838.75	787.74	769.27	752.34	736.27	721.03	708.56	698.63	691.65	685.31	676.88	669.13	663.61	660.43	651.6066667	645.0652381
290.4	848.64	795.42	775.91	758.53	742.36	726.38	713.13	702.36	694.37	688.02	680.28	672.27	665.52	661.88	653.2606667	646.4618095
290.5	858.42	802.83	782.56	764.86	748.45	732.25	718.01	706.22	697.07	690.36	683.42	675.42	668.16	663.23	655.23	648.2642857
290.6	867.17	809.91	789.67	771.45	754.7	738.59	723.29	710.5	700.32	692.87	686.04	678.59	671.06	664.78	657.2186667	650.0592381
290.7	875.28	817.58	797.38	778.17	760.9	744.72	728.71	715.2	704.18	695.55	688.37	681.53	673.97	667.21	659.492	652.1654286
290.8	883.87	825.72	804.79	784.86	767.2	750.81	734.59	720.18	708.09	698.59	690.81	684.08	676.9	669.87	661.7666667	654.2552381
290.9	892.37	833.72	811.82	791.97	773.8	757.07	740.98	725.56	712.45	702.24	693.41	686.38	679.63	672.52	663.654	655.8108571
291	899.8	841.99	819.42	799.74	780.6	763.29	747.14	731.06	717.29	706.16	696.38	688.76	682.1	675.22	665.3033333	657.0133333
291.1	907.76	850.68	827.38	807.2	787.32	769.56	753.22	736.95	722.36	710.42	699.92	691.29	684.38	677.74	666.7	657.8471429
291.2	916.34	859.4	835.09	814.19	794.43	776.17	759.51	743.38	727.86	715.18	703.79	694.18	686.7	680.14	667.9433333	658.4104762
291.3	924.08	868.32	843.03	821.71	802.28	783.05	765.74	749.58	733.43	720.16	708.02	697.61	689.17	682.4	669.2786667	659.0349524
291.4	931.13	877.5	851.41	829.49	809.81	789.8	771.99	755.66	739.33	725.42	712.75	701.43	691.97	684.66	670.758	659.7574286
291.5	938.71	886.33	859.9	836.94	816.79	796.89	778.62	761.96	745.82	731	717.73	705.64	695.3	687.05	672.4526667	660.6515238
291.6	948.18	894.54	868.72	844.63	824.21	804.82	785.58	768.21	752.05	736.72	722.87	710.33	699.08	689.76	674.7773333	662.2941905
291.7	957.78	902.86	877.84	852.73	831.81	812.44	792.35	774.43	758.12	742.76	728.16	715.32	703.25	693	677.738	664.6817143
291.8	964.26	911.2	886.66	860.98	839.03	819.39	799.43	781.08	764.45	748.82	733.51	720.33	707.91	696.73	681.174	667.6165714
291.9	968.03	918.79	894.94	869.67	846.48	826.72	807.45	788.14	770.71	754.72	739.11	725.34	712.9	700.86	685.092	671.1354286
292	972.65	926.03	903.18	878.7	854.33	834.14	815.17	794.92	776.9	760.67	744.78	730.33	717.79	705.49	689.3126667	675.0229524
292.1	979.35	933.43	911.33	887.5	862.34	841.12	822.11	801.98	783.58	766.69	750.36	735.48	722.53	710.51	693.5873333	678.9384762
292.2	985.89	941.27	918.77	895.82	870.89	848.35	829.33	810.09	790.74	772.85	755.94	740.77	727.15	715.26	697.4846667	682.3512381
292.3	991.25	949.02	925.81	903.97	879.82	855.94	836.57	817.91	797.52	779.12	761.63	746.02	731.84	719.75	701.35	685.7414286
292.4	995.16	955.7	932.82	911.93	888.6	863.7	843.34	824.84	804.53	785.76	767.61	751.24	736.76	724	705.048	688.876
292.5	998.48	961.98	940.07	919.23	896.98	872.09	850.35	831.96	812.78	792.88	773.79	756.59	741.7	728.22	708.306	691.3477143
292.6	1003.6	968.71	947.27	926.05	905.03	880.92	857.7	839.02	820.72	800.24	780.37	762.4	746.53	732.78	711.96	694.28
292.7	1009.5	975.19	953.64	932.65	912.82	889.68	865.21	845.56	827.59	808.01	787.4	768.48	751.55	737.4	716.1466667	697.882381
292.8	1014.4	980.86	959.91	939.35	919.99	898.09	873.44	852.37	834.63	815.84	794.61	774.97	757.19	741.86	720.5726667	701.7315238
292.9	1018.2	986.36	966.62	946.05	926.58	906.04	882.17	859.47	841.52	823.17	802.18	781.96	763.16	746.51	725.5533333	706.2590476
293	1020.6	991.51	972.88	952.1	932.77	913.65	890.9	866.73	847.83	830.38	809.88	789.03	769.57	752.02	731.552	712.0568571
293.1	1022.2	996.09	978.41	958.24	938.95	920.69	899.35	874.8	854.44	837.33	817.29	796.36	776.52	757.86	738.0073333	718.3999048
293.2	1024.8	1001	983.89	964.81	945.18	927.06	907.21	883.42	861.3	843.54	824.6	803.93	783.45	764.19	744.8526667	725.2386667
293.3	1027.8	1005.8	989.01	970.86	950.92	932.84	914.65	892.12	868.29	849.55	831.62	811.44	790.54	771.13	752.1273333	732.6127619
293.4	1029.6	1010.2	993.48	976.28	956.88	938.5	921.56	900.61	876.2	856.08	837.96	818.83	797.99	777.9	759.0033333	739.4347619
293.5	1031.4	1015	998.18	981.76	963.29	944.26	927.7	908.36	884.73	863.14	844.1	825.92	805.58	784.74	765.6206667	745.8832381
293.6	1033.4	1019.1	1002.6	986.79	969.14	949.66	933.06	915.62	893.39	870.88	850.63	832.4	813.06	792.06	772.236	752.2834286
293.7	1034.9	1022.1	1006.5	991.09	974.49	955.43	938.22	922.41	901.93	879.12	857.47	838.66	820.22	799.75	778.884	758.7008571
293.8	1035.8	1025.4	1010.5	995.53	979.97	961.65	943.53	928.33	909.56	887.25	864.7	845.2	826.84	807.31	785.612	765.2697143
293.9	1036.1	1028.6	1014	999.65	984.89	967.28	948.6	933.27	916.64	895.46	872.28	851.85	833.2	814.56	792.2373333	771.7341905
294	1035.3	1031	1017	1003.3	989.01	972.57	954.15	937.91	923.33	903.58	879.91	858.56	839.77	821.3	798.782	778.1268571
294.1	1034.5	1033.6	1020.2	1007	993.2	978.06	960.17	942.78	929.01	911.3	887.7	865.48	846.23	827.76	805.5453333	784.8687619
294.2	1035.4	1036.1	1023.4	1010.3	997.01	982.86	965.59	947.52	933.53	918.24	895.51	872.59	852.43	834.37	812.83	792.3685714
294.3	1036.5	1038.1	1026	1013.2	1000.4	986.78	970.83	952.84	937.66	923.83	903.11	879.96	858.69	840.66	820.2946667	800.1926667
294.4	1035.9	1039.6	1028.9	1016.4	1003.8	990.72	976.33	958.64	942.1	928.41	910.16	887.48	865.28	846.33	827.5346667	807.7940952
294.5	1035	1040.5	1031.5	1019.6	1006.9	994.24	981	963.86	946.5	932.53	916.17	894.95	872.22	851.93	834.8833333	815.597619
294.6	1034.8	1040.5	1033.5	1022.2	1009.7	997.34	984.7	969.05	951.59	936.94	921.25	902.09	879.45	858	842.262	823.4168571
294.7	1035.1	1040.2	1035.1	1024.8	1012.9	1000.5	988.38	974.56	957.21	941.61	925.85	908.5	886.79	864.51	849.5473333	831.1099048
294.8	1036.6	1040.7	1036	1027.4	1016	1003.3	991.62	979.1	962.18	946.42	930.52	914.09	894.02	871.44	857.0453333	839.121619
294.9	1037.9	1041.2	1036	1029.5	1018.7	1006	994.47	982.58	967.33	951.74	935.25	919.16	900.81	878.64	864.2553333	846.7601905
295	1037.5	1041.1	1035.7	1031.2	1021.4	1009.2	997.39	986.01	972.88	957.08	940.14	924.11	906.92	885.95	871.064	853.888
295.1	1036.4	1041.2	1036	1032.1	1023.9	1012.3	999.94	988.96	977.28	962.46	945.4	928.92	912.48	893.11	877.8813333	861.1021905
295.2	1035.8	1041.7	1036.3	1032	1025.9	1015	1002.5	991.55	980.51	967.84	950.53	933.86	917.7	899.73	884.596	868.282
295.3	1035.3	1042.3	1036.3	1031.8	1027.5	1017.8	1005.6	994.21	983.73	972.76	955.67	939.06	922.6	905.79	890.9226667	875.014381
295.4	1034.2	1043.6	1036.5	1031.8	1028.2	1020.3	1008.7	996.49	986.4	976.73	960.97	944	927.59	911.29	897.1693333	881.7424762
295.5	1032.8	1044.7	1037.2	1032	1028.1	1022.3	1011.5	998.93	988.72	980.05	965.95	948.91	932.75	916.24	903.3026667	888.4072381
295.6	1030.2	1044.7	1037.9	1032	1027.8	1023.9	1014.3	1002	991.13	982.63	970.17	954.1	937.52	921.3	909.42	895.1185714
295.7	1026.2	1044.3	1039.2	1032.4	1027.7	1024.6	1016.8	1005.1	993.13	984.6	973.91	959.14	942.19	926.44	915.69	902.1057143
295.8	1022.1	1043.9	1040.3	1033.1	1027.7	1024.3	1018.9	1008	995.44	987.14	976.88	963.62	947.26	931	921.38	908.3771429
295.9	1018.9	1043.3	1040.4	1034	1027.8	1024	1020.5	1010.8	998.44	989.92	979.25	967.76	952.36	935.43	926.6046667	914.0555238
296	1017.3	1042	1040.1	1035.3	1028.3	1023.9	1021	1013.2	1001.5	992.43	982.08	971.14	957.09	940.4	931.8606667	919.790381
296.1	1017.3	1040.6	1039.9	1036.4	1029.1	1023.7	1020.7	1015.3	1004.5	994.74	984.99	973.89	961.64	945.53	937.0233333	925.4447619
296.2	1017.6	1038.5	1039.2	1036.6	1030.1	1023.9	1020.2	1016.9	1007.3	997.15	987.51	977.02	965.42	950.48	941.8353333	930.6987619
296.3	1017.2	1035.3	1038	1036.4	1031.5	1024.4	1019.8	1017.4	1009.7	1000.1	989.73	980.09	968.55	955.49	946.4093333	935.6853333
296.4	1016.4	1032.2	1036.6	1036.2	1032.7	1025.4	1019.6	1017	1011.9	1003.8	992.03	982.59	972	959.66	950.3926667	939.934381
296.5	1015.4	1029.6	1034.6	1035.4	1032.9	1026.5	1019.8	1016.4	1013.5	1007.3	994.85	984.7	975.25	963.12	953.9666667	943.732381
296.6	1015.5	1028	1031.9	1034.1	1032.7	1027.9	1020.4	1015.8	1013.8	1009.4	998.31	986.9	977.74	966.92	958.0993333	948.3624762
296.7	1016	1027.5	1029.4	1032.7	1032.5	1029.1	1021.4	1015.5	1013.3	1010.7	1001.6	989.59	979.74	970.35	962.2493333	953.1167619
296.8	1014.6	1027	1027.2	1030.9	1031.6	1029.3	1022.7	1015.8	1012.7	1011.7	1003.9	992.83	981.85	972.82	965.9646667	957.3926667
296.9	1011.3	1026.3	1025.7	1028.5	1030.3	1029.2	1024.2	1016.5	1011.9	1012.1	1005.4	995.99	984.4	974.73	969.584	961.6308571
297	1007.7	1025.3	1025	1026.4	1028.9	1029	1025.4	1017.6	1011.4	1012	1006.7	998.29	987.43	976.73	973.2113333	965.9121905
297.1	1003.9	1024.4	1024.2	1024.6	1027.1	1028	1025.6	1019	1011.8	1011.3	1007.5	1000.1	990.45	979.12	976.71	970.0428571
297.2	1000.3	1024.1	1023.3	1023.2	1025	1026.6	1025.6	1020.6	1012.6	1010	1007.8	1001.7	992.78	981.96	980.044	974.0165714
297.3	997.35	1023.8	1022.3	1022.4	1023.4	1025.2	1025.3	1021.8	1013.7	1009.5	1007.6	1002.8	994.76	984.87	982.888	977.3688571
297.4	993.83	1022.3	1021.2	1021.4	1021.8	1023.5	1024.3	1022.1	1015.3	1010.3	1007	1003.5	996.7	987.19	984.8466667	979.5652381
297.5	989.55	1019.5	1020.5	1020.3	1020.6	1021.7	1022.8	1022.1	1017	1012	1007	1003.8	998.3	989.35	986.32	981.1042857
297.6	985.9	1016.4	1020.2	1019.3	1019.8	1020.4	1021.4	1021.7	1018.1	1014	1007.9	1003.9	999.34	991.65	987.792	982.6425714
297.7	983.35	1013.3	1018.8	1018.1	1018.6	1019.2	1019.7	1020.6	1018.5	1015.6	1009.4	1004.4	1000.1	993.66	989.3733333	984.3533333
297.8	981.06	1011.4	1016.7	1017.2	1017.3	1018.2	1018.2	1019.1	1018.5	1016.9	1011	1005.6	1000.9	995.07	990.94	986.0671429
297.9	978.28	1009.2	1014.2	1016.5	1016.3	1017.3	1017.2	1017.6	1018.1	1017.8	1012.4	1006.9	1001.9	996.36	992.72	988.0942857
298	975.1	1005.6	1011	1015.2	1015	1015.9	1016.3	1016.1	1016.9	1018	1013.5	1008.1	1003.2	997.73	995.0066667	990.8452381
298.1	971.41	1001.6	1007.5	1013.4	1013.8	1014.5	1015.5	1014.7	1015.3	1017.9	1014.2	1009.1	1004.4	999.2	997.4066667	993.8038095
298.2	968.04	997.82	1004.7	1011.4	1012.9	1013.4	1014.6	1014.1	1013.9	1017.2	1014.5	1010.1	1005.2	1000.9	999.76	996.7485714
298.3	965.56	994.48	1001.6	1008.5	1011.6	1012	1013.1	1013.6	1012.3	1015.9	1014.3	1010.8	1006	1001.9	1001.68	999.2457143
298.4	962.76	991.31	997.97	1005.3	1010.1	1010.6	1011.5	1012.9	1011.2	1014.2	1013.8	1011	1006.7	1002.4	1002.953333	1000.973333
298.5	958.6	988.08	994.32	1002.6	1008.5	1009.4	1010.3	1012	1011	1012.6	1012.7	1010.9	1007.3	1002.9	1003.746667	1002.08381
298.6	954.7	984.74	991.11	999.77	1005.8	1008.1	1008.8	1010.4	1010.7	1011.2	1011.4	1010.4	1007.5	1003.3	1004.173333	1002.770476
298.7	951.47	980.96	988.38	996.34	1002.9	1006.9	1007.2	1008.7	1010.2	1010.6	1010.2	1009.6	1007.4	1003.8	1004.413333	1003.207619
298.8	947.82	977.07	985.54	992.76	1000.4	1005.5	1005.8	1007.4	1009.4	1010.9	1009.2	1008.6	1006.9	1004	1004.206667	1003.075238
298.9	944.27	973.75	982.29	989.2	997.82	1003.2	1004.4	1005.8	1007.6	1011.2	1008.8	1007.8	1006.4	1003.9	1004.226667	1003.258095
299	940.08	970.53	978.6	985.95	994.78	1000.4	1003.5	1003.9	1005.8	1010.9	1009	1007.2	1005.8	1003.6	1004.24	1003.437143
299.1	934.48	966.47	974.8	982.97	991.21	998.06	1002.5	1002.2	1004.4	1009.9	1009.2	1007	1005.3	1003.2	1004.3	1003.671429
299.2	928.51	962.42	971.58	979.84	987.34	995.74	1000.4	1000.9	1002.7	1007.7	1009.1	1007.1	1005.1	1003	1004.953333	1004.71619
299.3	923.47	958.56	968.54	976.36	983.89	992.97	997.78	1000.2	1000.5	1005.7	1008.3	1007.3	1005.1	1002.9	1005.886667	1006.149524
299.4	918.88	954.08	964.72	972.69	980.95	989.57	995.6	999.5	998.66	1004.2	1006.6	1007.2	1005.1	1003.1	1006.693333	1007.421905
299.5	913.92	949.47	960.8	969.42	977.89	985.64	993.51	997.61	997.34	1002.5	1005	1006.8	1005.3	1003.3	1007.373333	1008.51619
299.6	909.51	944.86	957.11	966.48	974.3	981.97	991	995.23	996.88	1000.3	1003.5	1005.6	1005.3	1003.3	1007.4	1008.805714
299.7	905.7	939.53	952.87	962.86	970.46	978.95	987.69	993.22	996.43	998.16	1001.8	1004.3	1005.1	1003.4	1007.348667	1009.010667
299.8	901.83	933.75	948.58	959.03	967.19	975.96	983.61	991.36	994.77	996.73	999.78	1002.9	1004.4	1003.5	1007.324667	1009.318381
299.9	897.91	928.63	944.31	955.4	964.43	972.39	979.83	989.11	992.59	996.62	997.79	1001.1	1003.4	1003.5	1006.986667	1009.220952
300	894.26	923.95	939.24	951.26	961.01	968.5	976.89	985.89	990.76	996.63	996.3	999.3	1002.2	1003.3	1006.322667	1008.677238
300.1	890.34	919.07	933.62	947.12	957.26	965.09	973.9	981.66	989.12	995.25	995.81	997.47	1000.4	1002.7	1005.292667	1007.721524
300.2	885.35	914.49	928.59	943.11	953.65	962.31	970.31	977.73	987.14	993.12	995.43	995.9	998.71	1001.5	1004.204	1006.748
300.3	880.27	910.3	923.93	938.29	949.55	959.09	966.36	974.77	984	991.21	994.08	995.08	997.05	999.79	1003.282	1006.066857
300.4	875.48	905.92	919.03	932.83	945.51	955.44	962.85	971.9	979.64	989.75	992.26	994.37	995.42	998.24	1002.825333	1006.028762
300.5	870.54	901.19	914.46	927.88	941.73	951.84	960.16	968.37	975.57	988.11	990.65	992.99	994.29	996.71	1002.378	1005.994571
300.6	865.55	896.57	910.24	923.25	937.17	947.77	957.13	964.28	972.59	985.13	989.38	991.42	993.26	995.04	1001.671333	1005.633619
300.7	860.15	891.93	905.79	918.36	931.87	943.8	953.53	960.65	969.75	980.56	987.89	990.1	991.84	993.65	1001.186667	1005.630952
300.8	854.38	886.84	901.12	913.8	927	940.26	950	958.02	966.29	976.25	985.16	989.02	990.5	992.29	1000.912667	1005.958667
300.9	849.38	881.63	896.61	909.52	922.4	935.96	946.01	955.18	962.19	973.29	981.13	987.7	989.47	990.82	1000.592667	1006.257238
301	845.79	876.36	892.11	904.99	917.53	930.84	942.1	951.67	958.38	970.54	977.27	985.24	988.59	989.71	1000.165333	1006.415905
301.1	842.88	870.87	887.2	900.3	912.98	926.04	938.79	948.06	955.78	967.19	974.37	981.68	987.45	988.94	999.2906667	1005.973238
301.2	839.32	865.55	882.16	895.82	908.65	921.49	934.76	944.01	953.15	963.07	971.81	978.23	985.24	988.28	998.1546667	1005.256952
301.3	833.92	860.67	877.1	891.39	904.02	916.64	929.8	940.16	949.71	959.16	968.87	975.46	982.15	987.32	996.806	1004.337714
301.4	827.3	856.06	871.83	886.65	899.3	912.1	925.09	937.07	946.09	954.91	965.01	973.1	979.1	985.36	994.9626667	1002.877238
301.5	821.67	851.44	866.58	881.78	894.81	907.72	920.57	933.33	942.02	950.96	961.18	970.56	976.46	982.71	992.9146667	1001.181238
301.6	817.54	846.56	861.63	876.89	890.44	902.99	915.75	928.56	938.21	947.78	958.58	966.98	974.29	980.05	990.6946667	999.1840952
301.7	813.42	841.39	856.89	871.79	885.87	898.22	911.22	923.93	935.39	944.18	956.17	963.23	972.14	977.55	988.284	996.9051429
301.8	808.43	836.33	852.17	866.61	881.17	893.71	906.79	919.46	931.97	940.08	952.86	960.59	968.83	975.59	986.1946667	995.1112381
301.9	802.66	831.2	847.36	861.66	876.44	889.4	901.95	914.69	927.37	936.26	949.14	958.12	965.17	973.79	984.4226667	993.7886667
302	796.8	826.26	842.42	856.92	871.5	884.99	897.11	910.2	922.84	933.68	944.99	955.14	962.49	970.74	981.9213333	991.523619
302.1	792.08	822.2	837.48	852.16	866.38	880.46	892.57	905.73	918.42	930.53	941.06	951.76	960	967.19	979.1226667	988.9215238
302.2	788.2	817.5	832.4	847.35	861.47	875.89	888.3	900.78	913.69	926.08	938.24	947.41	957.18	964.47	976.8153333	986.9973333
302.3	784.18	811.84	827	842.5	856.77	871.1	884.04	895.88	909.23	921.65	935.24	943.07	953.91	961.94	974.3226667	984.8415238
302.4	779.85	806.61	821.68	837.59	851.98	866.05	879.69	891.3	904.71	917.31	931.23	940.03	949.69	959.27	971.5806667	982.4018095
302.5	775.34	801.54	816.59	832.53	847.15	861.17	875.27	887.06	899.66	912.6	927	937.2	945.31	956.12	968.7113333	979.8721905
302.6	771.4	796.45	811.5	827.22	842.32	856.54	870.62	882.98	894.68	908.18	922.82	933.58	941.89	951.9	965.3073333	976.6784762
302.7	767.64	791.55	806.58	822.02	837.43	851.74	865.63	878.8	890.05	903.65	918.47	929.59	939.07	947.31	961.7246667	973.258381
302.8	763.08	786.79	801.67	817.04	832.42	846.87	860.81	874.55	885.85	898.46	914.25	925.52	935.84	943.71	958.5426667	970.334381
302.9	758.34	782.31	796.71	812.1	827.23	842.04	856.27	870.03	881.94	893.4	909.91	921.4	932.11	941.12	955.6653333	967.7659048
303	754.11	777.84	791.96	807.29	822.15	837.14	851.46	865.1	877.93	888.72	905.09	917.47	928.19	938.19	952.474	964.8194286
303.1	750.17	772.97	787.32	802.43	817.27	832.19	846.53	860.36	873.83	884.54	900.22	913.47	924.32	934.58	948.794	961.2608571
303.2	746.15	768.21	782.85	797.53	812.44	827.15	841.68	855.91	869.44	880.81	895.67	909.15	920.65	930.8	945.0666667	957.632381
303.3	742.04	763.77	778.51	792.79	807.75	822.19	836.76	851.11	864.57	876.98	891.62	904.64	916.98	927.18	941.602	954.3468571
303.4	737.11	759.35	773.88	788.1	802.97	817.39	831.86	846.12	859.9	873.02	887.89	900.27	913.2	923.76	938.2286667	951.1492381
303.5	731.9	754.92	769.27	783.55	798.14	812.67	826.99	841.22	855.57	868.78	884.02	896.33	909.09	920.42	934.784	947.8551429
303.6	727.62	750.5	764.92	778.97	793.43	808.1	822.15	836.26	850.78	863.95	879.84	892.53	904.89	917.15	931.5926667	944.9458095
303.7	723.06	745.67	760.55	774.22	788.68	803.43	817.41	831.45	845.72	859.36	875.37	888.49	901.09	913.38	923.82	938.478
303.8	718.22	740.71	756.21	769.7	784.04	798.71	812.78	826.74	840.75	855.19	870.62	884.15	897.21	909.39	921.13	935.522
303.9	713.67	736.17	751.87	765.37	779.37	794.02	808.33	822.04	835.75	850.41	865.92	879.51	893.01	905.72	917.73	932.3333333
304	709.63	731.31	747.23	761.04	774.63	789.21	803.78	817.35	831	845.25	861.41	874.59	888.51	901.79	913.91	928.746
304.1	706.59	726.31	742.52	756.81	770.15	784.5	799.18	812.79	826.49	840.22	856.58	869.65	883.71	897.42	910.45	925.1113333
304.2	704.28	721.65	738.04	752.56	765.81	779.74	794.53	808.47	821.91	835.15	851.58	864.93	878.63	892.75	906.45	920.9526667
304.3	702.17	717.27	733.22	748.02	761.51	775.01	789.66	804.06	817.26	830.5	846.89	860.2	873.44	887.79	901.91	916.0873333
304.4	699.67	713.55	728.38	743.45	757.33	770.57	784.85	799.59	812.77	826.19	842.36	855.65	868.47	882.57	897.07	910.8366667
304.5	696.81	710.42	723.83	739	753.09	766.21	780.02	794.99	808.58	821.74	837.96	851.46	863.82	877.13	891.94	905.4286667
304.6	693.31	707.51	719.45	734.24	748.65	761.94	775.29	790.04	804.31	817.12	833.57	847.36	859.71	871.89	886.6	900.1793333
304.7	689.22	704.62	715.65	729.53	744.21	757.85	770.89	785.15	799.98	812.68	829.13	843.25	856.04	867.29	880.88	895.0386667
304.8	685	701.66	712.33	725.07	739.79	753.66	766.51	780.25	795.42	808.63	824.77	839.02	852.41	863.61	875.32	890.296
304.9	680.86	698.26	709.18	720.72	735.09	749.31	762.27	775.53	790.41	804.52	820.49	834.89	848.57	860.47	870.74	886.4186667
305	677.16	694.41	706.15	716.93	730.53	744.99	758.27	771.16	785.41	800.35	816.42	830.84	844.47	857.32	867.49	883.3513333
305.1	673.48	690.43	703.15	713.52	726.15	740.58	754.13	766.75	780.45	795.86	812.2	826.54	840.66	853.77	864.89	880.718
305.2	669.79	686.37	699.78	710.22	721.83	735.92	749.87	762.54	775.74	790.74	807.6	822.1	836.96	849.79	862.26	878.1446667
305.3	666.49	682.48	696.04	707.09	718.06	731.5	745.68	758.63	771.38	785.66	802.87	817.37	832.66	846.29	859.01	875.2066667
305.4	663.7	678.65	692.21	704.03	714.6	727.21	741.28	754.56	766.93	780.63	797.82	812.42	827.87	842.98	855.06	871.7713333
305.5	662.02	674.85	688.25	700.63	711.18	722.92	736.67	750.39	762.75	775.92	792.74	807.64	822.61	838.74	851.9	868.212
305.6	660.72	671.33	684.4	696.93	707.95	719.18	732.39	746.31	758.94	771.61	787.75	802.77	817.25	833.6	849.03	864.248
305.7	658.4	668.25	680.63	693.2	704.82	715.68	728.17	741.92	754.93	767.1	782.77	797.72	812.4	827.8	844.85	859.292
305.8	655.54	665.98	676.88	689.32	701.37	712.14	723.92	737.36	750.85	762.94	778.08	792.59	807.71	822	839.42	853.3846667
305.9	652.87	664.02	673.35	685.51	697.69	708.82	720.23	733.22	746.88	759.24	773.63	787.6	802.7	817.08	833.06	847.0066667
306	650.26	661.51	670.2	681.84	694.05	705.62	716.7	729.09	742.51	755.29	769.53	782.96	797.45	812.6	826.74	840.8566667
306.1	647.72	658.8	667.72	678.18	690.23	702.11	713.05	724.88	737.99	751.3	765.85	778.66	792.4	807.65	821.74	835.4006667
306.2	644.89	656.24	665.5	674.65	686.49	698.44	709.64	721.24	734	747.46	762.24	774.7	787.81	802.27	817.53	830.3566667
306.3	641.17	653.6	662.92	671.48	682.92	694.85	706.37	717.69	729.95	743.09	758.35	770.96	783.67	797.15	812.63	825.3226667
306.4	637.79	650.94	660.25	668.9	679.34	691.09	702.8	713.94	725.79	738.6	754.3	767.3	779.86	792.58	807.11	820.2866667
306.5	635.92	648.1	657.72	666.52	675.83	687.41	699.13	710.44	722.22	734.77	750.12	763.6	776.06	788.63	801.92	815.5573333
306.6	634.52	644.65	655.08	663.9	672.66	683.94	695.6	707.1	718.66	730.79	745.77	759.81	772.36	784.99	797.33	811.466
306.7	633.08	641.51	652.41	661.23	669.99	680.46	691.89	703.46	714.81	726.67	741.67	755.87	768.81	781.12	793.59	807.8773333
306.8	631.38	639.39	649.62	658.69	667.47	676.97	688.26	699.78	711.23	723.19	737.88	751.68	765.27	777.37	790.16	804.2826667
306.9	629.33	637.54	646.34	656.05	664.81	673.8	684.91	696.3	707.81	719.63	733.94	747.53	761.59	773.95	786.2	800.5006667
307	627.68	635.72	643.37	653.38	662.14	671.07	681.52	692.64	704.11	715.67	729.92	743.54	757.58	770.65	782.39	796.9413333
307.1	626.33	633.93	641.21	650.64	659.56	668.42	678.05	689.08	700.41	712.02	726.01	739.49	753.37	767.26	779.08	793.498
307.2	624.26	631.98	639.21	647.5	656.92	665.72	674.88	685.84	696.97	708.54	722.06	735.35	749.2	763.44	775.99	789.954
307.3	621.43	630.28	637.27	644.65	654.26	663.03	672.1	682.54	693.34	704.76	718.25	731.21	745.05	759.18	772.93	786.3113333
307.4	618.68	628.69	635.45	642.51	651.56	660.42	669.34	679.1	689.84	701.03	714.64	727.12	740.77	754.83	769.33	782.192
307.5	616.59	626.52	633.56	640.46	648.55	657.76	666.59	675.95	686.72	697.63	711.01	723.2	736.42	750.59	764.99	777.516
307.6	615.45	623.84	631.82	638.48	645.83	655.13	663.89	673.11	683.52	694.04	707.11	719.55	732.19	746.16	760.46	772.774
307.7	614.65	621.28	630.1	636.65	643.7	652.47	661.23	670.24	680.11	690.59	703.36	715.97	728.14	741.6	756.16	768.1106667
307.8	612.97	619.17	627.86	634.79	641.63	649.57	658.57	667.46	676.97	687.6	699.88	712.15	724.44	737.25	751.55	763.2266667
307.9	610.6	617.69	625.26	633.02	639.63	646.97	655.94	664.73	674.1	684.49	696.48	708.36	720.93	733.04	746.78	758.3833333
308	608.34	616.41	622.77	631.18	637.79	644.87	653.33	662.02	671.12	681.11	693.32	704.76	717.17	729.28	742.34	753.974
308.1	606.35	614.6	620.66	628.9	635.96	642.78	650.53	659.35	668.31	678	690.24	701.3	713.34	725.86	737.93	749.6333333
308.2	605.19	612.53	619.03	626.33	634.15	640.78	648.05	656.74	665.54	675.1	687.05	698.05	709.65	722.17	734.11	745.556
308.3	604.28	610.59	617.5	623.88	632.22	638.94	645.98	654.17	662.77	672.01	683.66	694.9	706.12	718.29	730.79	741.8626667
308.4	602.59	608.77	615.64	621.77	629.88	637.12	643.89	651.47	660.1	669.17	680.52	691.7	702.77	714.52	727.16	737.942
308.5	601.21	607.44	613.74	620.06	627.34	635.28	641.9	649.09	657.51	666.37	677.47	688.41	699.57	710.93	723.24	733.9206667
308.6	600.32	606.23	612.01	618.37	624.92	633.25	640.05	647.06	654.97	663.53	674.48	685.4	696.37	707.47	719.39	730.0306667
308.7	599.37	604.57	610.3	616.45	622.81	630.88	638.25	644.98	652.37	660.86	671.72	682.44	693.14	704.22	715.73	726.2733333
308.8	598.79	603.25	608.93	614.7	621.03	628.35	636.38	643	650.1	658.28	668.78	679.44	690.26	701.01	712.15	722.6726667
308.9	598.12	602.29	607.63	613.12	619.2	625.95	634.25	641.16	648.1	655.78	665.92	676.49	687.41	697.84	708.87	719.2646667
309	596.77	601.15	605.99	611.53	617.25	623.83	631.84	639.37	646.04	653.26	663.09	673.39	684.4	695.07	705.66	716.04
309.1	595.69	600.24	604.73	610.17	615.61	621.99	629.33	637.46	644.09	651.09	660.45	670.36	681.27	692.36	702.5	712.7073333
309.2	595.05	599.35	603.75	608.82	614.17	620.03	626.94	635.25	642.24	649.14	657.91	667.37	677.99	689.34	699.87	709.4593333
309.3	593.69	598.07	602.45	607.21	612.67	618.04	624.82	632.8	640.46	647.1	655.43	664.53	674.79	686.05	697.3	706.1786667
309.4	592.24	597.05	601.33	606.01	611.34	616.52	622.91	630.31	638.51	645.18	653.3	661.7	671.64	682.59	694.3	702.4593333
309.5	591.34	596.29	600.3	605	609.97	615.2	620.84	627.92	636.22	643.34	651.23	658.97	668.61	679.21	690.86	698.488
309.6	589.87	594.95	599.03	603.59	608.4	613.79	618.83	625.78	633.75	641.56	649.29	656.63	665.5	675.91	687.21	694.3813333
309.7	588.21	593.57	598.01	602.29	607.25	612.49	617.41	623.82	631.27	639.57	647.36	654.5	662.5	672.69	683.64	690.4773333
309.8	587	592.64	597.18	601.13	606.21	611.11	616.19	621.64	628.87	637.2	645.42	652.56	659.96	669.31	680.18	686.8353333
309.9	585.42	591.32	595.85	599.85	604.69	609.6	614.87	619.61	626.71	634.71	643.62	650.66	657.74	666.03	676.81	683.4093333
310	583.88	589.82	594.5	598.82	603.23	608.49	613.6	618.28	624.7	632.24	641.66	648.74	655.81	663.29	673.15	680.1326667
310.1	583.35	588.6	593.59	597.94	601.95	607.42	612.23	617.15	622.43	629.82	639.28	646.87	653.94	660.98	669.59	677.182
310.2	582.99	587.09	592.39	596.61	600.66	605.8	610.77	615.91	620.38	627.64	636.59	644.92	652.02	659.05	666.64	674.758
310.3	582.2	585.63	590.99	595.28	599.62	604.19	609.71	614.69	619.14	625.59	633.92	642.71	650.1	657.21	664.21	672.6593333
310.4	581.64	584.94	589.79	594.39	598.67	602.8	608.6	613.33	618.09	623.23	631.48	640.19	648.17	655.31	662.29	670.922
310.5	580.79	584.34	588.35	593.3	597.35	601.49	606.88	611.94	616.92	621.16	629.43	637.62	646.11	653.33	660.49	669.0406667
310.6	579.27	583.46	586.96	592	596.04	600.41	605.13	610.92	615.75	620.02	627.56	635.21	643.75	651.41	658.6	666.724
310.7	578.12	582.8	586.19	590.83	595.17	599.39	603.64	609.77	614.42	619.01	625.22	633.08	641.31	649.5	656.56	664.3286667
310.8	577.54	581.94	585.47	589.45	594.18	598.09	602.3	607.96	613.1	617.89	622.99	631.11	638.93	647.28	654.66	661.9306667
310.9	577.32	580.61	584.51	588.13	592.97	596.8	601.19	606.08	612.12	616.8	621.61	628.83	636.71	644.97	652.87	659.4626667
311	577.17	579.56	583.77	587.3	591.82	595.94	600.09	604.48	610.92	615.51	620.8	626.58	634.67	642.65	650.78	656.8306667
311.1	577.05	578.92	582.91	586.49	590.52	595.06	598.8	603.12	609.02	614.26	620.24	624.9	632.43	640.34	648.64	654.108
311.2	576.89	578.51	581.67	585.48	589.27	593.94	597.54	601.96	607.03	613.32	619.27	623.75	630.13	638.22	646.37	651.358
311.3	576.28	578.23	580.7	584.67	588.39	592.8	596.69	600.79	605.33	612.07	617.64	622.83	628.21	636.02	643.96	648.7853333
311.4	576	578.03	580.02	583.78	587.49	591.57	595.9	599.5	603.94	610.08	615.92	621.6	626.73	633.67	641.78	646.6513333
311.5	576.04	577.77	579.51	582.63	586.45	590.4	594.87	598.27	602.72	607.98	614.73	619.91	625.43	631.52	639.61	644.6006667
311.6	575.64	577.2	579.18	581.72	585.56	589.47	593.76	597.43	601.46	606.21	613.67	618.17	623.95	629.73	637.19	642.3726667
311.7	574.78	576.86	578.91	581.01	584.65	588.5	592.6	596.74	600.2	604.77	611.95	616.91	622.18	628.06	634.84	640.18
311.8	573.51	576.75	578.58	580.43	583.57	587.42	591.5	595.79	599	603.48	609.66	615.81	620.4	626.31	632.76	638.164
311.9	572.29	576.32	578.01	580.08	582.72	586.46	590.53	594.69	598.17	602.13	607.3	614.21	619.08	624.45	630.69	636.222
312	571.45	575.53	577.6	579.75	581.98	585.52	589.5	593.62	597.56	600.89	605.68	612.11	617.97	622.62	628.67	634.2146667
312.1	571.09	574.41	577.38	579.35	581.34	584.51	588.38	592.6	596.69	599.73	604.7	610	616.45	621.25	626.72	632.2466667
312.2	570.59	573.3	576.92	578.77	580.97	583.71	587.35	591.59	595.61	598.9	603.83	608.49	614.54	620.12	624.82	630.2353333
312.3	569.36	572.45	576.17	578.3	580.6	582.94	586.38	590.49	594.62	598.38	602.75	607.5	612.65	618.69	623.4	628.3686667
312.4	567.86	571.94	575.12	577.97	580.13	582.26	585.44	589.34	593.68	597.57	601.35	606.57	611.28	616.95	622.27	626.8326667
312.5	566.98	571.39	574.07	577.5	579.53	581.87	584.67	588.25	592.64	596.51	600.33	605.43	610.3	615.29	620.91	625.3033333
312.6	567.06	570.34	573.23	576.77	579	581.45	583.88	587.24	591.47	595.62	599.88	604.07	609.32	614.05	619.35	623.6893333
312.7	567.38	569.09	572.64	575.75	578.57	580.92	583.16	586.35	590.3	594.77	599.38	603.02	608.13	613.1	617.91	622.2486667
312.8	567.47	568.34	572.08	574.76	578.07	580.3	582.76	585.63	589.14	593.68	598.49	602.39	606.78	612.07	616.8	621.108
312.9	567.05	568.3	571.16	573.92	577.37	579.7	582.3	584.81	588.09	592.46	597.36	601.63	605.7	610.82	615.89	620.1366667
313	566.25	568.4	570.08	573.27	576.38	579.17	581.69	584.05	587.26	591.27	596.24	600.53	604.91	609.48	614.83	619.0666667
313.1	566.16	568.34	569.44	572.73	575.43	578.65	581.06	583.65	586.57	590.03	595.07	599.3	603.9	608.37	613.52	617.8933333
313.2	566.7	567.95	569.38	571.92	574.59	577.97	580.4	583.14	585.72	588.95	593.88	598.12	602.59	607.43	612.17	616.6453333
313.3	566.74	567.22	569.35	570.99	573.89	577	579.78	582.47	584.94	588.17	592.63	596.96	601.23	606.19	611.03	615.2933333
313.4	566.45	567	569.2	570.45	573.36	576.09	579.23	581.82	584.54	587.5	591.28	595.8	600	604.66	609.96	613.864
313.5	565.81	567.31	568.83	570.39	572.67	575.26	578.57	581.1	583.99	586.63	590.18	594.59	598.84	603.16	608.5	612.2373333
313.6	564.86	567.23	568.08	570.27	571.87	574.51	577.61	580.38	583.25	585.83	589.51	593.42	597.71	601.87	606.75	610.4453333
313.7	564.27	566.91	567.75	570.05	571.42	574	576.74	579.81	582.57	585.43	589.07	592.49	596.56	600.72	605.1	608.632
313.8	563.57	566.41	567.91	569.69	571.38	573.42	575.91	579.16	581.79	584.84	588.3	591.8	595.54	599.61	603.74	607.1886667
313.9	562.53	565.64	567.72	568.92	571.19	572.74	575.12	578.21	580.98	584.02	587.36	591.16	594.78	598.51	602.6	606.0686667
314	561.77	565.06	567.36	568.46	570.92	572.38	574.63	577.37	580.39	583.34	586.74	590.23	594.07	597.65	601.52	605.0053333
314.1	561.79	564.48	566.96	568.5	570.56	572.36	574.15	576.56	579.75	582.49	586.04	589.18	593.27	597.04	600.47	604.114
314.2	561.96	563.6	566.28	568.22	569.75	572.12	573.59	575.72	578.8	581.58	585.28	588.39	592.19	596.33	599.75	603.3666667
314.3	562.01	562.87	565.72	567.82	569.17	571.79	573.32	575.25	578	580.98	584.55	587.64	590.98	595.38	599.29	602.5413333
314.4	562.11	562.71	565.26	567.49	569.09	571.44	573.32	574.88	577.2	580.34	583.55	586.78	590.05	594.15	598.59	601.542
314.5	562.32	562.66	564.53	566.88	568.74	570.59	573.03	574.43	576.32	579.39	582.51	585.92	589.24	592.79	597.53	600.3826667
314.6	562.57	562.56	563.79	566.33	568.29	569.88	572.66	574.24	575.87	578.62	581.86	584.97	588.26	591.71	596.13	598.964
314.7	562.46	562.62	563.52	566	568.01	569.7	572.32	574.28	575.6	577.84	581.31	584.06	587.29	590.85	594.59	597.55
314.8	561.47	562.8	563.33	565.4	567.47	569.26	571.42	573.94	575.25	576.91	580.51	583.46	586.4	589.75	593.38	596.3693333
314.9	559.67	562.95	563.11	564.66	566.93	568.76	570.59	573.53	575.15	576.49	579.8	582.92	585.59	588.67	592.46	595.2346667
315	558.16	562.82	563.14	564.3	566.71	568.54	570.31	573.2	575.22	576.32	578.88	582.14	585.05	587.81	591.23	593.9966667
315.1	557.48	562.03	563.29	563.99	566.25	568.06	569.79	572.25	574.85	576.05	577.89	581.35	584.54	587.1	590.06	592.9186667
315.2	557.38	560.61	563.34	563.67	565.51	567.52	569.24	571.31	574.4	576.04	577.47	580.46	583.75	586.64	589.24	591.9466667
315.3	557.13	559.38	563.2	563.67	565.07	567.42	569.06	570.92	574.08	576.15	577.4	579.56	582.92	586.16	588.59	590.9806667
315.4	556.75	558.71	562.55	563.77	564.65	567.1	568.63	570.33	573.08	575.76	577.41	579.08	582.06	585.37	588.21	590.226
315.5	556.64	558.4	561.39	563.73	564.24	566.35	568.1	569.72	572.02	575.28	577.53	578.85	581.21	584.48	587.79	589.4326667
315.6	556.84	558.06	560.37	563.58	564.2	565.84	568.12	569.58	571.54	574.97	577.58	578.69	580.69	583.64	586.98	588.448
315.7	557.2	557.71	559.72	563.05	564.26	565.33	567.92	569.19	570.87	573.91	577.08	578.66	580.32	582.85	586.04	587.772
315.8	557.26	557.62	559.3	562.1	564.14	564.82	567.18	568.67	570.2	572.73	576.46	578.55	579.98	582.29	585.23	587.3486667
