0	0	0.1	0.2	0.3	0.4	0.5	0.6	0.7	0.8	0.9	1	1.1	1.2	1.3	1.4	1.5
263.9	587.38	584.63	584.95	585.07	585.15	584.04	584.59	582.85	583.83	581.95	581.35	584.41	581.44	581.07	581.1146667	580.7640952
264	587.99	584.6	585.12	585.26	585.59	584.67	584.32	584.08	582.92	582.37	581.34	583.8	581.67	580.21	580.7326667	580.3558095
264.1	588.12	585.1	585.15	585.39	585.55	585.4	584.09	585.07	582.87	583.2	581.47	583.39	582.51	579.83	580.6766667	580.2380952
264.2	587.8	585.89	584.93	585.53	585.5	586.05	584.55	585.09	583.88	584.29	582.32	583.29	583.71	580.87	581.478	581.026
264.3	587.51	586.48	585	585.69	585.73	586.21	585.49	584.51	585.25	585.18	583.31	582.92	584.98	582.74	582.7093333	582.3224762
264.4	587.46	587.22	585.77	585.5	585.96	585.9	586.36	584.42	585.87	585.21	583.72	582.74	585.63	583.33	583.1746667	582.8198095
264.5	587.68	587.87	586.56	585.19	586.16	585.93	586.85	585.3	585.33	584.4	584.05	582.79	585.05	583.04	583.034	582.7265714
264.6	588.03	588.33	587.2	585.56	586.15	586.27	586.63	586.47	584.6	583.95	584.68	582.86	584.35	583.46	583.3513333	583.1707619
264.7	588.28	588.81	587.89	586.59	585.72	586.57	586.21	587.32	584.91	584.51	585.39	583.58	584.48	584.56	584.2066667	584.102381
264.8	588.73	589.07	588.37	587.34	585.52	586.72	586.43	587.47	586.27	585.66	586.07	584.79	584.51	585.79	584.802	584.5982857
264.9	589.02	589	588.9	587.99	586.31	586.45	586.9	586.86	587.53	586.61	586.33	585.46	584.2	586.78	584.9666667	584.6280952
265	589.34	588.82	589.46	588.54	587.44	585.88	587.2	586.57	588.18	586.7	585.81	585.76	584.19	586.49	584.5853333	584.1273333
265.1	590.13	588.77	589.64	588.93	588.16	586.04	587.17	587.04	587.86	586.2	585.22	586.3	584.29	585.3	584.1166667	583.6180952
265.2	590.6	588.95	589.45	589.57	588.73	587.26	586.62	587.58	586.98	586.25	585.46	586.79	584.82	585.35	584.8306667	584.5132381
265.3	590.95	589.45	589.2	590.08	589.11	588.33	586.1	587.77	587.03	587.34	586.25	587.12	586.11	585.96	585.818	585.5845714
265.4	592.09	589.95	589.17	590.09	589.57	588.97	586.79	587.47	587.78	588.62	587.1	587.36	587.17	585.72	585.8526667	585.4415238
265.5	593.02	590.38	589.51	589.78	590.28	589.41	588.27	586.68	588.22	589.44	587.61	587.08	587.53	585.58	585.6306667	585.0746667
265.6	592.91	590.97	590.13	589.54	590.65	589.67	589.21	586.53	588.23	589.55	587.57	586.5	587.98	585.72	585.7586667	585.2349524
265.7	592.62	591.31	590.66	589.64	590.46	590.28	589.72	587.82	587.62	588.92	587.68	586.54	588.45	586.04	586.4966667	586.1980952
265.8	592.34	591.58	591.24	590.2	590.08	590.97	589.98	589.29	586.75	588.58	588.61	587.06	588.47	587.26	587.8553333	587.8744762
265.9	591.96	592.18	591.77	590.89	589.9	591.09	590.27	590.05	587.19	589.06	589.85	587.63	588.43	588.76	588.8606667	588.9675238
266	592.03	592.57	591.99	591.47	590.21	590.74	591.03	590.38	589.01	589.61	590.63	588.23	588.27	589.3	588.678	588.536
266.1	592.64	592.78	592.36	592.14	590.96	590.37	591.57	590.49	590.27	589.81	591	588.62	587.79	589.63	588.356	588.0234286
266.2	593.27	593.31	592.79	592.54	591.68	590.34	591.45	590.98	590.78	589.57	590.81	588.96	587.68	590.25	588.658	588.3674286
266.3	594.03	593.68	592.9	592.72	592.37	590.93	590.99	591.78	590.93	588.85	590.41	589.88	588.1	590.12	589.032	588.8368571
266.4	595.51	593.69	593.23	593.12	593.02	591.79	590.68	592.06	591.01	588.7	590.63	591.15	588.4	589.66	589.212	589.0082857
266.5	596.68	593.86	593.81	593.29	593.27	592.54	590.9	591.72	591.74	589.96	591.03	591.91	588.76	589.44	589.0513333	588.6450476
266.6	596.59	594.16	594.07	593.31	593.49	593.33	591.73	591.23	592.47	591.42	591.16	592.28	589.38	589.01	588.7233333	588.0861905
266.7	596.58	594.5	594.23	593.77	593.76	593.84	592.65	591.07	592.43	592.14	591.16	592.43	590.05	588.78	588.84	588.1757143
266.8	597.06	595.07	594.58	594.26	593.69	594	593.47	591.62	591.93	592.39	590.84	592.24	591.08	589.23	589.682	589.224
266.9	597.29	595.87	594.96	594.47	593.78	594.23	594.27	592.62	591.48	592.47	590.49	592.32	592.47	589.45	590.6146667	590.3769524
267	597.78	596.5	595.46	594.86	594.27	594.26	594.61	593.55	591.56	592.98	591.15	592.58	593.34	589.38	590.9926667	590.7529524
267.1	598.35	596.78	596.19	595.35	594.64	594.07	594.73	594.48	592.46	593.91	592.52	592.56	593.58	589.93	591.1333333	590.7447619
267.2	598.2	597.18	596.9	595.86	594.99	594.29	594.86	595.15	593.55	594.28	593.41	592.54	593.83	590.87	591.518	591.0717143
267.3	598.7	597.51	597.26	596.56	595.57	594.71	594.65	595.33	594.51	593.84	593.83	592.56	593.98	592.08	592.1666667	591.7952381
267.4	600.56	597.54	597.46	597.35	596.18	595.05	594.47	595.44	595.49	593.27	594.08	592.38	594.08	593.72	593.0246667	592.7926667
267.5	602.22	597.91	597.71	597.89	596.89	595.64	594.76	595.35	595.96	593.12	594.42	592.62	594.29	594.87	593.8393333	593.7324762
267.6	602.94	598.6	597.73	598.02	597.76	596.38	595.1	594.98	596.01	593.62	595.27	593.66	594.15	594.98	594.098	593.9502857
267.7	602.66	599.03	597.8	598.07	598.49	597.14	595.58	594.9	596.06	594.55	595.97	594.63	593.91	595.09	594.224	593.9922857
267.8	601.54	599.55	598.42	598.04	598.8	598.07	596.41	595.17	595.72	595.44	595.69	595.16	594.04	595.5	594.6753333	594.5087619
267.9	600.61	600.37	599.15	597.9	598.71	598.99	597.28	595.53	595.27	596.2	594.95	595.57	594.21	595.77	595.0433333	594.9619048
268	599.86	601	599.67	598.22	598.49	599.56	598.24	596.28	595.31	596.8	594.62	595.92	594.34	596.07	595.282	595.2168571
268.1	598.7	601.67	600.33	599.07	598.19	599.58	599.34	597.29	595.54	597.16	594.89	596.61	594.98	595.92	595.558	595.4745714
268.2	598.17	602.51	600.99	599.81	598.15	599.2	600.18	598.32	596.05	597.37	595.63	597.5	595.87	595.36	595.6886667	595.5149524
268.3	598.62	602.79	601.49	600.4	598.79	598.69	600.51	599.51	597.13	597.32	596.51	597.57	596.46	595.34	595.6746667	595.3755238
268.4	599.34	602.5	602.28	601.1	599.76	598.32	600.2	600.63	598.26	597.15	597.2	596.74	596.95	595.81	595.6873333	595.3070476
268.5	600.59	602	603.03	601.64	600.52	598.56	599.47	601.31	599.49	597.27	597.72	596.15	597.44	596.13	595.5806667	595.070381
268.6	602.2	601.35	603.05	602.18	601.16	599.5	598.74	601.31	600.86	597.65	598.25	596.26	598.02	596.52	595.6686667	595.0235238
268.7	603.52	601.04	602.61	603.02	601.82	600.54	598.52	600.58	601.88	598.21	598.68	596.79	598.91	597.21	596.2993333	595.6381905
268.8	604.84	601.13	602.1	603.45	602.33	601.26	599.13	599.52	602.3	599.08	598.8	597.58	599.4	597.76	596.8573333	596.2013333
268.9	606.34	601.21	601.71	603.09	602.96	601.93	600.3	598.78	601.89	599.97	598.77	598.29	598.72	598.23	597.0586667	596.4149524
269	607.13	601.66	601.78	602.57	603.67	602.57	601.33	598.9	600.69	600.75	598.98	598.67	597.8	598.89	597.4806667	596.9618095
269.1	607.01	602.59	601.99	602.2	603.63	603.08	602.01	599.88	599.41	601.65	599.45	599.16	597.69	599.46	598.278	597.9374286
269.2	606.96	603.49	602.22	602.16	603	603.75	602.7	601.18	598.9	602.51	600.06	599.84	598.1	600.23	599.26	599.0657143
269.3	606.92	604.42	602.9	602.55	602.55	604.11	603.33	602.12	599.45	603	600.9	600.17	598.71	601.09	600.0133333	599.8590476
269.4	606.46	605.44	603.82	602.9	602.45	603.56	603.86	602.77	600.74	603.01	601.77	600.23	599.45	600.78	599.7946667	599.4512381
269.5	606.28	606.21	604.6	603.37	602.79	602.85	604.4	603.51	602.09	602.45	602.41	600.56	599.8	599.57	598.9066667	598.2666667
269.6	606.71	606.74	605.39	604.25	603.42	602.64	604.26	604.12	602.86	601.5	603.03	601.14	600.05	599.14	598.8026667	598.0929524
269.7	607.18	607.3	606.13	605.11	603.94	602.88	603.33	604.62	603.54	600.92	603.69	601.83	600.82	599.52	599.494	598.858
269.8	607.51	607.58	606.68	605.72	604.67	603.61	602.78	604.84	604.37	601.29	604.03	602.72	601.48	599.91	599.996	599.3377143
269.9	607.88	607.52	607.2	606.32	605.64	604.42	602.91	604.1	604.88	602.43	604	603.62	601.64	600.6	600.4466667	599.7566667
270	608.49	607.72	607.66	606.81	606.34	605.14	603.53	603.09	605.25	603.77	603.72	604.2	602	601.08	600.7686667	600.0349524
270.1	609.67	608.16	607.73	607.2	606.75	606.09	604.58	602.89	605.01	604.66	603.21	604.61	602.75	601	601.102	600.4054286
270.2	611.09	608.45	607.8	607.66	607.12	607.03	605.56	603.39	603.73	605.09	602.78	605.03	603.55	601.61	602.3346667	601.9640952
270.3	612.13	608.75	608.33	607.9	607.41	607.46	606.47	604.42	602.92	605.64	603.05	605.22	604.5	602.67	603.75	603.6785714
270.4	612.58	609.17	608.89	607.87	607.7	607.65	607.56	605.73	603.22	606.28	604.11	605.01	605.51	602.99	604.264	604.1908571
270.5	612.21	609.65	609.25	608.25	608	607.81	608.31	606.84	604.08	606.83	605.41	604.75	606.13	603.28	604.404	604.2108571
270.6	611.44	610.3	609.62	609.06	608.02	607.93	608.43	607.94	605.52	607.02	606.46	604.58	606.4	604.22	604.676	604.3834286
270.7	611.11	610.99	610.05	609.68	608.12	608.12	608.39	609.02	607.04	606.32	607.03	604.45	606.59	605.18	604.9946667	604.678381
270.8	611.02	611.67	610.6	610.1	608.87	608.21	608.38	609.41	608.22	605.33	607.44	604.73	606.62	606.17	605.5093333	605.249619
270.9	610.85	612.43	611.24	610.5	609.87	608.13	608.37	609.23	609.46	605.16	608	605.75	606.22	607.38	606.048	605.7774286
271	611.28	613.04	611.79	610.97	610.55	608.56	608.41	609.01	610.38	605.7	608.52	607.08	605.73	608.12	606.3233333	605.9619048
271.1	612	613.35	612.39	611.61	610.99	609.7	608.31	608.84	610.3	606.59	608.77	608.19	605.67	608.33	606.656	606.2791429
271.2	612.62	613.45	613.09	612.19	611.38	610.79	608.35	608.71	609.85	607.66	608.43	608.93	605.89	608.32	606.934	606.578
271.3	613.81	613.24	613.68	612.62	611.95	611.46	609.22	608.57	609.5	608.7	607.52	609.33	606.33	608.18	607.07	606.73
271.4	615.42	612.84	614.05	613.17	612.63	611.87	610.65	608.39	609.19	609.89	606.97	609.74	607.35	607.66	607.2166667	606.8595238
271.5	616.46	612.77	614.14	613.8	613.09	612.3	611.76	608.77	608.92	611.06	607.19	610.25	608.77	606.81	607.3973333	606.9870476
271.6	617.22	612.89	613.84	614.35	613.43	613	612.38	610.13	608.63	611.51	607.8	610.51	609.94	606.56	607.9233333	607.5704762
271.7	618	613.07	613.51	614.71	613.92	613.63	612.74	611.72	608.53	611.37	608.57	610.35	610.77	607.05	608.698	608.486
271.8	617.9	613.71	613.46	614.71	614.5	613.92	613.28	612.77	609.42	611.31	609.43	609.68	611.29	607.76	609.004	608.7722857
271.9	617.68	614.6	613.46	614.37	615.04	614.2	614.08	613.27	611.23	611.5	610.52	608.96	611.6	608.84	609.1206667	608.7432381
272	618.01	615.39	613.74	614.14	615.35	614.64	614.55	613.63	612.86	611.64	611.83	608.81	612.01	610.4	609.8373333	609.4313333
272.1	617.98	616.32	614.44	614.06	615.26	615.2	614.69	614.37	613.76	611.45	612.77	609.2	612.33	611.72	610.7586667	610.4406667
272.2	617.94	617.41	615.19	614.06	614.94	615.71	614.9	615.12	614.11	611.05	613.03	609.69	612.2	612.55	611.336	611.1162857
272.3	618.69	618.17	615.9	614.51	614.75	615.96	615.32	615.38	614.58	611.19	613.12	610.25	611.75	613.24	611.566	611.3405714
272.4	619.34	618.76	616.85	615.21	614.61	615.78	615.89	615.4	615.51	612.33	613.41	611.14	611.1	613.53	611.2506667	610.7975238
272.5	619.21	619.34	617.88	615.84	614.74	615.51	616.39	615.57	616.09	613.81	613.78	612.45	610.65	613.78	611.1906667	610.5518095
272.6	619.28	619.43	618.72	616.52	615.3	615.3	616.55	616.01	616.1	614.81	613.88	613.7	610.76	614.17	611.7053333	611.0773333
272.7	620	619.46	619.52	617.48	615.93	615.18	616.34	616.6	616.02	615.18	613.56	614.42	611.07	614.06	611.9246667	611.3169524
272.8	621.15	619.86	619.98	618.49	616.47	615.5	616.07	617.06	616.18	615.53	613.29	614.78	611.3	613.66	611.7433333	611.0633333
272.9	622.6	620.18	620.02	619.44	617.13	616.09	615.82	617.12	616.7	616.37	613.68	615.17	611.86	613.22	611.556	610.7148571
273	623.89	620.27	620.22	620.28	618.1	616.63	615.82	616.89	617.32	617.19	614.69	615.74	613.04	612.65	611.63	610.6371429
273.1	624.22	620.58	620.63	620.57	619.2	617.08	616.28	616.59	617.73	617.55	615.73	616.15	614.45	612.44	612.142	611.1325714
273.2	624	621.02	620.85	620.65	620.26	617.75	616.84	616.36	617.69	617.59	616.32	616.06	615.56	612.65	612.8233333	611.9219048
273.3	624.54	621.43	621.01	620.99	620.97	618.81	617.28	616.55	617.42	617.6	616.62	615.67	616.28	612.63	613.1506667	612.3260952
273.4	625.44	622.22	621.36	621.38	621.16	620.02	617.64	617.07	617.07	617.87	617.27	615.5	616.86	612.72	613.56	612.8014286
273.5	625.51	623.33	621.65	621.56	621.35	621.09	618.37	617.56	616.93	618.5	618.16	615.85	617.55	613.62	614.5973333	613.9770476
273.6	625.16	624.29	622.08	621.76	621.78	621.62	619.6	617.84	617.32	619.21	618.74	616.62	618.26	615.08	615.9213333	615.4593333
273.7	625.11	624.96	623.01	622.04	622.15	621.79	620.91	618.17	617.82	619.53	619.08	617.36	618.5	616.45	616.9573333	616.6241905
273.8	625.51	625.56	624.17	622.25	622.3	622.1	621.86	619.1	618.21	619.42	619.24	617.72	618.21	617.53	617.5333333	617.2890476
273.9	626.89	625.93	625.11	622.87	622.47	622.59	622.25	620.51	618.31	619.04	619.4	618.23	617.76	618.39	618.0606667	617.9289524
274	628.34	626.04	625.77	624.01	622.63	622.91	622.47	621.81	618.69	618.78	619.94	619.08	617.48	619.19	618.634	618.5694286
274.1	628.86	626.31	626.22	625.17	622.92	623	622.89	622.58	619.93	619.15	620.73	619.76	617.69	620.17	619.1566667	619.0380952
274.2	629.19	626.63	626.4	626	623.81	623.11	623.43	622.91	621.48	619.84	621.3	620.34	618.34	620.79	619.4573333	619.2027619
274.3	629.98	626.76	626.6	626.52	625.1	623.2	623.65	623.2	622.67	620.29	621.37	620.79	618.86	620.73	619.328	618.9117143
274.4	631.24	627.21	627.01	626.78	626.18	623.72	623.65	623.75	623.27	620.35	621.1	620.97	619.27	620.28	619.0413333	618.5179048
274.5	632.05	627.99	627.22	626.92	626.82	624.9	623.67	624.26	623.58	620.45	620.81	621.35	620.03	619.57	618.888	618.2945714
274.6	631.81	628.78	627.35	627.28	627.15	626.23	623.84	624.32	623.96	621.35	620.98	622.15	620.76	619.06	618.8666667	618.1495238
274.7	630.91	629.76	627.89	627.65	627.3	627.13	624.68	624.22	624.65	622.91	621.61	622.93	621.43	619.33	619.1713333	618.3221905
274.8	630	630.72	628.68	627.71	627.55	627.53	626.08	624.2	625.05	624.28	622.08	623.22	622.19	619.96	619.7386667	618.8649524
274.9	629.64	631.49	629.63	627.98	627.98	627.69	627.32	624.62	624.89	624.97	622.19	623.1	622.6	620.32	620.1066667	619.2766667
275	630.19	632.19	630.71	628.69	628.17	627.86	627.95	625.82	624.75	625.25	622.26	622.82	622.84	621	620.6113333	619.8850476
275.1	631.2	632.73	631.54	629.58	628.22	628.26	628.11	627.31	624.78	625.62	622.93	622.84	623.53	621.78	621.444	620.8337143
275.2	632.06	633.02	632.25	630.66	628.7	628.61	628.22	628.32	625.55	626.43	624.37	623.39	624.46	622.36	622.1426667	621.4900952
275.3	633.1	632.9	632.97	631.65	629.58	628.62	628.52	628.61	627.06	627.32	625.86	623.9	625.02	623.36	622.684	621.9022857
275.4	634.35	632.55	633.55	632.37	630.6	628.82	628.96	628.63	628.49	627.6	626.76	624.01	625.06	624.16	622.8113333	621.8964762
275.5	635.9	632.32	633.78	633.13	631.69	629.56	629.11	628.81	629.15	627.35	627.16	624.03	624.85	624.39	622.712	621.7282857
275.6	637.91	632.28	633.59	633.87	632.52	630.58	629.08	629.25	629.13	627.04	627.59	624.54	624.77	624.88	623.214	622.3251429
275.7	639.57	632.49	633.31	634.37	633.24	631.69	629.54	629.58	629.13	627.29	628.35	625.82	625.2	625.87	624.4333333	623.7161905
275.8	640.6	633.07	633.1	634.41	634.08	632.65	630.52	629.53	629.46	628.35	629.3	627.37	625.78	626.7	625.4826667	624.8129524
275.9	641.02	633.89	633.02	634.18	634.79	633.37	631.66	629.66	629.97	629.74	629.8	628.47	625.92	626.95	625.686	624.8891429
276	640.66	634.97	633.24	634	635.1	634.2	632.74	630.43	630.07	630.6	629.63	628.98	625.83	626.84	625.5473333	624.6584762
276.1	640.18	636.39	633.76	633.81	634.98	635.08	633.54	631.59	629.93	630.71	629.29	629.45	626.19	626.71	625.7633333	624.9204762
276.2	640.02	637.77	634.54	633.77	634.81	635.65	634.27	632.77	630.36	630.72	629.36	630.23	627.32	626.99	626.5453333	625.7973333
276.3	640.12	639.18	635.7	634	634.69	635.7	635.23	633.71	631.43	631.13	630.04	631.23	628.88	627.65	627.614	626.9151429
276.4	640.72	640.55	637.02	634.46	634.54	635.52	636.06	634.39	632.73	631.81	631.12	631.92	630.16	627.89	628.1033333	627.2933333
276.5	641.6	641.34	638.32	635.31	634.53	635.49	636.38	635.27	633.84	632.26	632.07	631.92	630.81	627.69	627.9066667	626.8995238
276.6	642.4	641.78	639.84	636.55	634.69	635.39	636.22	636.3	634.58	632.32	632.47	631.53	631.27	627.85	627.896	626.8177143
276.7	643.11	642.01	641.13	637.76	635.17	635.27	636.13	636.94	635.27	632.5	632.57	631.47	632.07	628.82	628.6526667	627.6629524
276.8	643.93	641.94	641.92	639.11	636.17	635.23	636.21	636.96	636.35	633.26	632.87	631.95	633.15	630.37	629.8766667	628.9866667
276.9	644.76	642.04	642.48	640.68	637.38	635.34	636.12	636.74	637.34	634.38	633.39	632.68	634.01	631.81	630.988	630.146
277	645.52	642.44	642.66	641.8	638.54	635.95	635.99	636.84	637.68	635.4	633.9	633.49	634.23	632.62	631.6313333	630.7964762
277.1	646.04	642.97	642.61	642.59	640.02	637.09	635.85	636.95	637.42	636.05	634.27	634.06	633.85	633.04	631.9106667	631.090381
277.2	646.15	643.73	642.8	643.16	641.49	638.18	635.97	636.85	637.31	636.63	634.59	634.34	633.62	633.8	632.3653333	631.5987619
277.3	646.27	644.65	643.2	643.24	642.49	639.4	636.81	636.63	637.63	637.57	635.08	634.64	634	634.99	633.2166667	632.5209524
277.4	646.37	645.5	643.79	643.27	643.32	640.98	637.97	636.39	637.69	638.58	635.84	635.06	634.55	636.03	634.1746667	633.5698095
277.5	646.71	646.29	644.66	643.58	643.8	642.25	638.98	636.7	637.55	639.16	636.74	635.47	635.05	636.48	634.8466667	634.3052381
277.6	647.99	646.95	645.61	644.01	643.84	643.23	640.34	637.74	637.17	639.21	637.58	635.96	635.58	636.22	635.2273333	634.7341905
277.7	649.94	647.35	646.47	644.72	644	644.07	641.89	638.79	636.89	639.27	638.34	636.56	636.02	635.76	635.422	634.9311429
277.8	651.9	647.61	647.25	645.7	644.37	644.4	642.99	639.83	637.52	639.84	639.23	637.07	636.43	636.06	635.7226667	635.1600952
277.9	653.4	647.76	647.81	646.65	644.88	644.49	644.01	641.35	638.67	640.37	640.16	637.54	636.84	636.61	636.014	635.3422857
278	654.45	647.81	648.15	647.51	645.75	644.78	644.79	642.71	639.53	640.43	640.84	638.13	637.14	636.81	636.1953333	635.4473333
278.1	655.09	648.22	648.37	648.23	646.78	645.18	645.01	643.78	640.73	640.24	641.26	638.95	637.55	637.11	636.4586667	635.6449524
278.2	655.52	649.1	648.39	648.67	647.73	645.83	645.2	644.84	642.33	640	641.65	639.88	638.35	637.57	636.9113333	636.0393333
278.3	656.08	650.27	648.41	648.92	648.58	646.84	645.59	645.46	643.46	640.23	642.34	640.89	639.14	638.12	637.5546667	636.6569524
278.4	656.49	651.74	648.83	649.04	649.18	647.88	646.04	645.66	644.6	641.04	643.03	641.81	639.52	638.64	637.882	636.8654286
278.5	656.87	653.38	649.66	648.94	649.49	648.84	646.86	645.99	645.67	641.76	643.2	642.43	639.76	638.95	637.9246667	636.7712381
278.6	657.6	654.84	650.85	648.97	649.66	649.62	647.96	646.4	646.1	642.52	643.05	643	640.32	639.1	638.1833333	636.9933333
278.7	658.65	656.02	652.43	649.47	649.63	650.06	649.01	646.99	646.37	643.75	642.81	643.71	641.3	639.88	639.08	637.9685714
278.8	659.95	657.09	654.11	650.36	649.44	650.26	649.95	647.98	646.81	645	642.77	644.67	642.49	641.08	640.3753333	639.3959048
278.9	661.28	657.95	655.55	651.68	649.53	650.33	650.6	649.11	647.24	646.22	643.27	645.6	643.54	641.65	641.2206667	640.2589524
279	662.71	658.48	656.84	653.37	650.14	650.13	650.88	650.17	647.99	647.59	643.87	645.94	644.13	641.64	641.1873333	640.0427619
279.1	664.08	658.96	658.11	655	651.16	649.9	650.98	651.04	649.14	648.59	644.4	645.83	644.61	641.78	640.994	639.6422857
279.2	664.42	659.5	659.03	656.42	652.63	650.14	650.9	651.5	650.26	649.18	645.43	645.6	645.5	642.6	641.5113333	640.1064762
279.3	664.11	660.15	659.54	657.88	654.35	650.88	650.56	651.64	651.32	649.76	646.76	645.44	646.8	643.93	642.62	641.2728571
279.4	664.47	661	659.93	659.29	655.91	652.04	650.37	651.63	652.05	650.22	648.08	645.66	648.08	645.27	643.9526667	642.7315238
279.5	665.69	662.05	660.35	660.14	657.4	653.66	650.79	651.38	652.29	650.63	649.58	646.07	648.7	645.96	644.7766667	643.6066667
279.6	667.63	663.08	660.93	660.54	659.1	655.34	651.68	650.94	652.32	651.26	650.86	646.4	648.65	646.22	645.006	643.7834286
279.7	670.04	663.75	661.8	660.84	660.54	656.85	653.01	650.91	652.2	651.96	651.61	647.15	648.42	647.03	645.6353333	644.4659048
279.8	671.54	664.3	662.76	661.17	661.23	658.56	654.71	651.52	651.77	652.54	652.21	648.41	648.24	648.59	647.0333333	646.1019048
279.9	671.72	665.06	663.49	661.79	661.48	660.48	656.3	652.57	651.29	653.03	652.79	649.82	648.25	650.34	648.714	648.0837143
280	671.84	665.9	664.01	662.69	661.68	661.78	657.89	654.07	651.52	653.5	653.24	651.42	648.46	651.38	649.8226667	649.3186667
280.1	672.63	666.97	664.71	663.45	662.01	662.22	659.91	655.74	652.31	654.01	653.69	652.96	648.6	651.47	650.0573333	649.4527619
280.2	673.78	668.48	665.57	663.88	662.71	662.35	661.91	657.28	653.5	654.49	654.15	653.95	649.02	651.22	649.9206667	649.120381
280.3	674.82	670.02	666.48	664.39	663.53	662.46	662.93	659.12	655.15	654.77	654.54	654.61	650.09	651.03	649.908	648.9202857
280.4	675.47	671.32	667.69	665.22	663.99	662.86	663.12	661.46	656.74	654.75	654.95	655.26	651.51	650.94	650.184	649.0865714
280.5	676.27	672.48	669.18	666.13	664.25	663.65	663.14	663.32	658.31	654.96	655.48	655.82	653.18	651.03	650.6566667	649.4738095
280.6	678.05	673.49	670.68	667.21	664.84	664.24	663.24	663.95	660.54	655.92	656.15	656.25	654.95	650.97	650.7306667	649.2832381
280.7	681.09	674.31	672.06	668.57	665.75	664.37	663.77	663.95	663.12	657.48	656.81	656.51	656.25	651.03	650.4226667	648.5815238
280.8	684.55	675.05	673.26	670.08	666.8	664.6	664.51	663.87	664.61	659.1	657.39	656.66	657.03	651.85	650.6993333	648.6781905
280.9	687.12	675.75	674.24	671.58	668.08	665.33	664.76	664.05	664.82	660.15	657.83	656.88	657.71	653.15	651.7613333	649.8579048
281	688.87	676.49	675.06	672.92	669.54	666.34	664.66	664.72	664.69	660.79	658.2	657.34	658.39	654.82	653.2973333	651.6570476
281.1	690.06	677.48	675.82	674.06	671.08	667.61	665	665.22	664.56	661.92	658.96	658.12	658.91	656.78	654.998	653.6045714
281.2	690.87	678.95	676.5	675.04	672.53	669.06	665.87	665.08	664.89	664.03	660.2	658.97	659.11	658.41	656.096	654.7134286
281.3	691.3	680.96	677.17	675.91	673.77	670.57	667.06	664.94	665.61	666.07	661.75	659.73	659.03	659.38	656.4993333	654.9481905
281.4	691.58	683.16	678.04	676.65	674.89	672.12	668.56	665.45	665.71	666.82	663.07	660.54	658.97	660.1	657.122	655.5754286
281.5	692.19	685.41	679.44	677.24	675.94	673.44	670.09	666.49	665.24	666.59	663.77	661.29	659.23	660.85	658.1773333	656.8484762
281.6	693.54	687.49	681.33	677.78	676.83	674.59	671.64	667.96	665.23	666.21	664.39	662.07	659.99	661.52	659.282	658.1525714
281.7	695.83	689.15	683.45	678.62	677.48	675.78	673.12	669.61	665.97	666.35	665.61	663.07	661.02	661.83	660.052	658.9311429
281.8	698.53	690.5	685.63	680.08	677.91	676.9	674.29	671.17	667.23	667.25	667.33	664.41	661.96	661.59	660.2626667	658.9200952
281.9	701.53	691.63	687.57	681.96	678.34	677.74	675.46	672.74	669	668.22	668.57	665.86	662.98	661.23	660.2486667	658.6120952
282	704.54	692.6	689.22	684.03	679.25	678.24	676.78	674.05	670.7	668.63	668.94	666.77	664.15	661.18	660.4073333	658.6013333
282.1	707.82	693.66	690.74	686.05	680.81	678.46	677.9	675.12	672.26	668.97	668.92	667.25	665.21	661.75	660.8433333	658.9719048
282.2	711.38	695.03	692.06	687.82	682.68	678.85	678.6	676.44	673.8	669.72	668.87	667.75	666.14	662.93	661.5806667	659.6889524
282.3	714.35	696.72	693.18	689.54	684.62	679.93	678.86	677.86	674.86	670.57	669.36	668.76	667.22	664.09	662.6933333	660.8504762
282.4	716.83	698.84	694.35	691.24	686.44	681.58	678.9	678.88	675.96	671.89	670.37	670.02	668.61	665.16	663.916	662.082
282.5	718.63	701.27	695.7	692.66	688.18	683.38	679.39	679.35	677.52	673.83	671.34	670.89	669.76	666.67	664.9773333	663.065619
282.6	719.74	703.85	697.36	693.89	690.07	685.12	680.67	679.32	678.95	675.9	672.15	671.37	670.33	668.17	665.6726667	663.6329524
282.7	721.55	706.67	699.46	695.13	691.91	686.79	682.34	679.3	679.76	677.63	673.15	671.48	670.49	669.3	666.096	663.942
282.8	724.69	709.45	701.75	696.48	693.39	688.64	683.98	680.03	679.95	678.39	674.1	671.67	670.69	670.17	666.7186667	664.5920952
282.9	728.12	712.17	704.16	698.21	694.7	690.77	685.53	681.46	679.64	678.49	675.04	672.37	671.46	671.33	668.1906667	666.3246667
283	731.21	714.71	706.74	700.29	695.96	692.67	687.19	683.04	679.7	679.2	676.7	673.6	672.54	672.67	669.912	668.2482857
283.1	734.29	716.79	709.31	702.41	697.36	694.19	689.29	684.45	680.72	680.84	678.85	674.93	673.52	673.41	670.802	669.0182857
283.2	737.47	718.84	711.94	704.66	699.17	695.54	691.6	685.88	682.22	682.54	680.88	676.34	674.09	673.61	670.986	668.902
283.3	741.81	721.23	714.4	707.02	701.15	696.79	693.51	687.71	683.6	683.37	682.08	677.62	674.23	673.18	670.6153333	668.2159048
283.4	747.18	723.73	716.56	709.46	703.08	698.29	695.07	690.14	684.79	683.14	682.2	678.39	674.54	673.12	670.5673333	668.0541905
283.5	751.64	726.43	718.79	712.01	705.15	700.11	696.4	692.53	686.23	682.88	682.4	679.62	675.61	673.97	671.5293333	669.0753333
283.6	755.29	729.48	721.09	714.4	707.35	701.89	697.66	694.42	688.39	683.87	683.57	681.67	677.34	675.28	672.9826667	670.4958095
283.7	758.88	732.63	723.46	716.64	709.71	703.63	699.25	695.98	691.14	685.96	685.29	683.93	679.25	676.48	674.196	671.4877143
283.8	762.22	736.17	726.22	718.91	712.2	705.56	700.98	697.25	693.5	688	686.56	685.6	681.01	676.87	674.7486667	671.746381
283.9	765.79	740.34	729.28	721.12	714.57	707.63	702.52	698.58	695.38	689.41	686.86	685.99	682	676.94	674.5666667	671.272381
284	769.9	744.45	732.44	723.53	716.87	709.95	704.09	700.2	696.89	690.47	686.67	685.87	682.78	677.53	674.6346667	671.1869524
284.1	773.17	748.53	736.02	726.39	719.1	712.42	705.89	701.72	698.08	691.99	687.29	686.46	684.5	679.36	676.2566667	672.9166667
284.2	776.82	752.7	739.94	729.42	721.29	714.81	707.88	703.01	699.51	694.52	689.17	687.96	686.87	681.76	678.674	675.448
284.3	781.98	756.43	743.87	732.6	723.82	717.12	710.22	704.46	701.05	697.17	691.36	689.49	688.96	684.09	680.89	677.71
284.4	786.49	759.96	748.04	736.19	726.72	719.27	712.71	706.14	702.27	699.18	693.17	690.28	689.84	685.67	682.0106667	678.7560952
284.5	791.3	763.66	752.12	739.92	729.71	721.52	715.11	708.12	703.35	700.67	694.54	690.36	689.64	686.17	681.8046667	678.2855238
284.6	797.67	767.14	755.72	743.85	732.93	724.17	717.38	710.53	704.73	701.84	695.98	690.76	689.69	687.39	682.228	678.5602857
284.7	804.91	770.87	759.21	748.05	736.46	727.05	719.5	713.04	706.32	703.16	698.25	692.36	690.74	689.65	684.0966667	680.482381
284.8	812.5	775.51	762.71	751.92	740.13	730.03	721.85	715.43	708.35	705.01	701	694.58	692.32	692.08	686.306	682.7105714
284.9	820.03	780.17	766.17	755.38	744.12	733.25	724.57	717.63	710.88	707.05	703.23	696.64	693.51	693.57	687.4373333	683.615619
285	826.8	785.01	770.19	758.77	748.21	736.69	727.41	719.79	713.39	708.83	704.98	698.39	693.98	693.55	687.1526667	682.8572381
285.1	832.11	790.66	774.62	762.11	751.87	740.38	730.38	722.24	715.75	710.47	706.54	699.95	694.34	693.21	686.6086667	681.8178095
285.2	836.74	796.77	778.99	765.72	755.2	744.42	733.59	724.96	717.88	711.95	708.01	702.01	695.65	693.67	687.2666667	682.2395238
285.3	840.71	803.4	784.01	769.91	758.45	748.32	737	727.78	720.1	713.63	709.82	704.75	697.83	695.08	689.1113333	684.0379048
285.4	844.26	810.36	789.6	774.22	761.8	751.79	740.76	730.73	722.62	716.09	712	707.17	700.02	696.52	690.716	685.472
285.5	848.13	817.11	795.53	778.8	765.59	754.95	744.73	733.9	725.32	718.94	714.08	709.08	702.06	697.38	691.6093333	686.0281905
285.6	852.8	823.21	801.95	784.01	769.82	758.1	748.44	737.34	728.11	721.57	716.06	710.92	703.91	697.88	692.148	686.1688571
285.7	858.73	828.66	808.5	789.51	774.2	761.57	751.71	741.14	731.03	723.75	718.01	712.71	705.88	698.95	693.124	686.858
285.8	865.79	833.53	814.8	795.43	779.04	765.49	754.7	745	734.19	725.82	719.76	714.56	708.51	701.06	695.0386667	688.6735238
285.9	873.52	837.96	820.56	801.66	784.26	769.74	757.87	748.5	737.68	728.44	721.92	716.77	711.14	703.3	696.98	690.4385714
286	880.51	842.37	825.74	807.83	789.74	774.33	761.5	751.53	741.48	731.83	724.75	719.1	713.17	705.5	698.4853333	691.5844762
286.1	887.06	847.11	830.43	813.76	795.65	779.3	765.5	754.43	745.2	735.5	727.64	721.32	715.12	707.71	699.924	692.6408571
286.2	893.98	852.69	834.87	819.14	801.58	784.46	769.88	757.75	748.47	738.73	730.26	723.71	717.28	709.73	701.57	694.01
286.3	900.48	859.17	839.38	824	807.43	789.99	774.68	761.46	751.23	741.54	732.59	725.82	719.32	712.25	703.6253333	695.9587619
286.4	906.65	866.35	844.38	828.55	812.98	795.72	779.63	765.56	754.19	744.51	735.08	727.82	721.53	715.07	705.8533333	698.087619
286.5	913.04	873.62	850.18	833	817.96	801.31	784.79	770.2	757.69	748.03	738.27	730.47	724.02	717.22	707.732	699.6697143
286.6	919.35	880.69	856.67	837.67	822.56	806.86	790.34	775.05	761.43	751.95	742.19	733.48	726.46	719.16	709.4586667	700.986381
286.7	925.36	887.84	863.77	843.03	827.05	811.99	795.74	779.94	765.77	755.98	746.1	736.45	729.12	721.56	711.3686667	702.4749524
286.8	931.96	894.75	871.07	849.09	831.57	816.59	801.02	785.18	770.63	759.72	749.55	739.16	731.78	723.96	713.044	703.6851429
286.9	939.13	901.32	878.24	855.68	836.52	821.05	806.26	790.54	775.37	763.2	752.85	741.74	733.93	726.23	714.4246667	704.578381
287	946.88	907.83	885.26	862.69	842.26	825.51	810.92	795.56	780.26	766.92	756.28	744.69	736.29	728.8	716.1286667	705.8206667
287.1	955.66	914.33	891.95	869.72	848.51	830.17	815.25	800.61	785.57	770.79	760.02	748.55	739.3	731.44	718.286	707.5262857
287.2	963.25	920.8	898.38	876.71	855.22	835.52	819.68	805.43	790.53	774.85	764.09	752.95	742.49	734.21	720.8713333	709.733619
287.3	967.83	927.55	904.74	883.53	862.24	841.55	824.17	809.66	795.19	779.53	768.19	757.08	745.59	737.41	723.6486667	712.1678095
287.4	970.87	934.79	911.14	890	869.2	847.9	829.1	813.9	800.05	784.65	772.11	760.93	748.47	740.01	725.7113333	713.713619
287.5	974.98	942.57	917.6	896.21	876.04	854.72	834.89	818.31	804.37	789.59	776.04	764.54	751.32	742.19	727.6206667	715.1289524
287.6	981.04	951.03	924.38	902.43	882.67	861.71	841.09	822.93	808.3	794.28	779.98	768.14	754.9	745.07	730.4986667	717.7520952
287.7	988.06	959.1	931.66	908.85	888.91	868.52	847.56	828.29	812.58	798.59	783.84	772.06	759.51	748.32	734.118	721.2517143
287.8	994.59	965.52	939.51	915.46	894.93	875.21	854.48	834.39	816.99	802.8	788.33	776.33	764.28	751.74	738.0306667	725.0646667
287.9	999.07	970.44	947.67	922.35	901.12	881.62	861.36	840.67	821.87	807.86	793.59	780.66	768.75	755.04	741.5206667	728.2518095
288	1002.7	975.31	955.17	929.75	907.42	887.57	867.99	847.29	827.74	813.43	798.98	784.94	772.86	758.04	744.24	730.4042857
288.1	1008.4	981.3	961.43	937.61	913.84	893.49	874.54	854.23	834.03	818.5	804.09	789.13	776.51	761.29	746.7953333	732.3773333
288.2	1016	987.97	966.75	945.4	920.8	899.68	880.67	860.91	840.32	823.21	808.67	792.92	780.21	765.78	750.1066667	735.322381
288.3	1023.5	994.43	972.29	952.56	928.34	905.89	886.35	867.4	847.13	828.19	812.93	797.07	784.44	771.04	754.044	738.9708571
288.4	1029.5	999.74	978.51	958.68	936.05	912.35	892.27	873.75	853.98	833.74	817.92	802.25	789.03	776.09	758.2433333	742.8361905
288.5	1033.7	1004.1	984.8	964.22	943.56	919.52	898.45	879.52	860.4	840.01	823.84	807.99	793.72	780.94	762.6146667	746.8426667
288.6	1036.7	1009.3	990.71	970.18	950.47	927.06	904.56	885.07	866.82	846.43	829.5	813.62	798.3	784.91	766.2813333	750.0007619
288.7	1039.8	1016.2	995.75	976.37	956.43	934.53	911.18	891.06	872.89	852.18	834.54	818.59	802.27	788.46	769.372	752.5768571
288.8	1043.3	1023.6	1000.4	982.3	962.19	941.87	918.56	897.11	878.25	857.87	839.52	822.96	806.09	792.49	772.7933333	755.6304762
288.9	1046.2	1030.3	1006	987.85	968.41	948.54	925.94	903.21	883.85	864.27	844.88	827.8	810.97	797.14	777.0986667	759.6549524
289	1049.2	1035.8	1012.7	992.67	974.38	954.5	933.23	910.12	889.92	870.73	851.06	833.85	816.88	802.18	782.3573333	764.715619
289.1	1053.2	1040.1	1019.5	997.48	980	960.73	940.48	917.51	895.74	876.62	857.67	840.12	822.97	807.23	787.9533333	770.2090476
289.2	1057.7	1044.1	1025.8	1003.3	985.26	966.98	946.88	924.66	901.99	882.44	863.64	845.67	828.52	811.65	792.5086667	774.4678095
289.3	1062.2	1048.4	1031.2	1009.7	989.88	972.63	952.83	931.93	909.24	888.47	869.05	850.77	833.17	815.28	795.5986667	776.9135238
289.4	1066.2	1052.6	1036	1016.1	994.79	978.07	959.24	939	916.41	894.66	874.94	855.99	837.82	819.71	799.2913333	780.063619
289.5	1069.2	1056.5	1040.6	1022.1	1000.6	983.04	965.23	945.17	923.38	901.21	881.25	861.97	843.78	825.51	804.758	785.3031429
289.6	1071.9	1060.5	1045.2	1027.7	1006.9	987.5	970.6	951.39	930.78	907.76	887.31	868.69	850.55	831.95	811.0666667	791.512381
289.7	1075.3	1064.7	1049.3	1032.7	1012.9	992.54	975.88	957.86	937.52	913.76	893.11	875	856.74	838.21	817.1513333	797.5593333
289.8	1078.8	1068.8	1053.4	1037.7	1018.9	998.36	980.5	963.45	943.58	920.1	898.84	880.38	862.17	843.3	822.03	802.2114286
289.9	1080.9	1072.8	1057.5	1042.4	1024.5	1004.3	984.85	968.64	950.24	927.16	904.67	885.78	867.38	847.85	826.162	805.8711429
290	1081	1075.9	1061.4	1046.8	1029.7	1010.3	990.04	973.72	956.45	933.89	910.92	891.73	873.08	853.54	831.6513333	811.1893333
290.1	1081.1	1080.3	1065.3	1051	1035	1016.3	995.72	978.04	961.59	940.41	917.43	897.84	879.75	860.59	838.9446667	818.7569524
290.2	1082.3	1085.6	1069	1055	1039.9	1022	1001.4	982.44	966.78	947.09	923.53	903.71	886.46	867.46	846.0073333	826.055619
290.3	1083.8	1088.9	1072.2	1058.7	1044.4	1027.5	1007.5	987.7	971.44	952.91	929.49	909.3	892.06	873.41	852.146	832.3491429
290.4	1085.8	1091	1075.2	1062.3	1048.7	1033	1013.6	993.17	975.32	958.16	935.94	914.82	897.13	878.78	858.0006667	838.3746667
290.5	1087	1092	1078.4	1065.7	1052.3	1038	1019.4	998.87	979.91	963.52	942.47	920.66	902.63	884.2	863.9286667	844.4135238
290.6	1086.6	1092.9	1081.4	1068.7	1055.8	1042.6	1025.2	1005.1	985.14	968.29	948.94	926.98	908.56	890.64	870.7266667	851.4795238
290.7	1087.1	1094.5	1083.6	1071.8	1059.2	1046.6	1030.9	1011.3	990.38	972.89	955.51	933.19	914.52	897.68	877.9353333	859.051619
290.8	1089.3	1096	1085	1074.8	1062.3	1049.9	1036	1017.3	996.28	978.11	961.47	939.02	920.16	903.7	883.87	865.0357143
290.9	1090.3	1097.7	1086.6	1077.4	1065.2	1053.2	1040.5	1023.4	1002.7	983.41	966.56	944.95	925.45	908.67	888.726	869.7077143
291	1090	1099.2	1088.7	1079.3	1068.2	1056.3	1044.1	1029.1	1008.9	988.66	971.48	951.06	930.86	913.73	893.8146667	874.6812381
291.1	1089.8	1099.9	1090.7	1080.9	1071	1059.2	1047.1	1034.3	1015.2	994.34	976.22	957.34	936.85	919.26	899.43	880.2571429
291.2	1089.3	1100.4	1092.7	1083.1	1073.3	1062.1	1050.2	1038.5	1021.6	1000.1	980.8	963.81	943.06	925.19	905.4106667	886.2632381
291.3	1089.2	1101.7	1094.2	1085.4	1075.2	1064.9	1053.1	1041.7	1027.4	1005.8	985.74	969.92	948.93	931.01	911.2953333	892.1987619
291.4	1089	1102.4	1095.3	1087.7	1077.4	1067.3	1055.9	1044.5	1032.3	1012	990.75	975.02	954.57	936.21	916.628	897.5288571
291.5	1088.3	1102.1	1097.2	1089.8	1080	1069.6	1058.7	1047.3	1036.1	1018.1	995.41	979.54	960.18	941.23	922.0286667	903.0578095
291.6	1087.3	1101.7	1098.9	1091.3	1082.3	1071.9	1061.1	1050	1038.9	1023.6	1000.2	984.01	966.04	946.76	928.2946667	909.7355238
291.7	1085.9	1101.2	1099.3	1092.7	1084.7	1074.5	1063.4	1052.7	1041.5	1028.2	1005.4	988.54	972.39	952.81	935.366	917.4305714
291.8	1084.7	1100.6	1098.9	1094.4	1086.7	1077.2	1065.8	1055.3	1044.1	1031.4	1010.7	993.33	978.63	958.75	942.5753333	925.3630476
291.9	1084	1100.1	1098.6	1095.5	1088.2	1079.7	1068.5	1057.5	1046.7	1034.3	1016.2	998.15	983.87	964.32	949.1326667	932.5258095
292	1082.8	1099.1	1098.2	1095.5	1089.9	1082.1	1071.5	1059.8	1049.3	1037.8	1021.8	1002.5	988.21	969.55	954.8446667	938.6498095
292.1	1081.9	1098	1097.9	1095.2	1091.6	1084.1	1074.3	1062.5	1051.5	1041.3	1026.7	1006.6	992.26	974.79	960.448	944.7117143
292.2	1081.8	1096.9	1097.4	1095	1092.4	1085.9	1076.8	1065.6	1053.6	1044.2	1030.9	1011	996.54	980.88	966.872	951.8297143
292.3	1080.3	1095.7	1096.5	1095	1092.3	1087.8	1079.2	1068.8	1056.2	1046.5	1034.2	1015.8	1001.2	987.18	973.5733333	959.3047619
292.4	1077.5	1095	1095.6	1094.9	1092.1	1089.2	1081.4	1071.6	1059.3	1048.1	1037.1	1020.7	1006	992.63	979.7	966.0985714
292.5	1074.4	1094.2	1094.6	1094.3	1091.9	1089.4	1083.6	1074.2	1062.7	1050.3	1040.2	1025.6	1010.2	997.05	984.6933333	971.4604762
292.6	1071.3	1092.9	1093.8	1093.5	1091.7	1089.2	1085.3	1076.7	1066	1053.4	1043.4	1030.2	1013.8	1000.8	988.8	975.7142857
292.7	1068.9	1091.5	1093.3	1092.6	1091.4	1089.1	1086.2	1079.2	1068.8	1057.1	1046.1	1033.8	1017.3	1004.5	992.6133333	979.6647619
292.8	1065.9	1089.5	1092.5	1091.8	1090.6	1088.9	1086.2	1081.4	1071.5	1060.6	1048	1036.8	1021.4	1009	997.0866667	984.4780952
292.9	1060.8	1086.8	1091.6	1091.4	1090	1088.8	1086.1	1082.8	1074.2	1063.3	1049.6	1039.7	1025.8	1013.8	1001.96	989.8342857
293	1055.1	1084	1090.5	1091	1089.5	1088.4	1086	1083.3	1076.9	1065.6	1051.3	1042.6	1030.2	1018	1006.493333	994.7961905
293.1	1050.5	1080.6	1088.5	1090.3	1089.1	1087.6	1085.8	1083.3	1078.9	1068.3	1053.6	1045.7	1034.3	1021.4	1010.626667	999.272381
293.2	1047.1	1076.6	1086	1089.6	1088.9	1087	1085.6	1083.2	1079.9	1071.4	1056.2	1048.2	1037.5	1024.1	1014.013333	1002.907619
293.3	1045.2	1072.4	1083.3	1088.4	1088.5	1086.5	1085	1083	1080.2	1074.4	1058.9	1049.7	1039.9	1027.4	1017.413333	1006.650476
293.4	1043.1	1067.8	1079.9	1086.4	1088	1086.3	1084.4	1082.9	1080.1	1076	1061.4	1051	1042.6	1031.3	1021.606667	1011.475238
293.5	1040.1	1063.4	1076.3	1084.1	1087.4	1086.2	1084	1082.6	1080	1076.7	1063.7	1052.5	1045.5	1035.1	1025.986667	1016.578095
293.6	1038.1	1059.9	1072.2	1081.3	1086	1086	1083.7	1081.9	1079.8	1076.9	1066	1054.2	1048.4	1038.8	1030.453333	1021.81619
293.7	1037.3	1056.7	1067.5	1078.1	1084.1	1085.6	1083.8	1081.3	1079.7	1077.2	1068.5	1055.9	1050.8	1041.6	1034.053333	1025.987619
293.8	1035.4	1054.2	1063.4	1074.6	1081.9	1084.8	1083.9	1081.1	1079.2	1077.4	1071.1	1057.7	1052.1	1043.3	1036.586667	1028.906667
293.9	1032.2	1052.4	1060.1	1070.2	1079.1	1083.4	1083.8	1081.1	1078.6	1077.4	1073.1	1059.6	1052.8	1045.3	1039.086667	1031.835238
294	1028.8	1050.2	1057.2	1065.7	1076	1081.6	1083.3	1081.5	1078.2	1077.3	1074.2	1061.6	1054	1048.2	1042.333333	1035.690476
294.1	1025.1	1047.6	1055.2	1062	1072.3	1079.5	1082.4	1081.7	1078.2	1076.7	1074.5	1063.9	1055.4	1051	1045.566667	1039.552381
294.2	1021.5	1045.1	1053.2	1059	1067.8	1076.7	1081.2	1081.6	1078.5	1076.2	1074.4	1065.9	1056.6	1053.6	1048.353333	1042.873333
294.3	1017.9	1042.1	1050.7	1056.6	1063.7	1073.5	1079.6	1080.9	1079	1076	1074	1067.9	1057.4	1054.8	1049.893333	1044.667619
294.4	1013	1038.3	1048.3	1054.8	1060.5	1069.5	1077.4	1080	1079.4	1076.2	1073.7	1069.9	1058.3	1054.9	1050.733333	1045.590476
294.5	1007.8	1035.3	1045.9	1052.6	1057.8	1065.1	1074.6	1078.8	1079.2	1076.7	1073.5	1071.4	1059.8	1055.5	1052.22	1047.325714
294.6	1003.8	1032.7	1042.7	1050.1	1055.9	1061.6	1071.1	1077.3	1078.5	1077.4	1073	1072.1	1062	1056.8	1054.406667	1049.960952
294.7	999.64	1028.5	1038.9	1047.9	1054	1058.8	1066.9	1075.1	1077.6	1077.7	1071.9	1072	1063.9	1057.7	1056.053333	1052.030476
294.8	994.49	1023.8	1035.3	1045.3	1051.6	1056.5	1062.9	1072	1076.7	1077	1071	1071.1	1065.3	1057.7	1056.8	1053.085714
294.9	989.35	1019.3	1031.2	1041.7	1049.4	1054.8	1060	1068.3	1075.2	1076.1	1070.5	1070.1	1066.9	1057.6	1057.8	1054.485714
295	983.74	1014.2	1026.9	1038	1047.2	1052.8	1057.5	1064.1	1072.7	1075.5	1070.6	1069.6	1068.6	1058.1	1059.713333	1057.007619
295.1	977.03	1009.1	1022.8	1034.3	1044	1050.5	1055.7	1060.8	1069.5	1074.7	1071.4	1069.3	1069.8	1059.9	1062.62	1060.768571
295.2	970.74	1004	1018.2	1030.3	1040.2	1048.4	1053.9	1058.3	1065.5	1073.1	1071.7	1068	1069.9	1062	1065.286667	1064.406667
295.3	964.58	998.11	1013.3	1026.3	1036.7	1045.8	1051.8	1056.2	1061.7	1070.3	1071.1	1066.5	1068.9	1063.1	1066.753333	1066.701905
295.4	957.76	991.76	1008.7	1022.1	1033	1042.2	1049.6	1054.5	1059.1	1066.7	1069.9	1065.1	1067.1	1064	1067.406667	1068.00381
295.5	952.4	985.65	1003.8	1017.6	1029.1	1038.5	1047.5	1052.7	1056.9	1062.6	1068.8	1064.6	1066	1065.6	1069.033333	1070.447619
295.6	949.61	979.07	997.99	1012.9	1025.3	1035.1	1044.4	1050.6	1055.2	1059.5	1068.1	1065.1	1065.7	1067.2	1071.026667	1073.186667
295.7	947.57	972.54	992.15	1008.5	1021.1	1031.5	1040.5	1048.6	1053.6	1057.4	1066.9	1066.1	1064.7	1067.8	1071.96	1074.591429
295.8	944.67	967.44	986.34	1003.4	1016.6	1027.8	1037	1046.1	1051.7	1055.5	1064.6	1065.4	1062.6	1066.9	1070.926667	1073.729524
295.9	940.7	963.39	980.02	997.72	1012.3	1023.9	1033.6	1042.5	1049.7	1054	1061.2	1063.1	1060.5	1064.7	1068.506667	1071.260952
296	936.17	959.65	974.27	992.19	1007.9	1019.8	1030.1	1038.7	1047.6	1052.4	1057.5	1061.4	1059	1062.6	1066.62	1069.44
296.1	930.97	955.99	969.93	986.46	1002.7	1015.4	1026.5	1035.3	1044.6	1050.5	1054.3	1060.5	1059.1	1062	1067.066667	1070.466667
296.2	924.57	952.09	966.06	980.53	997.16	1011.3	1022.7	1032.1	1040.6	1048.6	1052.1	1059.6	1060.2	1061.3	1068.313333	1072.479048
296.3	917.06	947.6	962.25	975.51	991.89	1006.9	1018.6	1028.6	1037	1046.3	1049.9	1057.8	1059.8	1059.2	1067.606667	1072.160952
296.4	908.99	942.22	958.63	971.2	986.26	1001.6	1014.5	1025.1	1033.9	1042.6	1047.5	1054.6	1056.9	1056.4	1064.9	1069.542857
296.5	901.33	935.85	954.69	967.09	980.9	996.4	1010.5	1021.3	1030.7	1038.5	1045.2	1050.8	1054.1	1053.9	1062.373333	1067.184762
296.6	895.1	928.64	950.03	963.41	976.45	991.31	1005.9	1017.3	1027.3	1035.2	1042.8	1047.5	1052.6	1053.1	1061.673333	1066.984762
296.7	889.6	920.99	944.5	959.79	972.25	985.98	1000.7	1013.5	1023.8	1032.2	1040.7	1045.2	1051.9	1054.2	1062.893333	1069.053333
296.8	884.42	913.71	938.12	955.65	968.29	981.25	995.81	1009.6	1020.1	1029.1	1038.4	1042.9	1050.6	1054.5	1063.366667	1070.252381
296.9	880.45	907.11	931.03	950.77	964.72	977.15	990.87	1004.7	1016.3	1025.7	1035.3	1040	1047.8	1051.7	1060.933333	1068.019048
297	876.95	900.89	923.71	945.1	960.93	973.08	985.97	999.75	1012.7	1022.3	1031.5	1037.1	1044	1047.7	1057.12	1064.14
297.1	872.82	895.44	916.83	938.73	956.51	969.33	981.82	995.19	1008.6	1018.8	1028.1	1034.4	1040.5	1045.3	1054.773333	1062.05619
297.2	868.1	890.89	910.34	931.81	951.42	965.74	977.89	990.48	1003.7	1015.2	1025.1	1031.9	1038.1	1044.4	1054.3	1062.271429
297.3	862.62	886.4	904.27	924.85	945.62	961.7	973.99	986.12	999.09	1011.7	1022.1	1029.3	1036	1043.6	1048.9	1056.05
297.4	856.67	881.73	899.08	918.27	939.1	957.04	970.39	982.41	994.76	1007.4	1018.5	1026.4	1032.9	1041.3	1046.9	1054.35
297.5	851.21	876.82	894.37	911.99	932.28	951.81	966.62	978.61	990.39	1002.6	1014.7	1023.1	1029.4	1037.6	1042	1049.25
297.6	846	871.33	889.57	906.27	925.67	945.87	962.3	974.89	986.62	998.41	1011.1	1019.8	1026.2	1033.7	1038.3	1045.25
297.7	840.49	865.64	884.81	901.26	919.34	939.34	957.48	971.3	983.15	994.32	1007.3	1016.8	1023.3	1031.1	1036.8	1043.95
297.8	834.86	860.18	879.8	896.39	913.32	932.77	952.11	967.26	979.49	990.37	1003.7	1013.7	1020.4	1029.3	1036.2	1044
297.9	829.01	854.69	874.3	891.48	907.97	926.46	946.03	962.71	975.91	987.15	1000	1010.2	1017.3	1026.4	1034.6	1042.7
298	823.92	849.13	868.8	886.65	903.01	920.37	939.61	957.8	972.13	983.81	995.79	1006.4	1014.3	1022.3	1031.2	1039.15
298.1	820.05	843.45	863.41	881.51	897.96	914.7	933.35	952.28	967.81	980.28	991.69	1002.7	1011.3	1018.5	1027.1	1035
298.2	815.44	837.75	858	876.07	893.02	909.55	927.28	946.13	963.16	976.72	987.73	999.01	1008.4	1015.2	1024	1032.095
298.3	809.97	832.67	852.58	870.73	888.11	904.48	921.47	939.94	958.15	972.63	983.56	995.08	1005.3	1012	1022.4	1030.86
298.4	805.29	827.85	847	865.45	882.87	899.34	916.13	933.97	952.45	968.09	979.67	991.19	1001.9	1008.6	1020	1028.705
298.5	801.01	822.48	841.49	860.21	877.55	894.38	911.04	928.14	946.36	963.44	976.05	987.16	998.03	1005.5	1015.6	1024.77
298.6	797.31	817.27	836.37	854.9	872.35	889.37	905.83	922.66	940.45	958.29	972.24	983.08	994.28	1002.8	1011.1	1020.96
298.7	793.85	812.49	831.06	849.45	867.24	884.15	900.64	917.54	934.71	952.44	968.06	979.08	990.68	1000.2	1007.4	1017.96
298.8	789.05	807.9	825.57	844.07	862.14	879.01	895.64	912.39	929.17	946.58	963.49	974.84	986.62	997.25	1003.9	1015.105
298.9	783.75	803.86	820.54	838.72	856.93	873.98	890.54	907.04	924.01	940.97	958.65	970.61	982.39	993.8	1000.1	1011.695
299	779.1	799.64	815.61	833.15	851.61	869.04	885.39	901.84	918.95	935.43	953.77	966.64	978.33	989.91	996.53	1008.165
299.1	774.75	794.74	811	827.77	846.19	864.05	880.39	896.78	913.66	930.24	948.93	962.71	974.36	986.03	993.96	1005.62
299.2	770.16	789.93	806.82	822.7	840.58	858.96	875.55	891.66	908.22	925.3	943.86	958.5	970.4	982.49	991.75	1003.745
299.3	765.62	785.32	802.25	817.69	834.95	853.68	870.74	886.66	902.98	920.18	938.51	953.84	966.14	978.59	989.11	1001.485
299.4	761.02	780.63	797.5	813.16	829.63	848.08	865.85	881.87	897.88	914.73	932.94	949.02	961.72	974.06	985.76	998.28
299.5	756.61	775.95	792.9	808.78	824.43	842.3	860.89	877.22	892.86	909.22	927.11	944.24	957.38	969.68	981.84	994.56
299.6	753.21	771.37	788.23	804.12	819.49	836.69	855.5	872.49	888.05	903.96	921.5	939.44	953.2	965.77	977.78	990.945
299.7	750.07	766.81	783.48	799.56	814.99	831.31	849.68	867.76	883.47	898.86	916.55	934.48	948.98	961.93	974.17	987.895
299.8	747.05	762.74	778.9	794.99	810.41	826.04	843.85	862.83	878.94	894.02	912.12	929.22	944.22	957.72	970.61	984.86
299.9	744.4	759.18	774.37	790.28	805.86	821.23	838.21	857.2	874.31	889.47	907.51	923.85	939.28	953.21	966.01	980.69
300	741.33	755.66	770.02	785.62	801.4	816.64	832.71	851.23	869.76	885.1	902.18	918.45	934.56	948.61	961.14	976.22
300.1	737.55	752.49	766.25	781.13	796.79	812.02	827.56	845.38	864.67	880.58	896.39	913.03	929.85	944.08	957.04	972.565
300.2	733.64	749.42	762.56	776.7	792.13	807.61	822.82	839.63	858.78	876.13	891.13	907.92	924.98	939.74	953.39	969.3
300.3	729.92	745.86	758.96	772.68	787.61	803.14	818.1	834.1	852.74	871.72	887.02	903.27	919.81	935	949.34	965.205
300.4	726.28	741.98	755.75	769.02	783.17	798.53	813.59	829.12	846.77	866.3	883.07	898.69	914.52	929.83	944.77	960.34
300.5	723.52	738.11	752.31	765.22	778.95	793.98	809.24	824.32	840.88	860.23	878.27	893.72	909.39	925.02	940.09	955.74
300.6	721.57	734.19	748.46	761.67	775.25	789.56	804.74	819.58	835.51	854.14	872.27	888.3	904.33	920.45	935.16	951.235
300.7	719.13	730.58	744.56	758.29	771.51	785.2	800.24	815.23	830.63	847.9	865.98	882.91	899.3	915.68	930.55	946.935
300.8	716.45	727.86	740.59	754.49	767.68	781.29	795.81	810.85	825.71	842.01	861.16	878.23	894.45	910.61	925.93	942.12
300.9	713.8	725.38	736.54	750.52	764.18	777.74	791.42	806.39	821.1	836.96	857.53	874.11	889.76	905.33	920.54	936.15
301	710.89	722.66	733.13	746.56	760.47	773.85	787.26	802.03	816.8	832.04	853.14	869.66	884.95	900.27	915.42	930.725
301.1	708.1	720	730.42	742.41	756.41	770.08	783.69	797.67	812.41	827.05	847.22	864.44	879.9	895.57	910.97	926.535
301.2	705.58	717.16	727.64	738.41	752.42	766.46	780.05	793.32	808.1	822.62	840.58	858.69	874.67	890.84	906.34	922.415
301.3	702.67	714.2	724.89	735.22	748.31	762.4	776.12	789.49	803.84	818.27	834.58	853.58	869.65	885.95	901.38	917.565
301.4	699.27	711.52	722.18	732.37	744	758.23	772.41	786.11	799.48	813.98	830.4	849.66	865.19	881.12	896.13	911.86
301.5	696.02	708.82	719.17	729.48	740.22	754.19	768.47	782.29	795.31	809.9	826.84	845.62	860.77	876.28	890.98	906.31
301.6	692.59	705.73	716.29	726.77	737.12	749.87	764.16	778.4	791.85	805.65	821.95	840.54	856.02	871.44	886.47	901.92
301.7	688.92	702.52	713.67	723.88	734.08	745.56	759.99	774.61	788.43	801.25	816.24	834.64	850.94	866.55	882.17	898.125
301.8	686.16	699.27	710.79	720.81	731.23	742	755.78	770.29	784.5	797.43	811.13	828.67	845.96	861.5	877.5	893.915
301.9	684.16	695.72	707.7	718.08	728.48	738.84	751.26	765.85	780.68	794.26	807.29	823.77	841.77	856.67	872.56	889.01
302	682.07	692.42	704.61	715.39	725.38	735.72	747.14	761.68	776.58	790.61	804.22	819.94	837.83	852.05	867.6	883.655
302.1	680.2	689.83	701.26	712.42	722.42	732.94	743.7	757.22	771.96	786.71	801.09	815.55	833.26	847.43	862.74	878.68
302.2	678.44	687.46	697.79	709.43	719.77	730.02	740.39	752.64	767.54	782.85	797.12	810.31	828.09	842.87	858.17	874.45
302.3	676.63	685.16	694.82	706.32	716.93	726.83	737.36	748.77	763.24	778.28	792.29	805.26	822.63	838.37	853.39	869.945
302.4	675.53	683.13	692.23	702.91	714	724.04	734.56	745.28	758.53	773.52	787.9	800.99	817.4	834.14	848.34	864.915
302.5	675.16	681.16	689.66	699.7	711.11	721.36	731.41	741.9	754.09	769.18	784.08	797.59	813.07	830.17	843.45	859.74
302.6	674.01	679.48	687.31	696.9	707.87	718.43	728.32	739	750.36	764.6	780.23	794.54	808.84	825.82	838.66	854.3
302.7	671.95	678.54	685.17	694.18	704.56	715.64	725.65	736.06	746.74	759.75	776.38	791.06	803.99	821.16	834.3	849.35
302.8	670.26	677.7	683.15	691.54	701.62	712.7	722.81	732.76	743.46	755.61	772.26	786.85	799.18	816.41	830.37	845.15
302.9	668.68	676.09	681.67	689.14	698.79	709.39	719.97	729.88	740.61	751.83	767.45	782.61	794.8	811.39	826.46	840.85
303	666.95	674.25	680.75	686.9	695.96	706.33	717.28	727.2	737.42	748.11	762.73	778.81	791.04	806.63	822.5	836.41
303.1	665.71	672.65	679.51	684.99	693.29	703.5	714.19	724.25	734.18	745.05	758.8	775.11	787.81	802.23	818.21	831.77
303.2	664.48	670.88	677.7	683.68	690.81	700.54	710.99	721.6	731.47	742.08	755.12	771.43	784.6	797.57	813.76	826.83
303.3	662.42	669.17	676.04	682.6	688.57	697.66	708.16	718.88	728.63	738.68	751.61	767.66	780.96	793.02	809.62	822.3
303.4	660.51	667.83	674.36	681.05	686.83	694.94	705.24	715.66	725.77	735.69	748.19	763.34	777.05	788.81	805.26	817.995
303.5	659.05	666.13	672.43	679.25	685.58	692.39	702.19	712.73	723.28	733	744.21	758.73	773.36	784.82	800.42	813.465
303.6	656.52	664.03	670.77	677.63	684.24	690.25	699.29	709.99	720.37	729.98	740.21	754.54	769.78	781.27	795.7	809.065
303.7	653.59	662.33	669.26	675.79	682.5	688.65	696.47	706.87	717.24	727.39	737.32	750.81	766.23	778.09	790.96	804.6
303.8	651.38	660.46	667.23	673.8	680.81	687.33	693.94	703.81	714.57	724.92	734.82	747.31	762.69	774.82	786.52	800.275
303.9	649.22	657.84	665.2	672.15	679.11	685.75	691.96	700.84	711.68	721.79	732.15	744.03	758.85	771.36	782.66	796.325
304	647.34	655.42	663.52	670.37	677.07	683.98	690.41	697.94	708.45	718.98	729.63	740.45	754.57	767.94	778.71	792.455
304.1	646.4	653.36	661.34	668.17	675.11	682.32	688.92	695.53	705.38	716.4	726.57	736.54	750.27	764.49	774.85	788.825
304.2	645.46	651.24	658.84	666.25	673.38	680.45	687.21	693.67	702.28	713.2	723.27	733.33	746.42	761.04	771.49	785.345
304.3	644.16	649.64	656.8	664.42	671.29	678.29	685.48	692.08	699.4	709.99	720.89	730.86	742.88	757.66	768.34	781.74
304.4	643.96	648.65	654.8	662.11	669.09	676.35	683.75	690.43	697.15	706.87	718.55	728.49	739.63	754.18	765.29	778.135
304.5	644.21	647.41	652.79	659.91	667.23	674.44	681.67	688.67	695.33	703.61	715.51	726.2	736.39	750.34	762.28	774.35
304.6	644.13	646.35	651.47	658.08	665.19	672.14	679.48	686.96	693.64	700.87	712.22	723.51	732.74	746.18	759.08	770.415
304.7	644.53	646.09	650.4	656.11	662.97	670	677.51	685.07	691.9	698.75	708.69	720.28	729.32	742.17	755.7	766.645
304.8	644.48	645.81	649.02	654.31	661.09	668.1	675.34	682.82	690.15	696.88	705.65	717.55	726.72	738.56	752.44	762.945
304.9	643.13	645.61	648.16	653.16	659.34	665.98	672.97	680.63	688.37	695.11	703.59	715.34	724.52	735.28	749.19	759.16
305	641.64	645.69	647.69	651.95	657.41	663.97	670.89	678.54	686.29	693.36	701.72	712.83	722.46	732.23	745.76	755.46
305.1	640.88	645.06	647.06	650.59	655.88	662.33	668.89	676.14	683.94	691.6	699.49	709.93	720.2	728.92	741.99	751.485
305.2	639.79	643.71	646.78	649.75	654.78	660.61	666.85	673.79	681.72	689.67	696.99	706.57	717.23	725.48	737.93	747.385
305.3	638.13	642.68	646.5	648.96	653.4	658.77	665.12	671.72	679.43	687.38	694.6	703.21	714.24	722.67	734.18	743.91
305.4	636.2	641.92	645.48	648.16	652.11	657.47	663.61	669.69	676.92	684.99	692.66	700.76	711.92	720.46	730.85	740.7
305.5	633.65	640.71	644.26	647.73	651.13	656.32	661.88	667.86	674.61	682.71	690.83	698.97	709.77	718.61	727.85	737.67
305.6	631.49	639.2	643.53	647.07	650.04	654.82	660.23	666.36	672.51	680.2	688.57	697.07	707.32	716.74	724.85	734.685
305.7	630.58	637.27	642.69	645.89	649.15	653.53	659.08	664.91	670.6	677.65	686.16	694.8	704.34	714.16	721.59	731.27
305.8	630.49	634.99	641.47	644.92	648.49	652.3	657.76	663.17	669	675.37	683.88	692.34	700.88	711.15	718.6	728.005
305.9	630.5	633.3	640.07	644.3	647.51	650.98	656.2	661.75	667.67	673.32	681.54	690.14	697.97	708.58	716.26	725.48
306	630.53	632.49	638.14	643.39	646.38	649.98	654.78	660.64	666.22	671.61	679.2	688.24	696.01	706.51	714.49	723.625
306.1	630.68	632.1	636.14	642.29	645.67	649.08	653.26	659.12	664.56	670.22	676.92	686.23	694.37	704.5	712.97	722.105
306.2	630.29	631.83	634.75	640.91	645.03	647.95	651.81	657.48	663.34	669.02	675.03	684.07	692.45	702.03	710.86	719.84
306.3	629.24	631.74	633.92	639.04	644.16	646.98	650.65	655.84	662.11	667.51	673.6	681.94	690.08	698.75	708.05	716.455
306.4	628.2	631.6	633.35	637.31	643.18	646.44	649.55	654.09	660.41	666.01	672.31	679.79	687.7	695.47	705.29	713.13
306.5	627.33	630.95	632.93	636.05	641.77	645.79	648.43	652.49	658.63	664.93	670.82	677.52	685.63	693.12	703.05	710.85
306.6	626.46	630.01	632.72	635.15	640.04	645.03	647.69	651.19	656.73	663.46	668.77	675.21	683.69	691.53	701.33	709.49
306.7	625.33	629.14	632.33	634.43	638.49	644.12	647.21	649.99	654.79	661.58	667.18	673.28	681.73	689.98	699.42	707.77
306.8	624.31	628.28	631.55	633.92	637.24	642.71	646.61	648.99	653.05	659.59	666.25	671.98	679.81	687.9	696.56	704.52
306.9	623.91	627.27	630.73	633.55	636.23	641.12	646.01	648.46	651.66	657.46	664.9	670.89	677.86	685.46	693.13	700.415
307	623.95	626.12	629.91	632.95	635.39	639.63	645.09	648	650.47	655.31	662.9	669.54	675.74	683.18	690.32	697.14
307.1	624.19	625.31	629	632.18	634.8	638.32	643.73	647.55	649.66	653.48	660.45	667.64	673.44	681.15	688.51	695.265
307.2	624	625	627.87	631.44	634.26	637.19	642.22	647.05	649.26	652.08	658.19	665.8	671.37	679.29	687.21	693.955
307.3	623.26	624.94	626.78	630.62	633.56	636.27	640.69	646.11	648.89	650.98	656.38	664.75	670.09	677.59	685.58	692
307.4	622.32	624.86	626.18	629.6	632.88	635.58	639.29	644.81	648.61	650.39	655.07	663.84	669.27	675.86	683.25	689.26
307.5	621.37	624.44	625.88	628.41	632.15	634.9	638.06	643.27	648.14	650.09	653.87	662.2	668.16	673.94	680.81	686.68
307.6	620.88	623.72	625.67	627.49	631.27	634.22	637.06	641.65	647.22	649.88	652.74	659.92	666.45	671.73	678.61	684.515
307.7	620.53	622.88	625.37	627.01	630.14	633.6	636.26	640.16	645.9	649.75	651.98	657.6	664.45	669.51	676.71	682.665
307.8	619.71	622.15	624.84	626.63	628.98	632.84	635.54	638.83	644.25	649.27	651.34	655.74	663.14	668.09	675.15	681.325
307.9	618.75	621.7	624.15	626.25	628.25	631.86	634.93	637.75	642.53	648.36	650.98	654.4	662.46	667.47	673.66	680.195
308	618.43	621.12	623.4	625.81	627.77	630.65	634.31	636.88	640.94	646.92	650.63	653.28	661.32	666.73	671.99	678.715
308.1	618.57	620.25	622.81	625.25	627.24	629.62	633.48	636.2	639.51	645.12	649.93	652.07	659.28	665.27	669.98	676.58
308.2	618.69	619.59	622.31	624.61	626.74	629.03	632.39	635.67	638.37	643.32	648.76	650.97	656.94	663.26	667.68	673.825
308.3	618.62	619.46	621.59	623.96	626.24	628.42	631.18	635	637.51	641.6	647.05	650.06	655.01	661.64	665.97	671.76
308.4	617.72	619.52	620.8	623.41	625.69	627.74	630.33	634.08	636.93	640.09	645.26	649.36	653.61	660.92	665.41	671.19
308.5	616.34	619.51	620.4	622.8	625.11	627.18	629.73	632.88	636.41	638.94	643.8	648.9	652.57	660.26	665.06	670.74
308.6	615.58	619.14	620.36	622.05	624.53	626.68	628.95	631.76	635.66	638.17	642.55	648.4	651.44	658.63	663.99	669.105
308.7	615.3	618.07	620.32	621.44	623.95	626.18	628.18	631.07	634.62	637.68	641.42	647.57	650.15	656.34	662.11	666.495
308.8	614.58	616.97	620.19	621.23	623.26	625.65	627.63	630.33	633.39	637.1	640.4	646.2	648.96	654.3	660.21	664.26
308.9	613.45	616.44	619.55	621.18	622.58	625.09	627.16	629.35	632.43	636.26	639.64	644.54	647.94	652.83	659.23	663.375
309	612.7	615.97	618.41	621.05	622.17	624.43	626.7	628.6	631.76	635.12	639.03	643.16	647.22	651.82	658.88	663.21
309.1	612.42	615.06	617.58	620.75	622.06	623.75	626.21	628.09	630.79	633.93	638.16	642.12	646.72	650.85	657.84	662.205
309.2	612.88	614.08	617.11	619.89	621.93	623.2	625.6	627.66	629.73	633.13	636.94	641.19	646.16	649.55	655.7	659.88
309.3	614.16	613.44	616.45	618.84	621.72	622.96	624.9	627.26	629.05	632.31	635.52	640.2	645.15	648.11	653.55	657.505
309.4	614.98	613.25	615.49	618.2	621.21	622.85	624.3	626.75	628.58	631.1	634.49	639.2	643.68	646.8	651.97	655.77
309.5	614.68	613.85	614.64	617.67	620.22	622.62	623.91	626.06	628.21	630.1	634.03	638.34	642.32	645.76	650.94	654.65
309.6	614.18	614.82	614.05	616.88	619.36	622.32	623.75	625.4	627.84	629.52	633.16	637.54	641.42	645.08	650.15	653.92
309.7	613.76	615.12	613.99	615.95	618.79	621.61	623.58	624.92	627.25	629.08	631.7	636.53	640.75	644.65	648.99	653.05
309.8	613.32	614.77	614.66	615.16	618.15	620.62	623.28	624.66	626.53	628.79	630.63	635.31	639.94	643.98	647.43	651.765
309.9	612.98	614.34	615.31	614.63	617.32	619.92	622.84	624.53	625.97	628.39	630.22	634.25	638.89	642.76	645.85	650.105
310	612.14	613.9	615.27	614.72	616.43	619.32	621.98	624.24	625.62	627.69	630.16	633.65	637.77	641.42	644.49	648.375
310.1	610.34	613.57	614.89	615.32	615.64	618.61	621.11	623.89	625.43	627.03	629.94	632.98	636.84	640.56	643.5	647.29
310.2	608.88	613.23	614.43	615.63	615.21	617.77	620.47	623.29	625.25	626.6	629.11	631.84	635.98	640.1	643.01	647.14
310.3	608.84	612.21	614.03	615.42	615.41	616.89	619.81	622.37	624.88	626.34	628.04	630.76	634.96	639.59	642.62	647.035
310.4	609.3	610.63	613.81	614.98	615.81	616.12	619.08	621.64	624.45	626.19	627.46	630.16	633.94	638.69	641.71	645.975
310.5	609.69	609.74	613.44	614.51	615.88	615.8	618.22	620.98	623.7	625.89	627.36	629.91	633.26	637.43	640.46	644.22
310.6	609.51	609.8	612.3	614.21	615.55	615.99	617.31	620.29	622.84	625.48	627.32	629.61	632.67	636.23	639.52	642.83
310.7	608.69	610.12	610.98	614.09	615.04	616.19	616.59	619.56	622.17	624.95	627.06	628.87	631.75	635.37	639.18	642.43
310.8	608.31	610.29	610.5	613.63	614.61	616.08	616.36	618.64	621.46	624.1	626.34	627.83	630.78	634.53	639.01	642.36
310.9	608.74	609.84	610.59	612.47	614.46	615.62	616.45	617.7	620.8	623.35	625.7	627.11	630.14	633.62	638.42	641.675
311	609.06	609.11	610.84	611.48	614.41	615.09	616.49	617.05	620.02	622.65	625.09	626.85	629.75	632.95	637.21	640.26
311.1	609.23	608.97	610.81	611.22	613.83	614.79	616.23	616.83	619.02	621.94	624.4	626.72	629.35	632.36	635.75	638.57
311.2	609.57	609.26	610.14	611.31	612.76	614.79	615.66	616.81	618.08	621.31	623.89	626.47	628.61	631.54	634.7	637.235
311.3	609.22	609.42	609.52	611.49	612.07	614.77	615.18	616.74	617.49	620.42	623.24	625.95	627.58	630.69	633.98	636.35
311.4	608.77	609.63	609.52	611.21	611.91	614.09	615.05	616.3	617.22	619.35	622.68	625.38	626.78	630.12	633.22	635.59
311.5	608.7	609.66	609.67	610.43	612.02	613.16	615.2	615.68	617.12	618.46	622.03	624.84	626.41	629.71	632.59	635.025
311.6	608.24	609.25	609.76	609.96	612.08	612.69	615.12	615.35	616.92	617.86	620.98	624.22	626.18	629.24	632.05	634.56
311.7	608.03	609.08	609.93	609.98	611.52	612.57	614.41	615.39	616.31	617.52	619.83	623.69	625.87	628.46	631.24	633.625
311.8	608.25	608.93	609.69	610.03	610.73	612.7	613.66	615.67	615.75	617.4	618.98	623.12	625.43	627.38	630.45	632.58
311.9	607.79	608.51	609.38	610.1	610.4	612.55	613.3	615.51	615.6	617	618.47	622.51	624.95	626.49	629.98	631.97
312	606.75	608.46	609.4	610.09	610.37	611.77	613.25	614.79	615.85	616.29	618.27	621.96	624.52	626.06	629.65	631.7
312.1	606.18	608.39	609.11	609.74	610.36	611.05	613.33	614.2	616.18	615.9	618.13	621.15	623.97	625.78	629.2	631.515
312.2	606.03	607.71	608.79	609.65	610.38	610.79	612.9	613.9	615.91	615.95	617.33	620.17	623.42	625.37	628.39	630.99
312.3	606.03	606.94	608.75	609.67	610.15	610.71	612.02	613.93	615.24	616.4	616.43	619.37	622.95	624.89	627.21	629.97
312.4	606.6	606.55	608.42	609.3	609.88	610.66	611.39	613.86	614.75	616.7	616.18	618.76	622.32	624.46	626.2	629.05
312.5	606.82	606.32	607.72	609.07	609.99	610.55	611.14	613.15	614.54	616.33	616.59	618.39	621.78	624.16	625.71	628.595
312.6	606.22	606.45	607.17	608.91	609.87	610.2	611.03	612.26	614.58	615.74	617.39	618.2	621.15	623.71	625.42	628.175
312.7	605.47	606.85	606.8	608.42	609.52	610.14	610.91	611.71	614.27	615.3	617.44	617.65	620.34	623.17	624.97	627.73
312.8	604.77	606.73	606.57	607.84	609.3	610.32	610.62	611.46	613.36	615.18	616.52	616.75	619.66	622.75	624.37	627.37
312.9	604.54	606.13	606.8	607.39	608.97	610.06	610.34	611.3	612.5	615.15	615.63	616.19	619.08	622.17	623.88	626.87
313	604.5	605.49	606.98	606.99	608.5	609.74	610.51	611.06	612	614.54	615.32	616.18	618.57	621.61	623.67	626.385
313.1	604.06	605.07	606.63	606.84	608.03	609.44	610.58	610.66	611.75	613.54	615.69	616.64	618.25	621.09	623.39	625.615
313.2	603.5	605.02	606.09	607.05	607.56	609.04	610.26	610.61	611.51	612.74	615.81	617	617.86	620.41	622.9	624.605
313.3	603.25	604.87	605.58	606.99	607.15	608.66	609.92	610.89	611.12	612.27	614.89	616.57	617.06	619.85	622.47	624.11
313.4	603.61	604.43	605.42	606.57	607.12	608.22	609.52	610.78	610.79	612	613.6	615.75	616.33	619.41	622	623.83
313.5	604.22	604.03	605.46	606.1	607.2	607.69	609.18	610.45	610.98	611.63	612.81	615.26	616.02	618.86	621.41	623.21
